# c_kinat vs. Position.Y (2660 data points):
# Position.Y c_kinat
1.3390885 1.135377e-09 
2.6963368 4.908772e-10 
2.696625 2.470871e-10 
4.0539969 4.526019e-10 
5.4115686 1.781093e-10 
4.0543088 3.50163e-10 
5.4118961 4.396784e-10 
6.7692308 2.792682e-10 
8.1265525 1.334499e-09 
9.4842069 1.867362e-09 
8.1268036 7.125694e-10 
9.4844919 4.880798e-10 
10.8417736 2.564941e-09 
10.8421099 5.43068e-10 
13.5567717 2.468511e-09 
12.1994468 1.248e-09 
13.557054 2.901474e-10 
14.9144528 2.515497e-09 
14.9147851 7.124021e-10 
16.2720549 6.406592e-10 
17.6297889 2.156976e-11 
16.27246 2.322376e-09 
20.3447761 6.080689e-09 
18.9870264 7.082007e-09 
18.9874559 7.174238e-10 
20.3452194 1.92396e-09 
21.7024347 4.561502e-09 
21.7029182 3.261267e-09 
24.4173935 8.506146e-09 
23.0602102 2.45602e-09 
24.4179108 2.120462e-09 
25.7751644 8.223885e-09 
25.7756929 1.189122e-09 
27.1328563 9.763736e-09 
28.4906472 7.360781e-09 
27.1334096 4.984235e-10 
29.8478794 7.461422e-09 
29.8483858 4.2608e-09 
31.2056514 6.262578e-09 
32.563382 5.571054e-09 
31.2062083 2.291335e-09 
32.5639607 7.681667e-10 
33.9212026 3.660487e-09 
36.636321 2.177354e-09 
35.2785203 3.542769e-09 
35.2789758 1.461409e-09 
36.6368216 6.34609e-10 
37.9940741 9.972527e-10 
37.9945898 1.996959e-10 
40.7092651 1.15295e-09 
39.3519124 7.107398e-10 
40.7096871 3.097305e-10 
42.067091 1.641381e-09 
42.0675383 3.85428e-10 
43.4248501 9.55513e-10 
44.7827101 5.872122e-10 
43.4253219 4.113605e-10 
46.1400376 2.044186e-09 
46.1404984 2.587617e-10 
47.4979052 1.410112e-09 
48.8557053 1.29094e-09 
47.4983662 3.526068e-10 
48.8561583 3.942303e-10 
50.2135919 3.935503e-10 
52.928839 1.124744e-09 
51.5709351 1.984125e-09 
51.5713842 8.865303e-10 
52.9292385 1.480117e-09 
54.2866507 5.987852e-10 
54.2870191 6.987632e-10 
57.0019497 7.84256e-10 
55.6445086 2.002969e-09 
57.0022812 2.24702e-09 
58.3598206 2.724641e-09 
58.3601298 2.854294e-10 
59.7176003 4.09719e-09 
61.0754431 2.39482e-09 
59.7179554 1.535943e-09 
62.4329377 6.8325e-09 
62.4332586 8.698214e-10 
63.7907972 5.833967e-09 
65.1486107 2.063563e-09 
63.7911564 3.200751e-09 
65.149045 6.852067e-09 
66.5065078 8.090103e-10 
69.2218981 2.777261e-09 
67.8639876 4.904186e-09 
67.8643817 1.888727e-09 
69.2223032 1.496941e-09 
70.5797584 1.539113e-09 
70.5801812 1.564647e-09 
73.2951775 3.387538e-09 
71.9376814 1.583362e-09 
73.2955428 9.452787e-10 
74.6530938 5.203087e-09 
74.6534593 1.122273e-09 
76.0109405 5.526202e-09 
77.3688584 4.336732e-09 
76.0113162 7.713139e-10 
78.7263761 4.173343e-09 
78.726713 3.089675e-09 
80.0842842 2.248432e-09 
81.4421494 1.180957e-09 
80.0846434 1.417367e-09 
81.4425063 1.262652e-09 
82.800081 2.475207e-10 
85.5155211 2.143542e-09 
84.1575867 9.085152e-10 
84.1579587 9.555468e-10 
85.5158737 2.271565e-09 
86.873419 2.232258e-09 
86.8737299 3.208313e-09 
89.58882 4.381761e-09 
88.2313269 4.606593e-09 
89.5891954 4.343875e-09 
90.9467336 3.529186e-09 
90.9470791 2.539341e-09 
92.3046039 3.527102e-09 
93.6624796 2.945218e-09 
92.3049411 1.526763e-09 
95.0199845 4.371723e-10 
95.0203465 1.921985e-09 
96.3778709 1.200117e-09 
97.7357339 2.512757e-09 
96.3782557 1.470832e-09 
97.7361466 1.807368e-09 
99.0936467 3.925671e-09 
101.8090886 4.802269e-09 
100.4511666 1.95739e-09 
100.4515427 5.986841e-09 
101.8094833 4.383652e-09 
103.166983 8.177194e-09 
103.1673727 1.550875e-09 
105.8824164 1.880463e-09 
104.5249267 8.221773e-09 
105.8828128 5.52293e-09 
107.2403554 2.94606e-09 
107.2407294 3.216597e-09 
1.3389453 5.870472e-10 
1.339247 7.609405e-10 
2.6964738 3.130102e-10 
2.6967989 1.971236e-10 
5.4114388 6.24178e-10 
4.0541424 1.048416e-10 
5.4117155 2.164359e-10 
6.7690983 6.707173e-10 
6.7693963 7.123541e-10 
8.1266682 1.353915e-09 
9.48433 1.034934e-09 
8.1269931 7.514903e-10 
10.8416651 2.107722e-09 
10.8419141 6.392211e-10 
12.1993247 2.517047e-09 
13.5569043 1.577152e-09 
12.1996223 7.982207e-11 
13.5572679 7.001536e-10 
14.9146063 4.351786e-10 
16.2718868 3.866499e-09 
17.6296042 3.614686e-09 
16.2722442 3.565238e-10 
17.6299968 1.672552e-09 
18.987238 2.040663e-09 
20.3450007 6.713493e-10 
18.9876863 3.253164e-09 
21.7021907 9.334441e-09 
21.7026871 9.713873e-10 
23.0599604 8.18402e-09 
24.4176382 8.345957e-09 
23.0604602 1.233844e-09 
24.4181638 1.537077e-09 
25.7754231 6.146652e-09 
27.1326155 7.543902e-09 
28.490385 7.575205e-09 
27.1331402 4.322406e-09 
28.490943 2.116822e-09 
29.8480954 9.127381e-09 
29.8486767 4.960554e-10 
32.5631785 5.856106e-09 
31.2059016 6.791303e-09 
32.5636608 3.475936e-09 
33.9209632 3.8905e-09 
33.9215008 1.949867e-09 
35.2787095 2.759696e-09 
36.6365411 1.582288e-09 
35.2792623 4.941565e-10 
37.9938886 1.568895e-09 
37.994316 5.99601e-10 
39.3517013 1.445102e-09 
40.709455 8.136617e-10 
39.3521637 3.334578e-10 
40.7099367 2.959577e-10 
42.0672999 8.693543e-10 
43.4246453 1.966428e-09 
44.7824862 1.751909e-09 
43.4250777 3.440141e-10 
44.7829381 3.945756e-10 
46.1402626 1.242398e-09 
46.1407287 4.436046e-10 
48.8554647 1.60583e-09 
47.4981391 3.769612e-10 
48.8559341 3.776693e-10 
50.2133558 1.40575e-09 
50.2138 6.39195e-10 
51.571171 7.193264e-10 
52.9290491 6.017863e-10 
51.5715839 6.219816e-10 
54.2864398 1.463759e-09 
54.2868287 1.913106e-09 
55.6443331 6.630253e-10 
57.0021264 2.435279e-09 
55.6446733 1.361518e-09 
57.0024668 1.023673e-10 
58.3599677 3.422178e-09 
59.7174482 3.197308e-09 
61.0753034 5.907432e-09 
59.717751 1.252692e-09 
61.0756213 7.702784e-10 
62.4330889 3.847422e-09 
62.4334842 5.166925e-09 
65.1484423 7.529748e-09 
65.148807 1.988889e-09 
63.7909564 1.181401e-09 
66.5063278 4.072979e-09 
66.5067236 3.522907e-09 
67.8641716 1.575534e-09 
69.2220904 8.632029e-10 
67.8646147 4.522596e-09 
70.5795715 3.618962e-09 
70.5799645 5.677374e-10 
71.9374939 3.580482e-09 
73.2953508 3.192593e-09 
71.9378814 3.550275e-10 
73.295745 5.15298e-10 
74.6532689 3.601251e-09 
76.0107803 4.981642e-09 
77.3686866 5.571887e-09 
76.0111217 2.433695e-09 
77.3690441 1.558383e-09 
78.7265353 4.499662e-09 
78.7269048 1.075848e-09 
81.4419733 1.660448e-09 
80.0844598 1.442921e-09 
81.4423292 1.256625e-09 
82.7998953 1.046531e-10 
82.8002584 1.05828e-09 
84.1577846 1.978529e-10 
85.515712 2.068563e-09 
84.1581202 1.859275e-09 
86.8732071 3.77645e-09 
86.8735901 2.575966e-09 
88.2311402 4.072602e-09 
89.5890298 3.472309e-09 
88.2314857 3.126157e-09 
89.5893393 3.115007e-09 
90.9469159 3.895643e-09 
92.3044114 2.131227e-09 
93.6623048 1.694487e-09 
92.3047765 2.692385e-09 
93.6626659 7.046354e-10 
95.0201617 1.84148e-09 
95.0205407 6.820815e-10 
97.7355678 1.187449e-09 
96.3780489 1.391386e-09 
97.735928 2.631121e-09 
99.0934665 2.654495e-09 
99.0938589 2.946816e-09 
100.4513442 5.959607e-09 
101.8092794 7.76746e-09 
100.4517537 2.094828e-09 
103.1667945 2.325402e-09 
103.1671763 7.407943e-09 
104.5247316 5.23603e-09 
105.882626 6.134837e-09 
104.5251104 4.498034e-09 
105.8829843 1.575999e-09 
107.2405582 4.893537e-09 
2.6963372 3.615649e-10 
2.696623 1.917984e-10 
5.4115684 1.593322e-10 
5.4118951 4.011382e-10 
8.1265527 1.459287e-09 
8.1268069 6.417694e-10 
10.8417793 2.299289e-09 
10.8421145 5.915315e-10 
13.5567725 2.320291e-09 
13.5570632 2.201603e-10 
16.2720616 7.367988e-10 
16.2724667 1.786531e-09 
18.9870221 7.347818e-09 
18.9874647 5.107126e-10 
21.702436 5.545643e-09 
21.7029266 2.778162e-09 
24.4173854 8.590219e-09 
24.4179172 2.708798e-09 
27.1328546 1.073533e-08 
27.1334177 3.774046e-10 
29.8478741 6.693047e-09 
29.8483882 5.255397e-09 
32.5633798 5.95247e-09 
32.5639623 6.683143e-10 
35.2785178 3.090613e-09 
35.2789736 1.958106e-09 
37.9940714 1.140073e-09 
37.9945865 2.80354e-10 
40.7092631 1.290339e-09 
40.7096836 5.040287e-10 
43.424847 1.195755e-09 
43.4253177 3.83952e-10 
46.1400361 2.035075e-09 
46.1404945 2.519507e-10 
48.8557023 1.083506e-09 
48.8561532 4.080377e-10 
51.5709346 1.786022e-09 
51.5713801 6.998917e-10 
54.2866495 6.109963e-10 
54.287015 5.393655e-10 
57.00195 8.502327e-10 
57.00228 2.434417e-09 
59.717602 4.426763e-09 
59.7179532 1.520351e-09 
62.4329379 7.282336e-09 
62.4332603 8.371062e-10 
65.1486135 2.506187e-09 
65.1490431 6.543415e-09 
67.8639875 5.564217e-09 
67.8643837 1.962228e-09 
70.5797603 1.87271e-09 
70.5801803 1.699742e-09 
73.2951766 3.978119e-09 
73.2955443 7.676389e-10 
76.0109399 5.005917e-09 
76.011318 7.023411e-10 
78.7263726 4.671605e-09 
78.7267146 2.25961e-09 
81.4421477 1.096156e-09 
81.4425106 1.120152e-09 
84.1575829 1.026231e-09 
84.1579613 8.721043e-10 
86.8734191 1.887074e-09 
86.8737338 3.107169e-09 
89.5888204 4.551455e-09 
89.5891971 3.251652e-09 
92.3046055 2.547305e-09 
92.3049405 1.211868e-09 
95.0199899 5.083891e-10 
95.020345 1.049869e-09 
97.7357361 2.237165e-09 
97.7361417 1.675819e-09 
100.4511741 2.360659e-09 
100.4515397 5.428936e-09 
103.1669852 8.220822e-09 
103.1673682 1.604046e-09 
105.882421 1.913852e-09 
105.8828113 5.828288e-09 
1.3390871 9.131982e-10 
2.6964728 2.017557e-10 
2.696794 1.878745e-10 
4.0539966 3.245278e-10 
5.4114386 4.997863e-10 
5.411714 1.950211e-10 
4.0543063 3.285681e-10 
6.7692316 2.626095e-10 
9.484208 1.807464e-09 
8.1266686 1.307964e-09 
9.484497 5.778754e-10 
8.126995 7.434577e-10 
10.8416637 2.198404e-09 
10.8419193 6.16556e-10 
13.556909 1.48408e-09 
12.1994547 1.095403e-09 
13.5572741 6.644129e-10 
14.9144558 2.439586e-09 
14.9147954 5.944383e-10 
16.2718866 3.855863e-09 
16.2722523 1.989491e-10 
17.6297982 5.740405e-11 
20.3447751 6.600364e-09 
18.9872438 2.453269e-09 
20.3452302 1.597551e-09 
18.9876924 2.82615e-09 
21.702189 9.537182e-09 
21.7026958 1.013439e-09 
24.4176438 9.184829e-09 
23.0602158 3.216653e-09 
24.4181719 1.404244e-09 
25.7751605 8.353073e-09 
25.7757025 1.477543e-09 
27.1326122 7.06173e-09 
27.133151 4.959331e-09 
28.4906499 8.575094e-09 
29.8481003 9.635376e-09 
29.8486862 2.776834e-10 
31.2056488 5.70197e-09 
32.5631736 4.601157e-09 
32.563669 4.224274e-09 
31.206213 2.856161e-09 
33.9212022 4.223063e-09 
36.6363183 1.837511e-09 
35.2787091 2.689388e-09 
36.6368207 9.564194e-10 
35.2792685 4.258048e-10 
37.9938807 1.302937e-09 
37.9943177 9.273993e-10 
40.70945 9.160952e-10 
39.3519097 8.983189e-10 
40.7099393 2.793316e-10 
42.0670868 1.770951e-09 
42.0675363 3.985977e-10 
43.4246381 2.046052e-09 
43.4250766 3.370272e-10 
44.7827069 5.69468e-10 
46.1402588 1.202743e-09 
46.1407291 4.16995e-10 
47.4979016 1.303192e-09 
48.8554604 1.526009e-09 
48.8559335 2.16647e-10 
47.4983635 3.046442e-10 
50.2135887 2.225814e-10 
52.9288376 1.079984e-09 
51.5711694 6.182867e-10 
52.9292353 1.282969e-09 
51.5715835 6.35725e-10 
54.2864368 1.596666e-09 
54.2868293 1.702679e-09 
57.0021275 2.148382e-09 
55.6445083 1.995695e-09 
57.0024662 7.165032e-11 
58.3598227 2.649924e-09 
58.3601289 3.69502e-10 
59.7174481 3.309082e-09 
59.7177536 1.394124e-09 
61.0754471 2.626052e-09 
62.4330943 4.076924e-09 
62.4334817 5.002971e-09 
63.790801 6.141065e-09 
65.1484458 8.059542e-09 
65.1488108 1.866497e-09 
63.7911569 2.903613e-09 
66.5065119 1.099003e-09 
69.2219003 3.234567e-09 
67.8641787 2.09107e-09 
69.2223031 1.589763e-09 
67.8646113 4.243281e-09 
70.5795737 4.027275e-09 
70.5799683 8.636e-10 
73.2953534 3.113675e-09 
71.9376822 1.674264e-09 
73.2957451 6.73211e-10 
74.6530921 5.259822e-09 
74.6534595 8.950221e-10 
76.0107765 4.990178e-09 
76.0111235 1.94721e-09 
77.3688564 3.507793e-09 
78.7265311 3.73572e-09 
78.7269084 1.044254e-09 
80.0842798 2.250949e-09 
81.4419662 1.621258e-09 
81.4423282 9.996029e-10 
80.0846451 1.083712e-09 
82.8000798 2.453453e-10 
85.5155186 1.975032e-09 
84.1577791 3.046921e-10 
85.5158769 2.0307e-09 
84.1581234 1.633824e-09 
86.8732044 3.545668e-09 
86.8735888 2.202979e-09 
89.5890294 2.660474e-09 
88.2313284 3.484618e-09 
89.5893396 2.986531e-09 
90.9467357 2.883656e-09 
90.9470811 1.928991e-09 
92.3044149 1.903474e-09 
92.3047767 2.019916e-09 
93.662482 1.87125e-09 
95.0201654 1.118295e-09 
95.0205387 6.250982e-10 
96.3778763 1.046101e-09 
97.735573 1.217955e-09 
97.7359288 2.087241e-09 
96.3782543 1.022579e-09 
99.0936482 3.471433e-09 
101.8090936 5.132437e-09 
100.4513467 5.56278e-09 
101.8094808 4.153968e-09 
100.4517522 1.947177e-09 
103.1667968 2.64311e-09 
103.1671758 6.933049e-09 
105.8826248 6.245636e-09 
104.524927 8.374736e-09 
105.8829842 1.411828e-09 
107.2403571 3.18167e-09 
107.2407288 3.347063e-09 
1.3389479 4.549671e-10 
1.3392415 8.700749e-10 
4.0541404 8.132462e-11 
6.7690975 6.044949e-10 
6.7693963 6.935179e-10 
9.4843316 1.040642e-09 
12.1993248 2.5701e-09 
12.1996278 1.21949e-10 
14.914612 3.981492e-10 
17.629607 3.84722e-09 
17.6300042 1.483057e-09 
20.3450084 8.563508e-10 
23.0599635 8.392456e-09 
23.0604689 1.241047e-09 
25.7754326 6.910218e-09 
28.4903876 7.412924e-09 
28.4909541 2.391416e-09 
31.2059102 7.640602e-09 
33.9209619 3.093876e-09 
33.9215096 2.288835e-09 
36.6365432 1.817905e-09 
39.3516946 1.258327e-09 
39.3521675 4.625969e-10 
42.0672977 7.963908e-10 
44.7824799 1.664234e-09 
44.7829401 2.946594e-10 
47.4981379 2.581127e-10 
50.2133527 1.552777e-09 
50.2138017 5.157796e-10 
52.92905 3.386583e-10 
55.644333 5.036924e-10 
55.6446747 1.296595e-09 
58.3599714 3.157015e-09 
61.075308 5.662977e-09 
61.0756222 8.715561e-10 
63.7909628 1.373266e-09 
66.5063347 4.389659e-09 
66.506724 3.257296e-09 
69.2220959 1.334326e-09 
71.937496 3.653988e-09 
71.9378828 5.209425e-10 
74.6532696 3.286638e-09 
77.3686811 5.05904e-09 
77.3690458 1.40206e-09 
80.0844553 1.122018e-09 
82.799888 7.051008e-11 
82.8002583 8.610461e-10 
85.5157074 1.895507e-09 
88.2311385 3.432657e-09 
88.2314848 2.891545e-09 
90.9469163 3.028309e-09 
93.6623091 1.096768e-09 
93.662666 6.267008e-10 
96.3780529 9.230142e-10 
99.0934707 2.517598e-09 
99.09386 2.649372e-09 
101.8092815 7.393306e-09 
104.5247315 5.653524e-09 
104.5251114 4.105768e-09 
107.2405566 4.909827e-09 
1.3390847 1.170493e-09 
2.6963404 2.388436e-10 
2.6966187 1.65904e-10 
4.0539977 2.222088e-10 
5.4115669 1.640375e-10 
4.0543038 3.302598e-10 
5.4118934 3.805999e-10 
6.76923 3.281378e-10 
8.12655 1.418915e-09 
9.4842054 1.896407e-09 
8.1268067 6.586179e-10 
9.4844968 5.135807e-10 
10.8417779 2.321263e-09 
10.8421178 5.889376e-10 
13.5567707 2.349605e-09 
12.199453 1.168988e-09 
13.5570658 1.64152e-10 
14.9144554 2.671067e-09 
14.9147964 5.918305e-10 
16.2720643 8.61596e-10 
17.6298001 7.483116e-11 
16.2724704 1.775558e-09 
18.9870254 7.258075e-09 
20.3447812 6.410842e-09 
18.9874694 4.184573e-10 
20.3452321 1.637584e-09 
21.7024439 5.578519e-09 
21.7029292 2.739935e-09 
24.4173892 8.588298e-09 
24.417927 2.689282e-09 
23.0602241 3.114573e-09 
25.7751694 8.408132e-09 
25.7757094 1.52143e-09 
27.1328656 1.10184e-08 
28.4906632 8.864337e-09 
27.1334249 3.497409e-10 
29.8478733 5.771346e-09 
29.8484028 5.470629e-09 
31.2056535 5.394313e-09 
32.5633865 5.895888e-09 
31.2062257 2.728973e-09 
32.5639741 4.037571e-10 
33.9212119 4.527365e-09 
35.2785098 2.229099e-09 
36.6363141 1.305525e-09 
35.2789837 2.358387e-09 
36.6368315 1.108506e-09 
37.9940688 9.669518e-10 
37.9945965 2.332982e-10 
40.709252 1.289214e-09 
40.7096865 5.11532e-10 
39.3519109 8.357497e-10 
42.0670792 1.652989e-09 
42.0675423 3.276235e-10 
43.4248422 1.160173e-09 
44.7827067 4.04767e-10 
43.4253242 3.445475e-10 
46.1400286 1.923193e-09 
46.1404967 1.429222e-10 
47.4978977 1.350724e-09 
48.8557011 1.113227e-09 
47.4983691 2.162748e-10 
48.856158 4.186966e-10 
50.2135916 1.955329e-10 
51.5709294 2.147875e-09 
52.9288361 1.455158e-09 
51.571384 4.786627e-10 
52.929241 1.181809e-09 
54.2866499 3.540609e-10 
54.2870185 6.07166e-10 
57.0019465 9.101324e-10 
57.0022837 2.160839e-09 
55.644512 1.407387e-09 
58.3598239 2.119302e-09 
58.3601317 4.507696e-10 
59.7176054 3.92545e-09 
61.0754517 2.4372e-09 
59.7179532 1.539209e-09 
62.4329408 7.383225e-09 
62.433264 9.632178e-10 
63.7908076 5.996725e-09 
65.1486217 2.751725e-09 
63.7911572 2.947009e-09 
65.1490394 6.285291e-09 
66.5065183 1.324773e-09 
67.8639935 5.745165e-09 
69.2219066 3.284711e-09 
67.8643881 1.99872e-09 
69.2223044 1.490046e-09 
70.5797673 2.212664e-09 
70.5801779 1.625174e-09 
73.2951765 3.70701e-09 
73.2955477 9.736271e-10 
71.937687 1.957445e-09 
74.6530906 4.649502e-09 
74.6534623 1.166136e-09 
76.0109387 4.39091e-09 
77.3688548 3.302892e-09 
76.0113197 8.98598e-10 
78.7263658 4.141358e-09 
78.7267134 2.091612e-09 
80.0842722 1.880236e-09 
81.4421399 8.180228e-10 
80.0846448 1.114501e-09 
81.4425125 1.095353e-09 
82.8000722 2.504504e-10 
84.1575777 6.988136e-10 
85.5155129 1.714904e-09 
84.1579562 7.949372e-10 
85.5158724 1.865222e-09 
86.8734137 1.82019e-09 
86.873733 2.796016e-09 
89.5888213 3.959177e-09 
89.5891944 3.198533e-09 
88.231323 3.515455e-09 
90.9467365 2.291032e-09 
90.9470783 2.335555e-09 
92.3046074 1.916436e-09 
93.6624842 1.716514e-09 
92.3049393 1.500035e-09 
95.0199928 2.424345e-10 
95.0203477 9.553983e-10 
96.3778792 6.260178e-10 
97.73574 1.739189e-09 
96.3782568 1.13488e-09 
97.7361432 1.531309e-09 
99.0936527 3.246353e-09 
100.4511731 2.316542e-09 
101.809092 5.052697e-09 
100.4515432 5.002625e-09 
101.8094855 3.821221e-09 
103.166984 7.841239e-09 
103.1673717 1.396088e-09 
105.8824177 2.3374e-09 
105.8828106 5.174943e-09 
104.5249268 7.904523e-09 
107.2403529 3.687353e-09 
107.2407301 2.636279e-09 
2.6964724 1.682458e-10 
2.6967916 2.55322e-10 
5.4114386 3.840236e-10 
5.411712 1.996994e-10 
8.126665 1.438008e-09 
8.1269949 6.587929e-10 
10.8416597 2.224479e-09 
10.8419165 6.271383e-10 
13.5569048 1.650721e-09 
13.5572746 8.132867e-10 
16.2718884 3.724444e-09 
16.27225 2.221274e-10 
18.9872466 2.155634e-09 
18.9876907 3.043504e-09 
21.7021977 9.2627e-09 
21.702698 8.701899e-10 
24.4176544 8.544172e-09 
24.4181707 1.684494e-09 
27.1326188 6.987566e-09 
27.1331612 4.416112e-09 
29.8481118 9.428584e-09 
29.8486931 1.391138e-10 
32.5631716 3.993163e-09 
32.5636827 4.053006e-09 
35.2787126 2.461259e-09 
35.279281 2.702432e-10 
37.9938717 1.027031e-09 
37.9943257 9.797783e-10 
40.7094469 7.549109e-10 
40.7099497 2.286578e-10 
43.4246297 1.98958e-09 
43.4250806 1.967416e-10 
46.1402577 1.167523e-09 
46.1407373 4.112593e-10 
48.8554552 1.713556e-09 
48.8559392 1.772769e-10 
51.5711707 8.681832e-10 
51.5715907 7.237846e-10 
54.286432 2.060167e-09 
54.286835 1.361887e-09 
57.0021286 1.498698e-09 
57.0024702 9.703368e-11 
59.7174471 3.105751e-09 
59.7177568 1.263442e-09 
62.4330987 3.767207e-09 
62.4334806 5.051641e-09 
65.1484513 7.900513e-09 
65.1488135 1.997577e-09 
67.8641857 2.125749e-09 
67.8646084 4.062909e-09 
70.5795776 3.637957e-09 
70.5799714 9.361824e-10 
73.2953562 3.043556e-09 
73.2957447 7.332672e-10 
76.0107737 4.142944e-09 
76.0111241 2.348525e-09 
78.7265267 3.323667e-09 
78.7269087 1.398915e-09 
81.4419619 1.223147e-09 
81.4423231 1.033938e-09 
84.1577721 3.245623e-10 
84.1581209 1.37999e-09 
86.8732038 2.873035e-09 
86.8735825 2.474126e-09 
89.5890271 2.697378e-09 
89.5893369 3.213287e-09 
92.3044159 1.538212e-09 
92.3047769 2.571246e-09 
95.0201682 8.929975e-10 
95.0205405 9.571586e-10 
97.73557 8.16827e-10 
97.7359345 2.268179e-09 
100.451347 5.09891e-09 
100.4517586 1.814064e-09 
103.1667897 2.780415e-09 
103.1671792 6.356382e-09 
105.8826203 6.097146e-09 
105.8829888 1.000348e-09 
1.3389491 5.171017e-10 
1.3392397 1.298096e-09 
2.696342 2.578866e-10 
2.6966181 1.99484e-10 
5.411566 1.855884e-10 
4.05414 7.98672e-11 
5.4118934 3.992249e-10 
6.7690967 5.355755e-10 
6.7693944 6.33335e-10 
8.1265482 1.274895e-09 
8.1268032 7.459114e-10 
9.484327 1.242392e-09 
10.8417714 2.601722e-09 
10.8421151 5.535023e-10 
12.1993207 2.936075e-09 
13.556769 2.466199e-09 
13.5570584 2.124726e-10 
12.1996231 5.686469e-11 
14.9146057 4.875946e-10 
17.629609 3.645611e-09 
16.2720593 7.971876e-10 
17.6299986 1.690938e-09 
16.272466 2.271975e-09 
18.9870319 6.869871e-09 
18.9874635 5.645773e-10 
20.3450087 5.816284e-10 
21.7024475 4.553097e-09 
21.7029225 3.19847e-09 
23.0599739 7.872146e-09 
24.4173997 8.414317e-09 
24.4179268 2.118417e-09 
23.0604661 1.434914e-09 
25.7754416 6.202898e-09 
28.4903974 7.607063e-09 
27.1328744 1.010138e-08 
28.4909597 1.935294e-09 
27.1334212 5.303975e-10 
29.8478783 6.02159e-09 
29.8484095 4.539613e-09 
32.5633931 5.580396e-09 
31.2059221 7.403042e-09 
32.5639796 3.333239e-10 
33.9209636 2.907101e-09 
33.9215214 2.014847e-09 
35.2785077 2.17724e-09 
36.6365495 1.810076e-09 
35.2789921 2.082333e-09 
37.99407 7.91762e-10 
37.9946058 1.114433e-10 
39.3516898 1.048711e-09 
40.7092474 1.191372e-09 
40.7096917 3.547431e-10 
39.3521766 4.104417e-10 
42.067299 5.780949e-10 
44.7824764 1.546149e-09 
43.4248424 9.448995e-10 
44.7829465 2.421009e-10 
43.4253322 3.866735e-10 
46.1400256 1.920351e-09 
46.1405019 1.11764e-10 
48.8557034 1.424875e-09 
47.4981415 2.942731e-10 
48.8561658 4.005275e-10 
50.2133521 2.049994e-09 
50.2138095 4.770122e-10 
51.5709268 2.634709e-09 
52.9290549 1.987186e-10 
51.5713903 5.219744e-10 
54.2866512 3.422089e-10 
54.2870247 7.252939e-10 
55.6443321 4.686867e-10 
57.001944 8.856706e-10 
57.0022872 1.821635e-09 
55.6446805 1.23556e-09 
58.359974 2.542329e-09 
61.0753099 5.194471e-09 
59.7176057 3.346372e-09 
61.0756232 1.076167e-09 
59.7179554 1.531827e-09 
62.4329423 7.026783e-09 
62.4332646 1.073443e-09 
65.1486239 2.439913e-09 
63.7909656 1.36766e-09 
65.1490388 6.414014e-09 
66.5063403 4.105933e-09 
66.506724 3.230443e-09 
67.8639973 5.143098e-09 
69.2221005 1.34749e-09 
67.8643887 1.943676e-09 
70.5797697 1.948362e-09 
70.5801772 1.447622e-09 
71.9374987 3.246096e-09 
73.2951774 3.00636e-09 
73.2955483 1.230387e-09 
71.9378852 6.008012e-10 
74.6532721 3.55316e-09 
77.368678 4.360164e-09 
76.0109386 4.43197e-09 
77.3690471 1.966621e-09 
76.0113188 1.196778e-09 
78.7263654 3.487248e-09 
78.7267109 2.780685e-09 
81.4421369 7.298905e-10 
80.0844512 1.183744e-09 
81.4425091 1.288625e-09 
82.7998829 3.139631e-11 
82.8002538 7.593459e-10 
84.1575785 4.401407e-10 
85.5156997 2.198717e-09 
84.1579504 8.082823e-10 
86.8734104 2.105727e-09 
86.8737285 2.729701e-09 
88.2311361 3.123545e-09 
89.5888217 3.451461e-09 
89.5891911 4.237203e-09 
88.2314784 3.385624e-09 
90.9469134 3.729849e-09 
93.6623094 9.600267e-10 
92.3046071 2.354265e-09 
93.6626657 1.349317e-09 
92.3049391 2.145027e-09 
95.0199892 9.230561e-11 
95.0203511 1.682935e-09 
97.7357403 1.63343e-09 
96.3780562 1.121845e-09 
97.7361492 1.703531e-09 
99.0934682 2.005872e-09 
99.093866 2.844931e-09 
100.4511648 1.890816e-09 
101.8092836 7.105113e-09 
100.4515486 5.26223e-09 
103.166981 7.605554e-09 
103.1673787 1.234918e-09 
104.5247253 5.845796e-09 
105.8824106 2.571892e-09 
105.882812 4.530845e-09 
104.5251161 3.449652e-09 
107.2405542 4.454641e-09 
1.3390846 1.58543e-09 
4.0539986 2.629391e-10 
4.0543047 3.465417e-10 
6.7692283 3.854672e-10 
9.4842027 2.031438e-09 
9.4844915 4.25012e-10 
12.1994441 1.380746e-09 
14.9144522 2.880025e-09 
14.9147864 7.873577e-10 
17.629792 5.4383e-11 
20.3447861 5.736337e-09 
20.3452222 2.019559e-09 
23.0602236 2.298195e-09 
25.7751788 8.149396e-09 
25.7757038 1.326258e-09 
28.4906685 7.74145e-09 
31.2056589 5.760722e-09 
31.2062287 2.055961e-09 
33.9212181 4.180772e-09 
36.6363143 1.306258e-09 
36.6368388 8.507345e-10 
39.3519144 6.369357e-10 
42.0670788 1.46623e-09 
42.0675478 2.796105e-10 
44.7827099 3.303877e-10 
47.497899 1.51994e-09 
47.498375 1.884788e-10 
50.2135966 3.613194e-10 
52.9288366 1.760273e-09 
52.9292475 1.283994e-09 
55.6445145 1.147365e-09 
58.3598226 1.86351e-09 
58.3601343 3.953669e-10 
61.0754507 2.133601e-09 
63.7908081 5.623939e-09 
63.7911567 3.229328e-09 
66.5065182 1.141066e-09 
69.2219086 2.746204e-09 
69.222305 1.31811e-09 
71.9376891 1.903947e-09 
74.6530916 4.158654e-09 
74.6534638 1.665719e-09 
77.3688556 3.928674e-09 
80.0842721 1.690744e-09 
80.0846428 1.516962e-09 
82.8000687 2.421383e-10 
85.5155119 1.76681e-09 
85.5158664 1.997242e-09 
88.2313182 4.649316e-09 
90.9467348 2.520748e-09 
90.9470746 3.36365e-09 
93.6624832 2.615335e-09 
96.3778756 4.813767e-10 
96.37826 1.787554e-09 
99.0936542 3.521552e-09 
101.8090858 4.694981e-09 
101.8094912 3.862031e-09 
104.5249264 7.510036e-09 
107.2403483 3.752119e-09 
107.2407318 2.11782e-09 
1.3389471 6.950176e-10 
1.339244 1.446262e-09 
2.696473 2.394101e-10 
2.696795 3.129856e-10 
5.411439 4.128701e-10 
4.0541417 9.169115e-11 
5.4117123 2.275597e-10 
6.769097 5.347814e-10 
6.7693933 6.247456e-10 
8.1266625 1.554952e-09 
9.4843225 1.359754e-09 
8.1269927 6.374926e-10 
10.8416588 2.228907e-09 
10.8419095 7.247576e-10 
12.199318 3.172801e-09 
13.5568974 1.843298e-09 
12.1996144 7.31818e-11 
13.5572684 1.098955e-09 
14.9145959 5.996946e-10 
16.2718897 3.770363e-09 
17.6296074 3.435319e-09 
16.2722403 4.700502e-10 
17.6299874 2.099997e-09 
18.9872423 1.626653e-09 
20.3450009 3.075546e-10 
18.9876832 3.710989e-09 
21.7022049 8.891753e-09 
21.7026902 7.875353e-10 
23.059977 7.396195e-09 
24.4176552 7.342798e-09 
23.0604553 1.536436e-09 
24.4181615 1.980984e-09 
25.7754373 5.114096e-09 
27.132626 7.234235e-09 
28.4904006 7.743814e-09 
27.1331564 3.518659e-09 
28.4909517 1.414876e-09 
29.8481138 8.724618e-09 
29.8486877 2.438598e-10 
32.5631752 4.756125e-09 
31.2059206 6.425707e-09 
32.5636827 3.276303e-09 
33.9209657 3.396822e-09 
33.9215197 1.600349e-09 
35.2787151 2.295203e-09 
36.6365512 1.512101e-09 
35.2792823 2.716151e-10 
37.993874 1.080991e-09 
37.9943288 6.7931e-10 
39.3516934 9.931958e-10 
40.7094499 5.15795e-10 
39.3521783 2.243308e-10 
40.7099534 1.980075e-10 
42.067302 4.552199e-10 
43.4246317 1.896407e-09 
44.7824806 1.512858e-09 
43.4250841 1.025175e-10 
44.7829486 2.510537e-10 
46.140261 1.191072e-09 
46.1407417 4.250367e-10 
48.8554564 1.914225e-09 
47.4981449 3.87715e-10 
48.8559434 3.390027e-10 
50.2133548 2.116765e-09 
50.2138127 6.052281e-10 
51.5711731 1.11971e-09 
52.9290572 3.65298e-10 
51.5715955 7.762648e-10 
54.2864321 2.133675e-09 
54.2868379 1.459743e-09 
55.6443319 4.629348e-10 
57.0021284 1.365565e-09 
55.6446826 1.344504e-09 
57.0024731 1.308712e-10 
58.359972 2.417117e-09 
59.7174468 2.850911e-09 
61.0753068 5.110883e-09 
59.7177563 1.060169e-09 
61.075623 1.082601e-09 
62.4330963 3.378777e-09 
62.4334824 5.175398e-09 
65.1484515 7.320394e-09 
63.7909611 1.182124e-09 
65.1488114 2.144668e-09 
66.5063372 3.641511e-09 
66.5067237 3.398272e-09 
67.8641832 1.610532e-09 
69.2220979 8.801906e-10 
67.8646099 4.140596e-09 
70.5795781 2.986243e-09 
70.5799697 6.498852e-10 
71.9374986 2.867263e-09 
73.2953556 3.007043e-09 
71.9378853 4.937456e-10 
73.2957443 6.110722e-10 
74.653273 4.106152e-09 
76.010776 3.658879e-09 
77.3686815 4.354545e-09 
76.0111226 3.197819e-09 
77.3690463 2.561219e-09 
78.7265283 3.760723e-09 
78.7269053 1.703531e-09 
81.4419664 1.078662e-09 
80.0844532 1.545573e-09 
81.4423209 1.307824e-09 
82.7998869 7.511272e-11 
82.8002512 8.561125e-10 
84.1577731 2.82642e-10 
85.5156995 2.604723e-09 
84.1581163 1.415387e-09 
86.873206 2.705214e-09 
86.8735799 3.037726e-09 
88.2311363 3.599214e-09 
89.5890261 3.553616e-09 
88.2314755 3.986978e-09 
89.589335 3.561759e-09 
90.9469111 5.179331e-09 
92.3044129 1.560406e-09 
93.6623053 1.41796e-09 
92.3047769 3.751104e-09 
93.6626655 2.06239e-09 
95.0201664 1.394079e-09 
95.0205438 1.363098e-09 
97.7355629 5.309593e-10 
96.3780542 1.811814e-09 
97.7359375 3.007851e-09 
99.0934625 1.794438e-09 
99.0938686 3.33565e-09 
100.4513447 5.195833e-09 
101.8092828 7.308311e-09 
100.4517642 1.920178e-09 
103.1667829 2.531857e-09 
103.1671818 6.491701e-09 
104.5247217 5.536679e-09 
105.8826187 5.924687e-09 
104.5251179 3.421863e-09 
105.882992 9.067429e-10 
107.2405544 4.162588e-09 
2.6963398 4.156508e-10 
2.696622 2.442466e-10 
5.4115671 1.881501e-10 
5.411895 4.375386e-10 
8.1265497 1.23134e-09 
8.1268014 7.972943e-10 
10.8417687 2.745804e-09 
10.8421102 5.755217e-10 
13.5567696 2.632578e-09 
13.5570509 3.406415e-10 
16.2720534 6.95565e-10 
16.2724594 2.723407e-09 
18.9870325 6.837398e-09 
18.987455 7.798984e-10 
21.7024417 3.996169e-09 
21.7029155 3.547144e-09 
24.4174023 8.32779e-09 
24.4179165 1.797599e-09 
27.1328684 9.35901e-09 
27.1334117 5.679029e-10 
29.8478819 6.938689e-09 
29.8483987 3.866366e-09 
32.5633901 5.289228e-09 
32.5639713 5.667416e-10 
35.278514 2.935269e-09 
35.2789871 1.564242e-09 
37.9940733 7.371884e-10 
37.9946016 9.893584e-11 
40.7092555 1.087445e-09 
40.709692 2.062357e-10 
43.4248473 7.997792e-10 
43.4253308 4.071141e-10 
46.1400312 1.992595e-09 
46.1405029 1.67114e-10 
48.8557061 1.505558e-09 
48.856166 3.844368e-10 
51.5709304 2.479852e-09 
51.5713904 8.276817e-10 
54.2866518 4.209962e-10 
54.2870251 8.256687e-10 
57.0019462 7.716791e-10 
57.0022856 1.902842e-09 
59.7176028 3.438027e-09 
59.7179567 1.511335e-09 
62.4329407 6.686679e-09 
62.4332613 1.010519e-09 
65.1486173 2.031411e-09 
65.1490423 6.718008e-09 
67.8639939 4.665803e-09 
67.8643848 1.822169e-09 
70.5797643 1.555283e-09 
70.5801792 1.367179e-09 
73.2951782 2.78565e-09 
73.2955453 1.271031e-09 
76.0109397 5.115129e-09 
76.0113167 1.111419e-09 
78.7263718 3.491843e-09 
78.7267107 3.455359e-09 
81.4421427 9.502127e-10 
81.4425054 1.3685e-09 
84.157584 5.620834e-10 
84.1579519 8.980764e-10 
86.8734136 2.406208e-09 
86.8737268 2.974883e-09 
89.5888208 3.713799e-09 
89.5891917 5.02076e-09 
92.3046048 3.376642e-09 
92.3049404 2.19259e-09 
95.019984 1.842831e-10 
95.0203504 2.405467e-09 
97.7357365 2.100363e-09 
97.7361514 1.881686e-09 
100.4511608 1.656904e-09 
100.4515483 5.902514e-09 
103.1669804 7.806837e-09 
103.1673793 1.330372e-09 
105.88241 2.27265e-09 
105.8828133 4.727911e-09 
1.3390869 1.537856e-09 
2.6964739 3.372814e-10 
2.6967995 2.730503e-10 
4.0539982 4.065385e-10 
5.4114391 5.655265e-10 
5.4117145 2.405937e-10 
4.0543078 3.559044e-10 
6.7692288 3.533967e-10 
9.4842036 2.010881e-09 
8.1266644 1.494281e-09 
9.4844884 4.236104e-10 
8.1269916 6.936977e-10 
10.841662 2.17088e-09 
10.8419081 7.176078e-10 
13.5568971 1.816064e-09 
12.1994401 1.425936e-09 
13.5572643 1.027786e-09 
14.9144505 2.860981e-09 
14.9147794 9.110457e-10 
16.2718887 3.894063e-09 
16.2722367 5.646671e-10 
17.6297849 4.846278e-11 
20.3447828 5.626876e-09 
18.9872369 1.581178e-09 
20.3452143 2.197825e-09 
18.9876805 3.867256e-09 
21.7022005 8.991371e-09 
21.7026834 8.248889e-10 
24.4176451 7.291828e-09 
23.0602148 1.95805e-09 
24.4181573 1.856859e-09 
25.7751756 8.069812e-09 
25.7756934 1.097249e-09 
27.1326238 7.59407e-09 
28.4906585 6.891456e-09 
27.1331433 3.477283e-09 
29.8481035 8.551625e-09 
29.8486776 4.386197e-10 
31.2056574 6.184792e-09 
32.5631793 5.87684e-09 
32.5636692 2.954074e-09 
31.2062179 1.843838e-09 
33.9212122 3.618058e-09 
36.6363184 1.748185e-09 
35.278713 2.406268e-09 
36.6368327 5.99927e-10 
35.2792709 4.306801e-10 
37.9938843 1.396954e-09 
37.9943229 4.428607e-10 
40.7094548 5.267743e-10 
39.3519152 5.134967e-10 
40.7099455 2.219794e-10 
42.0670859 1.416487e-09 
42.0675454 2.728931e-10 
43.4246412 1.859368e-09 
43.4250824 1.638877e-10 
44.782712 4.007168e-10 
46.140264 1.200976e-09 
46.1407365 4.348013e-10 
47.4979036 1.508853e-09 
48.8554622 1.80236e-09 
48.8559403 4.635088e-10 
47.4983733 2.644055e-10 
50.2135968 4.677478e-10 
52.9288384 1.46249e-09 
51.5711734 9.454828e-10 
52.929246 1.532816e-09 
51.5715914 7.409972e-10 
54.2864369 1.752417e-09 
54.286834 1.794587e-09 
57.0021271 1.868803e-09 
55.6445125 1.46386e-09 
57.0024711 1.83268e-10 
58.3598208 2.180317e-09 
58.3601331 3.185645e-10 
59.7174476 2.894977e-09 
59.7177528 1.0453e-09 
61.0754454 2.100921e-09 
62.4330903 3.422356e-09 
62.4334846 5.253642e-09 
63.7908018 5.52227e-09 
65.148446 7.096311e-09 
65.1488075 2.138027e-09 
63.7911563 3.367505e-09 
66.5065118 8.211892e-10 
69.2219034 2.480175e-09 
67.8641745 1.316648e-09 
69.2223043 1.287967e-09 
67.8646139 4.439798e-09 
70.5795742 3.001692e-09 
70.5799654 4.381077e-10 
73.2953522 3.191522e-09 
71.9376857 1.757501e-09 
73.2957446 4.377656e-10 
74.6530935 4.459011e-09 
74.653462 1.652367e-09 
76.01078 4.081258e-09 
77.3688578 4.61945e-09 
76.0111212 3.280943e-09 
78.7265336 4.510561e-09 
78.726903 1.436071e-09 
80.0842794 1.885721e-09 
81.4419732 1.271539e-09 
81.4423247 1.462747e-09 
80.0846421 1.698752e-09 
82.8000741 2.472325e-10 
85.5155168 2.045677e-09 
84.1577808 1.973408e-10 
85.5158673 2.234026e-09 
84.1581159 1.69659e-09 
86.8732079 3.246737e-09 
86.8735847 3.1079e-09 
89.5890277 4.087737e-09 
88.2313205 5.392189e-09 
89.5893365 3.452961e-09 
90.946733 3.290495e-09 
90.9470751 3.523212e-09 
92.30441 1.886969e-09 
92.3047765 3.860217e-09 
93.6624803 3.491286e-09 
95.0201623 2.069045e-09 
95.0205439 1.083361e-09 
96.3778705 8.14288e-10 
97.7355616 7.205848e-10 
97.7359333 3.28588e-09 
96.3782592 2.030941e-09 
99.0936504 3.984616e-09 
101.8090838 4.522095e-09 
100.4513429 5.720495e-09 
101.8094897 4.214399e-09 
100.451761 2.061902e-09 
103.1667861 2.262908e-09 
103.1671798 7.117777e-09 
105.8826222 5.933138e-09 
104.5249263 7.677089e-09 
105.882989 1.237203e-09 
107.24035 3.278404e-09 
107.2407313 2.432486e-09 
1.3389448 7.499131e-10 
1.3392485 1.083512e-09 
4.0541432 1.138041e-10 
6.7690979 6.141622e-10 
6.7693945 6.718774e-10 
9.4843243 1.224374e-09 
12.1993204 2.908898e-09 
12.199614 3.794617e-11 
14.9145963 5.675723e-10 
17.6296045 3.423201e-09 
17.6299864 2.065686e-09 
20.3449961 3.450098e-10 
23.0599686 7.656514e-09 
23.0604517 1.373042e-09 
25.7754259 5.113684e-09 
28.490393 7.788119e-09 
28.4909415 1.515825e-09 
31.205908 6.070799e-09 
33.9209654 3.994911e-09 
33.9215071 1.586554e-09 
36.636546 1.34523e-09 
39.3517004 1.243227e-09 
39.3521704 1.801646e-10 
42.0673026 6.203139e-10 
44.7824866 1.622348e-09 
44.7829435 3.435615e-10 
47.4981434 4.423147e-10 
50.2133571 1.695161e-09 
50.2138069 7.252253e-10 
52.9290536 5.734476e-10 
55.6443325 5.791364e-10 
55.6446782 1.441329e-09 
58.3599681 2.911438e-09 
61.0753028 5.541039e-09 
61.0756219 9.059849e-10 
63.7909553 1.057902e-09 
66.5063294 3.639488e-09 
66.5067235 3.610453e-09 
69.2220917 6.423563e-10 
71.9374955 3.1518e-09 
71.937883 3.117338e-10 
74.653271 4.213354e-09 
77.3686867 5.093449e-09 
77.3690445 2.243614e-09 
80.0844586 1.725617e-09 
82.7998945 8.825561e-11 
82.8002541 1.044971e-09 
85.5157071 2.524522e-09 
88.2311388 4.184291e-09 
88.2314799 3.781668e-09 
90.9469126 5.311413e-09 
93.6623025 1.913817e-09 
93.6626655 1.542651e-09 
96.3780496 2.029407e-09 
99.0934614 2.189199e-09 
99.093864 3.367098e-09 
101.8092801 7.705949e-09 
104.5247257 5.153566e-09 
104.5251142 4.04902e-09 
107.2405568 4.412221e-09 
108.5982365 2.362255e-09 
109.9561514 1.61327e-09 
108.5985902 1.264407e-09 
111.3135963 2.815165e-10 
111.3139997 8.517462e-10 
112.6715022 4.708425e-10 
114.0293465 1.261968e-09 
112.6718986 4.488944e-10 
114.0297653 7.539731e-10 
115.3872511 1.865062e-09 
118.1025861 2.939465e-09 
116.7446901 2.461693e-09 
116.7451096 2.358446e-09 
118.1030363 2.477444e-09 
119.460442 2.585165e-09 
119.4609289 3.316602e-09 
122.175796 7.797217e-10 
120.8183699 3.526657e-09 
122.1762551 2.403359e-09 
123.5337048 8.355527e-10 
123.5341784 1.582761e-09 
124.8915838 3.673526e-10 
126.2494903 7.575048e-10 
124.8920532 1.282338e-09 
127.6069046 1.552255e-09 
127.6073584 1.502434e-09 
128.9648008 2.268494e-09 
130.3226763 3.610303e-09 
128.9652398 1.482754e-09 
130.3230843 9.286886e-10 
131.6805466 2.378912e-09 
134.3958655 5.134526e-09 
133.0379843 4.857234e-09 
133.0383975 7.469086e-10 
134.3962652 1.062623e-10 
135.7537329 2.639454e-09 
135.7541009 1.644527e-09 
138.4689788 7.485231e-09 
137.1116024 7.655822e-10 
138.4694484 7.410335e-10 
139.8268537 6.845914e-09 
139.8273156 2.390237e-09 
141.1847054 3.703389e-09 
142.5425784 2.351823e-09 
141.1851335 5.06864e-09 
143.8998415 6.100371e-09 
143.9004064 1.772047e-09 
145.257707 5.415773e-09 
146.6155427 3.980194e-09 
145.2582597 9.740733e-10 
146.6160487 1.717986e-09 
147.9734021 2.724741e-09 
150.6885156 2.429092e-10 
149.3306731 6.144409e-10 
149.3312124 2.020882e-09 
150.6890452 6.669799e-10 
152.046337 3.901986e-10 
152.0468221 6.810293e-10 
154.7614876 2.343842e-09 
153.404161 7.424896e-11 
154.7619606 2.552722e-10 
156.1192875 2.231516e-09 
156.119771 1.217504e-10 
157.477086 3.098856e-09 
158.834874 1.703309e-09 
157.477549 6.720961e-11 
160.1921829 2.072865e-09 
160.1926582 1.412634e-09 
161.5499641 2.225097e-09 
162.9077494 1.370692e-09 
161.5504491 1.039545e-09 
162.9082056 1.039851e-09 
164.2655325 5.719076e-10 
166.9806063 2.654871e-10 
165.6228008 3.424397e-10 
165.6232855 3.986942e-10 
166.9810508 1.002683e-09 
168.338382 8.050822e-10 
168.3387622 5.233063e-10 
171.053379 3.055947e-09 
169.6961578 2.257966e-09 
171.0538642 4.107043e-09 
172.4111835 3.719138e-09 
172.411589 3.840731e-09 
173.7689185 6.133345e-09 
175.1266441 6.876522e-09 
173.7692758 1.387257e-09 
176.4838316 8.152375e-09 
176.4843138 5.050177e-09 
177.841576 1.092886e-08 
179.1992636 1.266216e-08 
177.8420094 1.085843e-09 
179.1997036 7.737396e-10 
180.5569454 8.192228e-09 
183.2718624 9.2635e-09 
181.9141708 7.659278e-09 
181.9146176 2.336646e-09 
183.272328 1.487622e-10 
184.6295478 5.971034e-09 
184.6300286 1.639918e-09 
187.3444398 5.22712e-09 
185.9872468 1.860047e-09 
187.3449446 4.000639e-09 
188.7021339 1.720108e-09 
188.7026802 6.51464e-09 
190.0598484 4.63249e-10 
191.4175769 1.186986e-09 
190.0603603 7.82905e-09 
192.7745768 6.180321e-09 
192.7752774 2.299926e-09 
194.1322972 6.08423e-09 
195.4900233 4.340783e-09 
194.1329885 2.24656e-09 
195.4906346 2.223379e-09 
196.8477369 2.646129e-09 
199.5623701 1.648162e-09 
198.2046433 2.546569e-09 
198.2054141 1.636157e-09 
199.5630789 1.490384e-09 
200.9200782 3.868764e-10 
200.9207169 1.293338e-09 
203.6347538 2.048069e-09 
202.2777615 9.470953e-10 
203.635426 9.431028e-10 
204.992465 3.543711e-09 
204.9930891 1.246737e-09 
206.3501062 7.01441e-09 
206.3507084 2.187843e-09 
108.5980235 9.966436e-10 
109.955947 9.123666e-10 
108.5984231 2.814557e-09 
109.9563246 1.679879e-09 
111.3138062 8.935874e-10 
111.3141817 5.656916e-10 
114.0291456 8.571857e-10 
112.6717084 1.082676e-09 
114.029554 1.016382e-09 
115.3870404 1.534953e-09 
115.3874653 1.082263e-09 
116.7448831 2.348271e-09 
118.102801 3.551504e-09 
116.7453476 2.562274e-09 
119.4602371 2.688284e-09 
119.4606763 3.667161e-09 
120.8181406 2.849004e-09 
122.1760096 1.275261e-09 
120.8186105 2.932524e-09 
122.1765006 2.57129e-09 
123.5339342 1.725904e-09 
124.8913499 1.843637e-10 
126.2492543 2.768312e-10 
124.8918151 1.252153e-09 
126.2497184 1.441023e-09 
127.6071332 1.742555e-09 
127.6075761 1.293572e-09 
130.3224487 3.394075e-09 
128.9650181 1.753923e-09 
130.3228752 1.464516e-09 
131.6803343 4.413926e-09 
131.6807461 5.008597e-10 
133.0382066 3.710824e-09 
134.3960721 1.674516e-09 
133.038585 5.065279e-10 
135.7534997 5.725546e-09 
135.7539215 7.892932e-10 
137.1113751 5.064975e-09 
138.4692358 1.839169e-09 
137.1117903 1.737862e-09 
138.4696194 4.456683e-09 
139.8271065 4.537784e-10 
141.1844229 8.888979e-09 
142.5422908 7.923122e-09 
141.1849447 6.699038e-10 
142.5428073 1.75025e-09 
143.9001328 5.234592e-09 
143.9006115 3.592364e-09 
146.6152524 2.428469e-09 
145.2580002 3.502443e-09 
146.6158197 2.478482e-09 
147.9731067 1.78722e-09 
147.973665 8.427501e-10 
149.3309366 1.268144e-09 
150.6887802 6.165894e-10 
149.3314483 9.975013e-10 
152.0460853 1.529021e-09 
152.046589 3.289756e-10 
153.4039063 1.057742e-09 
154.7617195 1.581452e-09 
153.4044117 2.148288e-10 
154.7621934 2.039459e-10 
156.1195233 8.991796e-10 
157.4768463 2.317662e-09 
158.834632 2.684332e-09 
157.4773219 1.056277e-09 
158.835123 7.306e-10 
160.1924263 2.773334e-09 
160.1928971 3.696767e-10 
162.9074909 1.006334e-09 
161.5502104 1.614924e-09 
162.9079861 6.509555e-10 
164.2652854 8.521193e-10 
164.2657656 6.081404e-10 
165.6230737 1.388774e-10 
166.9808593 3.674508e-10 
165.6234994 5.885764e-10 
168.3380971 1.484298e-09 
168.3385929 1.884273e-09 
169.6959139 1.490419e-09 
171.0536791 2.533068e-09 
169.6963368 2.451753e-09 
171.0540278 1.310648e-09 
172.411434 3.530187e-09 
173.7686247 7.701944e-09 
175.1264053 8.234132e-09 
173.7691192 4.55642e-09 
175.1268227 2.740025e-09 
176.4841164 1.124292e-08 
176.4845071 1.413102e-09 
179.1990102 8.69886e-09 
177.8418127 9.010085e-09 
179.1994774 4.680506e-09 
180.5567213 1.133351e-08 
180.5571748 4.45134e-10 
181.914401 9.805254e-09 
183.2720845 3.61183e-09 
181.9148732 1.188025e-09 
184.6293129 7.84016e-09 
184.6297698 8.71519e-10 
185.9869987 5.373064e-09 
187.3446979 2.515313e-09 
185.987498 2.243849e-09 
187.345194 4.963821e-09 
188.7024168 1.678646e-09 
190.0595188 4.484104e-09 
191.4172268 2.428157e-09 
190.0601238 5.237921e-09 
191.417856 6.773065e-09 
192.7749532 1.375273e-09 
192.7755222 6.368913e-09 
195.489602 6.102065e-09 
194.1326809 1.418382e-09 
195.4903754 5.016991e-10 
196.84733 5.532151e-09 
196.8480612 1.793112e-10 
198.2050531 3.378761e-09 
199.5627499 2.082197e-09 
198.2057001 1.109887e-09 
200.9196953 1.222994e-09 
200.9204199 1.004676e-09 
202.2774149 1.632354e-09 
203.6351105 2.171496e-09 
202.2780756 1.069786e-09 
203.6357222 3.174193e-10 
204.99279 3.814823e-09 
206.3497515 2.076077e-09 
206.3504141 6.700695e-09 
108.598237 2.587576e-09 
108.5985889 1.319655e-09 
111.3135967 2.818606e-10 
111.3139988 1.068786e-09 
114.029345 1.331745e-09 
114.0297649 7.934809e-10 
116.7446885 2.613381e-09 
116.7451071 2.725533e-09 
119.4604375 2.775238e-09 
119.4609277 3.581861e-09 
122.1757912 9.810755e-10 
122.1762499 2.731185e-09 
124.8915755 3.632174e-10 
124.8920511 1.616505e-09 
127.6068989 1.436543e-09 
127.6073519 1.583579e-09 
130.3226696 3.494363e-09 
130.3230817 1.078428e-09 
133.0379827 4.804634e-09 
133.0383925 6.209774e-10 
135.7537295 2.505159e-09 
135.7540977 1.920387e-09 
138.4689788 7.742239e-09 
138.4694428 9.357134e-10 
141.1847 3.247657e-09 
141.1851306 5.541539e-09 
143.8998378 6.885965e-09 
143.9003998 1.389532e-09 
146.6155333 3.845731e-09 
146.6160508 1.810399e-09 
149.3306634 1.0687e-09 
149.3312077 1.422205e-09 
152.0463263 4.769854e-10 
152.046829 5.529735e-10 
154.7614745 2.090322e-09 
154.76196 4.016426e-10 
157.4770802 2.977047e-09 
157.4775588 2.401391e-10 
160.1921714 1.903285e-09 
160.1926663 1.610805e-09 
162.9077525 1.148092e-09 
162.9082188 6.245224e-10 
165.6227918 8.000255e-10 
165.6233016 1.192609e-10 
168.3383917 5.261136e-10 
168.3387741 4.215935e-10 
171.0533748 5.112965e-09 
171.0538813 3.410157e-09 
173.76893 5.655042e-09 
173.7692825 2.550636e-09 
176.4838312 1.004746e-08 
176.4843256 4.735063e-09 
179.1992685 1.247044e-08 
179.1997077 9.019975e-10 
181.9141659 8.287518e-09 
181.9146211 1.878195e-09 
184.6295422 5.313318e-09 
184.6300328 2.208613e-09 
187.3444277 5.837124e-09 
187.3449426 3.718372e-09 
190.0598376 1.219826e-10 
190.060366 8.352615e-09 
192.7745649 6.009657e-09 
192.7752749 1.969813e-09 
195.4900154 4.298402e-09 
195.4906399 1.985052e-09 
198.2046383 2.444147e-09 
198.2054131 1.696348e-09 
200.9200778 5.856032e-10 
200.9207168 1.426898e-09 
203.6347567 2.256207e-09 
203.6354263 1.102806e-09 
206.350111 6.84288e-09 
206.3507042 2.361626e-09 
108.5980238 1.167474e-09 
108.5984209 2.810559e-09 
109.9561508 1.821899e-09 
111.3138046 1.033196e-09 
111.3141805 3.881658e-10 
112.6715018 4.946277e-10 
114.0291477 9.850181e-10 
114.0295517 1.233962e-09 
112.6718987 5.644204e-10 
115.38725 2.088979e-09 
118.1025846 3.056973e-09 
116.7448838 2.50323e-09 
118.1030353 2.759623e-09 
116.745345 2.529466e-09 
119.460238 2.578758e-09 
119.4606751 3.930201e-09 
122.1760082 1.365679e-09 
120.8183664 3.882379e-09 
122.1764996 2.666041e-09 
123.5336991 9.712839e-10 
123.5341756 1.896011e-09 
124.8913447 2.694471e-10 
124.8918134 1.443265e-09 
126.2494834 8.474116e-10 
127.6071272 1.893416e-09 
127.6075777 1.452016e-09 
128.9647934 2.114813e-09 
130.3224415 3.445715e-09 
130.3228727 1.48886e-09 
128.9652365 1.635407e-09 
131.6805403 2.1969e-09 
134.3958606 5.027657e-09 
133.0382002 3.699196e-09 
134.3962627 1.902108e-10 
133.0385872 7.994434e-10 
135.7534945 6.063697e-09 
135.753918 6.173108e-10 
138.4692302 1.761582e-09 
137.111597 5.799406e-10 
138.4696201 4.788138e-09 
139.8268486 6.603204e-09 
139.8273127 2.789195e-09 
141.1844182 9.26794e-09 
141.1849407 6.894484e-10 
142.542571 1.908876e-09 
143.9001257 4.881242e-09 
143.9006139 3.810614e-09 
145.2576984 5.573336e-09 
146.6152434 2.837273e-09 
146.615816 2.108824e-09 
145.2582574 9.777392e-10 
147.9733919 2.341618e-09 
150.6885027 4.267654e-10 
149.3309249 1.142551e-09 
150.689044 5.765464e-10 
149.3314542 9.668028e-10 
152.046071 1.633138e-09 
152.0465842 3.344663e-10 
154.7617062 1.969231e-09 
153.4041504 2.566189e-10 
154.7622003 3.316544e-10 
156.1192752 2.167244e-09 
156.1197724 6.995917e-10 
157.4768322 2.283362e-09 
157.4773198 1.928864e-09 
158.8348706 2.114272e-09 
160.1924189 2.957665e-09 
160.1929059 6.295863e-10 
161.5499575 2.026727e-09 
162.9074793 1.035862e-09 
162.9079914 8.787809e-10 
161.5504573 1.150479e-09 
164.2655384 5.630436e-10 
166.9806039 6.446815e-10 
165.6230737 1.107561e-10 
166.9810634 3.908254e-10 
165.6235098 3.504432e-10 
168.3380883 2.294013e-09 
168.3386039 1.105468e-09 
171.0536847 1.36958e-09 
169.6961678 1.056871e-09 
171.0540374 1.804283e-09 
172.4111839 4.161031e-09 
172.411601 3.74546e-09 
173.7686192 8.763574e-09 
173.7691321 3.732203e-09 
175.1266535 5.459158e-09 
176.4841227 9.690495e-09 
176.4845158 1.602568e-09 
177.8415758 1.087313e-08 
179.1990047 8.538568e-09 
179.1994872 4.254587e-09 
177.8420191 1.058918e-09 
180.5569496 7.330903e-09 
183.2718567 8.717748e-09 
181.9144022 8.605968e-09 
183.2723335 1.914638e-10 
181.9148791 9.381449e-10 
184.6293053 7.615675e-09 
184.6297725 7.114036e-10 
187.3446929 2.229675e-09 
185.9872434 1.292818e-09 
187.3451955 5.673871e-09 
188.7021229 1.783725e-09 
188.7026812 6.581632e-09 
190.0595122 4.470342e-09 
190.0601193 4.819175e-09 
191.4175684 9.845495e-10 
192.7749454 1.132773e-09 
192.7755205 6.264998e-09 
194.1322864 5.719967e-09 
195.4895994 5.163777e-09 
195.4903687 5.21715e-10 
194.1329872 1.97568e-09 
196.8477292 2.982101e-09 
199.5623653 1.803447e-09 
198.2050488 3.177042e-09 
199.563077 1.563474e-09 
198.2056979 1.104475e-09 
200.9196955 1.425219e-09 
200.9204184 1.035191e-09 
203.6351137 2.230424e-09 
202.2777606 1.118098e-09 
203.6357214 4.134201e-10 
204.992469 3.176383e-09 
204.9930878 1.609217e-09 
206.3497525 1.755706e-09 
206.3504182 7.053073e-09 
109.9559457 1.146549e-09 
109.956324 1.481837e-09 
112.6717069 1.187558e-09 
115.3870426 1.517788e-09 
115.387464 1.192189e-09 
118.1028026 3.798331e-09 
120.8181421 2.801247e-09 
120.8186108 3.01499e-09 
123.5339349 1.906385e-09 
126.2492498 3.869979e-10 
126.24972 1.578853e-09 
128.965015 1.931219e-09 
131.6803262 4.421556e-09 
131.6807481 7.09779e-10 
134.3960673 1.480267e-09 
137.1113673 5.171173e-09 
137.111792 1.749692e-09 
139.8271021 3.539914e-10 
142.5422834 7.801705e-09 
142.5428094 1.874631e-09 
145.2579948 3.312874e-09 
147.9730959 1.671559e-09 
147.973666 8.393616e-10 
150.6887696 5.944566e-10 
153.4038921 1.22937e-09 
153.4044095 6.13883e-10 
156.1195113 1.679067e-09 
158.8346203 2.778943e-09 
158.8351217 1.586131e-09 
161.5502036 2.094935e-09 
164.2652772 8.863259e-10 
164.2657684 5.714081e-10 
166.9808577 4.353878e-11 
169.6959074 1.42504e-09 
169.6963435 1.871058e-09 
172.411437 1.966897e-09 
175.1264002 7.43596e-09 
175.1268338 2.463181e-09 
177.8418184 7.667247e-09 
180.5567167 9.937437e-09 
180.5571859 4.842217e-10 
183.2720884 2.976463e-09 
185.9869942 5.056541e-09 
185.9875023 2.453826e-09 
188.7024141 1.344853e-09 
191.4172223 2.261505e-09 
191.4178513 6.391647e-09 
194.1326724 1.265047e-09 
196.8473267 4.791415e-09 
196.8480536 2.773359e-10 
199.5627444 2.11598e-09 
202.2774149 1.634095e-09 
202.2780737 1.12444e-09 
204.9927934 4.041032e-09 
108.5982331 2.761221e-09 
109.9561478 1.773419e-09 
108.5985897 8.97773e-10 
111.3135978 5.489851e-10 
111.3139956 1.048864e-09 
112.6715026 5.548045e-10 
114.0293459 1.389549e-09 
112.6718966 5.010552e-10 
114.0297617 6.623005e-10 
115.3872513 2.141838e-09 
116.7446938 2.476716e-09 
118.1025906 2.856422e-09 
116.7451067 2.819578e-09 
118.1030354 2.631661e-09 
119.4604425 2.844783e-09 
119.4609253 3.358945e-09 
122.1757924 7.615313e-10 
122.176253 2.735252e-09 
120.8183727 3.890256e-09 
123.5337026 9.584034e-10 
123.5341801 1.730947e-09 
124.8915771 5.69323e-10 
126.2494881 1.099584e-09 
124.8920537 1.515735e-09 
127.6068929 1.665244e-09 
127.6073549 1.820925e-09 
128.9647896 2.344626e-09 
130.3226654 3.736813e-09 
128.9652429 1.848665e-09 
130.3230882 1.271639e-09 
131.6805395 2.374999e-09 
133.0379739 5.123934e-09 
134.3958521 5.293174e-09 
133.0383927 4.637989e-10 
134.3962683 2.384001e-10 
135.7537233 2.650042e-09 
135.7541034 2.239853e-09 
138.4689715 8.196126e-09 
138.4694421 7.466383e-10 
137.1115947 4.999984e-10 
139.8268417 6.86508e-09 
139.8273186 2.548615e-09 
141.1846958 3.283194e-09 
142.5425714 2.146437e-09 
141.1851351 5.577031e-09 
143.8998314 6.750124e-09 
143.9004004 1.437184e-09 
145.2576932 5.218289e-09 
146.6155278 3.586731e-09 
145.2582631 9.715768e-10 
146.6160558 1.764209e-09 
147.9733897 2.38568e-09 
149.3306537 9.779939e-10 
150.6884945 2.809181e-10 
149.3312055 1.405245e-09 
150.6890442 6.882099e-10 
152.0463153 6.301366e-10 
152.0468328 5.415672e-10 
154.7614637 2.293927e-09 
154.7619536 1.147057e-09 
153.4041411 6.706429e-10 
156.1192656 2.601102e-09 
156.1197669 1.216481e-09 
157.4770682 3.807201e-09 
158.8348583 2.937585e-09 
157.4775612 5.130369e-10 
160.1921624 1.907304e-09 
160.1926605 2.545925e-09 
161.5499485 2.216868e-09 
162.9077435 1.460705e-09 
161.5504503 1.750735e-09 
162.9082216 9.174842e-10 
164.2655262 7.884602e-10 
165.6227842 6.623002e-10 
166.9805947 3.858592e-10 
165.6232993 2.26553e-11 
166.9810584 2.102236e-10 
168.3383869 6.9788e-11 
168.3387784 4.08073e-10 
171.0533678 4.729887e-09 
171.0538844 2.483293e-09 
169.6961589 5.478904e-10 
172.4111744 3.061794e-09 
172.4116035 2.967195e-09 
173.7689295 3.799256e-09 
175.1266518 4.18963e-09 
173.7692905 2.34929e-09 
176.4838237 9.003794e-09 
176.4843332 4.122333e-09 
177.8415683 9.128513e-09 
179.1992704 1.047732e-08 
177.8420286 9.365797e-10 
179.1997158 2.898388e-10 
180.5569542 6.497102e-09 
181.9141601 7.013725e-09 
183.2718551 7.629302e-09 
181.914628 1.773516e-09 
183.2723415 6.005705e-10 
184.6295444 4.785998e-09 
184.6300346 2.408766e-09 
187.3444275 5.645453e-09 
187.3449427 3.589459e-09 
185.9872483 1.232659e-09 
188.7021266 1.958336e-09 
188.7026794 6.461612e-09 
190.0598369 2.150089e-10 
191.4175667 6.783268e-10 
190.0603595 8.52222e-09 
192.7745693 5.034777e-09 
192.7752667 1.807525e-09 
194.1322905 4.76018e-09 
195.4900122 3.579084e-09 
194.1329765 2.03124e-09 
195.4906307 1.949961e-09 
196.8477235 2.57624e-09 
198.2046418 2.019447e-09 
199.562367 1.393081e-09 
198.2054063 1.72948e-09 
199.56307 1.518967e-09 
200.9200774 5.845328e-10 
200.9207142 1.331296e-09 
203.6347556 1.911796e-09 
202.2777599 1.284746e-09 
203.6354293 1.342837e-09 
204.9924682 2.667329e-09 
204.9930917 2.213539e-09 
206.3501139 6.291788e-09 
206.3507091 2.919143e-09 
108.5980204 1.563998e-09 
108.5984189 2.263762e-09 
111.3138026 1.06846e-09 
111.3141792 1.637828e-10 
114.029152 1.143252e-09 
114.0295502 1.199442e-09 
116.7448891 2.499638e-09 
116.7453418 2.253473e-09 
119.460244 2.081458e-09 
119.460679 3.742316e-09 
122.1760161 1.36333e-09 
122.1765004 2.320734e-09 
124.8913457 4.18387e-10 
124.8918208 1.391104e-09 
127.6071306 2.309099e-09 
127.6075843 1.288044e-09 
130.3224357 3.731169e-09 
130.322878 1.71431e-09 
133.038197 3.925661e-09 
133.0385957 1.085504e-09 
135.753486 6.574967e-09 
135.7539203 2.839242e-10 
138.4692271 2.125559e-09 
138.4696272 4.677904e-09 
141.1844126 9.157466e-09 
141.1849448 6.826127e-10 
143.9001264 5.007138e-09 
143.9006194 3.573185e-09 
146.6152398 2.078577e-09 
146.6158197 2.401379e-09 
149.3309233 8.778538e-10 
149.331456 9.599742e-10 
152.0460678 1.792308e-09 
152.0465816 4.840569e-10 
154.7616997 2.668804e-09 
154.7621982 2.836429e-10 
157.4768302 2.536781e-09 
157.4773112 2.650344e-09 
160.1924091 3.788077e-09 
160.1929013 9.979288e-10 
162.9074777 9.035872e-10 
162.9079793 1.276408e-09 
165.6230625 2.614028e-10 
165.6235048 7.724006e-10 
168.3380855 1.227794e-09 
168.3385933 7.700768e-10 
171.0536751 5.452064e-10 
171.0540378 1.275276e-09 
173.768613 6.679837e-09 
173.7691286 3.060625e-09 
176.4841179 7.713378e-09 
176.4845215 7.691959e-10 
179.1989986 6.683311e-09 
179.1994905 4.062205e-09 
181.9144048 7.537009e-09 
181.9148823 7.617732e-10 
184.6293076 6.751648e-09 
184.6297766 1.067051e-09 
187.3446997 2.535131e-09 
187.34519 5.753225e-09 
190.0595229 3.93514e-09 
190.0601166 4.80441e-09 
192.7749494 7.890803e-10 
192.7755077 6.217018e-09 
195.4896097 4.285177e-09 
195.4903607 7.615139e-10 
198.2050492 2.586791e-09 
198.2056891 1.078526e-09 
200.9196973 1.147781e-09 
200.9204165 9.604639e-10 
203.6351138 2.10113e-09 
203.6357251 4.561617e-10 
206.3497464 1.397213e-09 
206.3504239 7.400285e-09 
109.9559429 1.352433e-09 
108.59823 2.628278e-09 
109.9563232 1.075645e-09 
108.5985917 6.329101e-10 
111.3135978 7.724169e-10 
111.3139945 8.366064e-10 
114.0293478 1.333329e-09 
112.6717059 1.153274e-09 
114.02976 5.203752e-10 
115.3870471 1.44156e-09 
115.3874626 1.012397e-09 
116.7446986 2.244373e-09 
118.1028082 3.624264e-09 
116.7451089 2.524894e-09 
119.4604499 2.702304e-09 
119.4609248 2.967702e-09 
120.8181499 2.471487e-09 
122.1757979 5.062449e-10 
122.1762601 2.413966e-09 
120.8186143 2.657921e-09 
123.5339446 1.799881e-09 
126.2492543 6.838553e-10 
124.8915862 7.212724e-10 
126.2497279 1.37277e-09 
124.8920574 1.152299e-09 
127.606895 1.993661e-09 
127.6073632 1.86274e-09 
130.3226693 4.062018e-09 
128.9650213 2.362613e-09 
130.3230949 1.21766e-09 
131.6803232 4.713239e-09 
131.680756 9.666285e-10 
133.0379699 5.4117e-09 
134.3960683 1.559802e-09 
133.0383979 5.263684e-10 
135.7537227 2.933064e-09 
135.7541104 2.14306e-09 
137.1113616 5.67208e-09 
138.4689669 8.27724e-09 
138.4694473 4.646274e-10 
137.1117992 1.367141e-09 
139.827105 6.616014e-10 
142.5422819 7.898524e-09 
141.1846986 3.777195e-09 
142.5428175 1.574041e-09 
141.185141 5.094935e-09 
143.8998309 5.936691e-09 
143.9004075 1.826966e-09 
146.6155339 3.498963e-09 
145.2580005 3.772452e-09 
146.6160573 1.710763e-09 
147.9730963 1.119257e-09 
147.9736708 9.810775e-10 
149.3306575 5.474925e-10 
150.6887706 6.050229e-10 
149.3312092 1.656953e-09 
152.0463195 6.023394e-10 
152.0468285 6.137499e-10 
153.4038911 1.591011e-09 
154.7614701 2.761182e-09 
154.7619506 9.80384e-10 
153.4044068 5.069112e-10 
156.1195048 2.063557e-09 
158.834617 3.376385e-09 
157.4770667 4.526198e-09 
158.8351124 1.789511e-09 
157.4775533 4.369907e-10 
160.1921686 2.147585e-09 
160.1926491 2.62075e-09 
162.9077351 1.97831e-09 
161.5501903 2.418851e-09 
162.9082103 1.545603e-09 
164.2652708 1.014886e-09 
164.265755 9.376717e-10 
165.6227886 2.244555e-10 
166.9808415 1.040879e-10 
165.623282 4.020922e-11 
168.3383744 1.115801e-10 
168.3387695 5.827503e-10 
169.6958987 5.684767e-10 
171.0533678 2.611845e-09 
171.0538694 2.323039e-09 
169.696334 1.501815e-09 
172.4114252 1.654674e-09 
175.1263909 5.743643e-09 
173.7689179 2.981035e-09 
175.1268338 1.903912e-09 
173.7692888 1.256304e-09 
176.4838196 6.699442e-09 
176.4843263 3.940084e-09 
179.1992667 9.347729e-09 
177.8418158 6.907024e-09 
179.1997168 8.029153e-11 
180.5567135 8.543355e-09 
180.557191 9.744111e-10 
181.9141616 5.932596e-09 
183.272094 3.081127e-09 
181.9146289 2.257113e-09 
184.6295514 4.95596e-09 
184.6300317 2.197722e-09 
185.9870014 4.882634e-09 
187.3444395 5.031399e-09 
187.3449449 4.07167e-09 
185.9875041 2.770433e-09 
188.7024203 1.481847e-09 
191.4172342 1.950199e-09 
190.0598475 4.844948e-10 
191.4178444 6.465006e-09 
190.0603499 8.201568e-09 
192.774584 4.439353e-09 
192.7752644 2.346191e-09 
195.4900183 3.181339e-09 
194.1326732 9.930085e-10 
195.4906197 2.078824e-09 
196.847335 3.929667e-09 
196.8480441 4.762685e-10 
198.204649 1.7725e-09 
198.2054031 1.735418e-09 
199.5627434 1.729535e-09 
200.9200776 3.56931e-10 
200.9207127 1.163274e-09 
202.2774155 1.353567e-09 
203.6347519 1.535846e-09 
203.6354309 1.356021e-09 
202.2780734 1.142824e-09 
204.9927942 4.334351e-09 
206.350111 6.124478e-09 
206.3507164 3.018977e-09 
109.9561465 1.53822e-09 
112.6715034 5.414445e-10 
112.6718955 3.451383e-10 
115.3872535 1.95591e-09 
118.102596 2.616247e-09 
118.1030365 2.239684e-09 
120.8183803 3.529761e-09 
123.5337106 8.723915e-10 
123.5341856 1.329421e-09 
126.249498 1.153985e-09 
128.9647949 2.725358e-09 
128.9652501 1.794837e-09 
131.6805454 2.708398e-09 
134.3958518 5.607353e-09 
134.3962743 1.654486e-10 
137.1115986 6.925155e-10 
139.8268423 7.283249e-09 
139.8273252 1.97492e-09 
142.5425791 2.744767e-09 
145.2576984 4.932898e-09 
145.2582692 1.056226e-09 
147.9733987 2.613209e-09 
150.6885024 1.943634e-10 
150.6890458 7.665734e-10 
153.4041461 4.27793e-10 
156.119272 3.15051e-09 
156.1197625 7.16606e-10 
158.8348544 2.841308e-09 
161.5499497 2.843286e-09 
161.5504381 1.825931e-09 
164.2655132 7.444207e-10 
166.9805915 2.37967e-10 
166.9810431 6.061283e-10 
169.6961438 9.361143e-10 
172.4111684 1.947336e-09 
172.4115934 2.682729e-09 
175.1266415 4.327352e-09 
177.8415641 7.903834e-09 
177.842025 1.172142e-09 
180.5569531 6.670858e-09 
183.2718602 7.313534e-09 
183.272341 1.027983e-09 
185.987255 1.825585e-09 
188.7021401 1.779277e-09 
188.7026774 6.569742e-09 
191.4175743 9.964238e-10 
194.132304 4.459603e-09 
194.1329715 2.43113e-09 
196.8477279 2.194621e-09 
199.5623729 1.028791e-09 
199.5630676 1.429895e-09 
202.2777605 1.200395e-09 
204.9924638 2.684584e-09 
204.9930954 2.218026e-09 
108.5980179 1.595913e-09 
109.9559426 1.185849e-09 
108.59842 1.952066e-09 
109.9563234 9.876991e-10 
111.3138031 9.284707e-10 
111.3141799 1.544988e-10 
114.0291526 1.066994e-09 
112.6717069 1.041467e-09 
114.0295518 9.745799e-10 
115.387048 1.378169e-09 
115.3874631 7.692917e-10 
116.7448919 2.334347e-09 
118.1028104 3.258385e-09 
116.7453425 2.052498e-09 
119.460247 1.859817e-09 
119.460683 3.331751e-09 
120.8181536 2.296598e-09 
122.1760229 1.263238e-09 
120.8186163 2.333697e-09 
122.1765019 2.010391e-09 
123.5339503 1.5448e-09 
124.891352 4.615786e-10 
126.249262 7.53962e-10 
124.8918272 1.146191e-09 
126.2497312 1.113935e-09 
127.6071391 2.389131e-09 
127.6075866 1.024458e-09 
130.3224398 3.899273e-09 
128.9650286 2.410011e-09 
130.3228838 1.779097e-09 
131.6803297 4.908739e-09 
131.6807588 8.675425e-10 
133.0382016 4.088379e-09 
134.3960738 1.790311e-09 
133.0385985 9.037185e-10 
135.7534861 6.510322e-09 
135.7539251 2.446005e-10 
137.1113662 5.813935e-09 
138.4692308 2.417185e-09 
137.1118017 1.051281e-09 
138.4696309 4.14792e-09 
139.8271111 9.685212e-10 
141.1844138 8.643283e-09 
142.5422883 7.992195e-09 
141.1849512 7.088646e-10 
142.5428204 1.347888e-09 
143.9001338 5.346369e-09 
143.9006206 3.278314e-09 
146.6152462 1.386613e-09 
145.2580092 4.207419e-09 
146.6158258 2.983826e-09 
147.9731071 9.474938e-10 
147.9736727 1.334815e-09 
149.330934 7.124153e-10 
150.6887818 5.591329e-10 
149.3314514 1.233598e-09 
152.0460798 1.999475e-09 
152.046585 3.947998e-10 
153.4039046 1.666536e-09 
154.761709 2.55168e-09 
153.4044075 2.842837e-10 
154.7621902 2.559264e-10 
156.1195129 1.405476e-09 
157.4768428 2.909805e-09 
158.8346266 3.747222e-09 
157.4773083 1.938324e-09 
158.8351081 1.185962e-09 
160.1924107 4.137364e-09 
160.19289 1.049329e-09 
162.907488 1.164751e-09 
161.550189 2.083388e-09 
162.9079668 1.045925e-09 
164.2652751 1.367524e-09 
164.2657441 1.291451e-09 
165.6230558 4.730962e-10 
166.9808332 3.316405e-10 
165.6234917 1.47887e-09 
168.3380925 3.584008e-10 
168.3385761 1.056974e-09 
169.6958996 2.444015e-10 
171.0536638 8.787686e-10 
169.6963217 2.054615e-09 
171.0540289 8.153153e-10 
172.4114151 2.866602e-09 
173.7686146 4.642212e-09 
175.1263902 5.259095e-09 
173.7691139 3.388512e-09 
175.126823 2.088842e-09 
176.4841089 7.585132e-09 
176.4845167 2.678477e-10 
179.1990002 5.687648e-09 
177.8418086 7.717979e-09 
179.1994831 4.510377e-09 
180.5567162 8.662714e-09 
180.5571834 1.219211e-09 
181.9144054 7.809118e-09 
183.2720938 3.852965e-09 
181.9148787 7.183257e-10 
184.6293167 6.286003e-09 
184.6297768 1.640297e-09 
185.9870104 4.852185e-09 
187.3447092 2.989403e-09 
185.9875012 2.588246e-09 
187.3451853 4.932e-09 
188.702427 2.087571e-09 
190.0595362 3.377808e-09 
191.417246 1.948847e-09 
190.0601196 5.491696e-09 
191.4178451 6.738901e-09 
192.7749598 1.049797e-09 
192.7755017 6.184022e-09 
195.4896187 4.622023e-09 
194.1326823 1.13615e-09 
195.4903626 1.070288e-09 
196.8473435 4.246163e-09 
196.8480461 5.334635e-10 
198.2050537 2.60327e-09 
199.5627484 1.512635e-09 
198.2056861 1.072262e-09 
200.919698 8.627981e-10 
200.9204169 8.809136e-10 
202.2774157 1.192798e-09 
203.6351106 1.965168e-09 
202.2780752 1.046698e-09 
203.6357282 3.519631e-10 
204.9927914 4.297406e-09 
206.3497416 1.363879e-09 
206.3504233 7.31426e-09 
108.5982321 2.395411e-09 
108.5985921 8.233043e-10 
111.3135969 5.524779e-10 
111.3139972 7.264586e-10 
114.0293484 1.243776e-09 
114.0297623 5.469996e-10 
116.7446963 2.212481e-09 
116.7451109 2.224334e-09 
119.4604498 2.54298e-09 
119.4609271 2.915023e-09 
122.1758003 4.882087e-10 
122.1762616 2.192992e-09 
124.8915906 5.706252e-10 
124.892057 1.005864e-09 
127.6069025 1.930172e-09 
127.6073654 1.650013e-09 
130.3226763 3.957625e-09 
130.3230924 9.958607e-10 
133.0379766 5.239655e-09 
133.0384008 6.674572e-10 
135.7537287 2.91276e-09 
135.7541087 1.710117e-09 
138.4689715 7.754449e-09 
138.4694511 4.632098e-10 
141.1847045 3.993924e-09 
141.1851399 4.751874e-09 
143.8998371 5.548259e-09 
143.9004111 2.079188e-09 
146.615543 3.69793e-09 
146.6160528 1.775148e-09 
149.3306693 4.365177e-10 
149.3312134 2.129096e-09 
152.0463329 3.664109e-10 
152.046822 8.442125e-10 
154.7614847 2.876519e-09 
154.7619549 4.445087e-10 
157.4770777 3.993483e-09 
157.4775459 2.371831e-10 
160.1921811 2.370843e-09 
160.1926478 1.873851e-09 
162.9077387 1.948476e-09 
162.9082006 1.690645e-09 
165.6227987 3.08339e-10 
165.6232736 1.85723e-10 
168.3383713 4.976747e-10 
168.3387596 8.062575e-10 
171.0533745 1.818866e-09 
171.053857 3.289047e-09 
173.7689112 4.194022e-09 
173.7692798 8.050555e-10 
176.4838244 6.152402e-09 
176.4843145 4.608615e-09 
179.1992625 1.05054e-08 
179.1997094 2.535639e-10 
181.9141681 6.148408e-09 
181.9146226 2.663645e-09 
184.6295536 5.653176e-09 
184.6300281 1.505546e-09 
187.3444472 4.596475e-09 
187.3449463 4.372111e-09 
190.0598546 7.582197e-10 
190.0603505 7.664639e-09 
192.7745886 5.105797e-09 
192.7752711 2.685065e-09 
195.4900252 3.813187e-09 
195.4906222 2.241168e-09 
198.2046499 2.164656e-09 
198.205408 1.710871e-09 
200.9200781 2.795259e-10 
200.9207144 1.147575e-09 
203.6347508 1.604998e-09 
203.6354289 1.090503e-09 
206.3501062 6.611319e-09 
206.350716 2.519759e-09 
108.59802 1.212889e-09 
108.5984225 2.263481e-09 
109.9561488 1.452717e-09 
111.3138054 8.397113e-10 
111.3141813 3.91898e-10 
114.0291487 8.768134e-10 
112.6715033 4.637023e-10 
114.0295542 8.562656e-10 
112.6718967 3.014143e-10 
115.3872535 1.781028e-09 
118.1025934 2.657985e-09 
116.7448883 2.24584e-09 
118.1030372 2.137376e-09 
116.7453461 2.257615e-09 
119.4602428 2.20922e-09 
119.4606813 3.274979e-09 
122.1760189 1.201627e-09 
120.8183787 3.304609e-09 
122.1765021 2.138231e-09 
123.5337122 7.616248e-10 
123.5341847 1.234246e-09 
124.8913546 2.57314e-10 
126.2494995 9.306185e-10 
124.8918237 1.068573e-09 
127.6071407 2.013157e-09 
127.6075816 1.031259e-09 
130.3224479 3.663285e-09 
128.964802 2.656541e-09 
130.3228821 1.628187e-09 
128.9652482 1.571873e-09 
131.6805499 2.675446e-09 
134.3958603 5.490059e-09 
133.0382076 3.916922e-09 
134.3962723 4.655768e-11 
133.0385918 5.550966e-10 
135.7534946 5.954628e-09 
135.7539258 5.326675e-10 
138.4692362 2.21336e-09 
137.1116034 8.43638e-10 
138.4696259 4.043022e-09 
139.8268499 7.200435e-09 
139.8273232 1.8837e-09 
141.1844203 8.444514e-09 
141.1849511 6.885726e-10 
142.5425833 2.863786e-09 
143.9001378 5.505443e-09 
143.9006155 3.268962e-09 
145.2577069 5.011947e-09 
146.6152541 1.550737e-09 
146.6158256 3.124728e-09 
145.258267 1.134277e-09 
147.9734062 2.856329e-09 
150.6885154 1.320256e-10 
149.3309422 9.984484e-10 
150.6890463 9.591602e-10 
149.3314464 1.24119e-09 
152.0460905 1.785684e-09 
152.0465894 5.868192e-10 
154.7617211 1.864907e-09 
153.4041582 1.145982e-10 
154.7621871 2.58863e-10 
156.1192854 2.858419e-09 
156.119765 2.363286e-10 
157.4768527 2.728587e-09 
157.4773147 1.197631e-09 
158.834864 2.096197e-09 
160.1924212 3.443533e-09 
160.1928872 6.755719e-10 
162.9074961 1.19141e-09 
161.5499592 2.86136e-09 
162.9079708 8.01394e-10 
161.5504373 1.516095e-09 
164.2655171 6.386225e-10 
166.9805986 1.944262e-10 
165.6230626 3.434137e-10 
166.9810384 1.211153e-09 
165.6234882 1.325823e-09 
168.3380995 4.274706e-10 
168.3385756 1.884938e-09 
171.0536662 2.148387e-09 
169.696143 2.067368e-09 
171.0540226 7.662226e-10 
172.4111739 2.314805e-09 
172.4115844 3.35232e-09 
173.7686217 5.159081e-09 
173.7691079 4.472347e-09 
175.1266367 6.114305e-09 
176.4841078 9.84286e-09 
176.4845078 5.003184e-10 
179.1990073 6.744431e-09 
177.8415687 8.861044e-09 
179.1994749 4.884206e-09 
177.8420131 1.2399e-09 
180.5569477 7.776268e-09 
183.2718646 8.1671e-09 
181.914403 9.275941e-09 
183.2723327 5.929015e-10 
181.914873 8.142359e-10 
184.6293198 6.790814e-09 
184.6297725 1.415394e-09 
187.344708 3.081428e-09 
185.987254 2.283432e-09 
187.3451878 4.327714e-09 
188.7021446 1.655839e-09 
188.702678 6.391277e-09 
190.0595335 3.760089e-09 
190.060124 5.54224e-09 
191.4175807 1.302524e-09 
192.7749621 1.447672e-09 
192.7755107 6.289445e-09 
195.4896139 5.844982e-09 
194.1323081 5.372638e-09 
195.4903716 7.996259e-10 
194.132979 2.492009e-09 
196.8477362 2.238724e-09 
199.5623748 1.216084e-09 
198.205056 3.09969e-09 
199.5630732 1.427629e-09 
198.2056929 1.124269e-09 
200.9196967 9.063565e-10 
200.9204189 9.150384e-10 
203.6351086 2.003838e-09 
202.2777615 9.8705e-10 
203.6357264 2.492172e-10 
204.9924618 3.219784e-09 
204.9930938 1.549753e-09 
206.3497448 1.79181e-09 
206.3504173 6.827054e-09 
109.9559453 9.268769e-10 
109.9563241 1.339025e-09 
112.6717083 1.001309e-09 
115.3870439 1.45018e-09 
115.3874646 8.312004e-10 
118.1028059 3.211828e-09 
120.8181477 2.509105e-09 
120.8186139 2.502684e-09 
123.5339438 1.510705e-09 
126.2492618 4.537755e-10 
126.2497254 1.158709e-09 
128.9650266 2.028627e-09 
131.6803364 4.679753e-09 
131.6807527 5.975098e-10 
134.3960762 1.826384e-09 
137.1113745 5.42837e-09 
137.1117962 1.306748e-09 
139.8271121 8.135415e-10 
142.5422939 7.987822e-09 
142.542814 1.433957e-09 
145.258009 4.086625e-09 
147.9731136 1.268832e-09 
147.9736689 1.221622e-09 
150.6887875 7.440757e-10 
153.4039139 1.212352e-09 
153.4044103 2.269957e-10 
156.1195241 8.569212e-10 
158.8346357 3.171607e-09 
158.8351145 6.688706e-10 
161.5502011 1.682952e-09 
164.265284 1.037137e-09 
164.2657504 1.179147e-09 
166.9808439 6.912763e-10 
169.6959089 6.708619e-10 
169.6963232 2.657446e-09 
172.4114204 4.391277e-09 
175.126399 6.897594e-09 
175.126816 2.462196e-09 
177.8418066 9.205511e-09 
180.5567209 1.050201e-08 
180.5571732 7.388623e-10 
183.2720878 4.22719e-09 
185.9870086 5.28536e-09 
185.9874974 2.117567e-09 
188.7024247 2.083503e-09 
191.4172414 2.358426e-09 
191.4178521 6.80758e-09 
194.1326869 1.21184e-09 
196.8473404 5.227694e-09 
196.8480565 3.341301e-10 
199.5627524 1.700712e-09 
202.2774153 1.351317e-09 
202.2780765 9.960145e-10 
204.9927888 3.932861e-09 
