# c_kinat vs. Position.Y (3040 data points):
# Position.Y c_kinat
1.342436 3.921626e-09 
1.3429442 3.96086e-09 
2.7001182 2.857303e-09 
2.7006377 1.652072e-09 
4.0573324 4.128066e-10 
5.4150447 3.721091e-10 
4.0578994 1.55233e-09 
5.4156278 4.194934e-10 
6.7728389 8.913725e-11 
6.7734412 2.264698e-10 
9.4877631 2.76242e-09 
8.1305752 4.168737e-10 
9.4883964 5.347258e-10 
8.1312054 3.907202e-10 
10.8454967 3.400541e-09 
10.8461623 6.049891e-10 
12.2033219 2.26639e-09 
13.5610768 8.160956e-10 
12.2039803 1.191373e-09 
13.5617352 2.405703e-09 
14.9182597 4.137513e-09 
14.9188932 1.834779e-10 
16.2760042 1.849447e-09 
17.6338144 1.095691e-09 
16.2766438 5.566566e-10 
17.6344528 1.023765e-09 
20.3487585 1.873267e-09 
18.9915618 6.20032e-10 
20.3493708 3.958018e-10 
18.9922042 9.404402e-10 
21.7065187 2.634684e-09 
21.7071283 4.705262e-10 
23.0643348 4.365626e-09 
24.4221115 4.39397e-09 
23.0649664 1.403468e-09 
24.4227367 1.770647e-09 
25.7793027 4.045583e-09 
25.7799425 3.278487e-09 
27.1371113 5.592101e-09 
28.4949612 5.575318e-09 
27.1377131 1.482807e-09 
28.495546 8.797137e-10 
29.8527522 4.040662e-09 
29.8533037 1.626475e-09 
31.2099414 3.092506e-09 
32.5677611 1.378891e-09 
31.2105718 3.591467e-09 
32.5683215 5.434764e-09 
33.9256081 1.919318e-09 
33.9261324 4.386028e-09 
36.640584 2.296538e-10 
35.2833773 4.098277e-09 
36.6411939 5.26236e-09 
35.2838996 2.424024e-09 
37.9983842 3.234133e-10 
37.9989571 3.344361e-09 
39.3562377 7.799124e-10 
40.7140226 1.405038e-09 
39.3568064 1.385912e-09 
40.7146181 3.5028e-10 
42.0712387 1.629346e-09 
42.0718894 1.199846e-09 
43.4290542 1.944315e-09 
44.7869413 1.497675e-09 
43.4296934 8.723395e-10 
44.7875802 1.575458e-09 
46.1447523 1.118567e-09 
46.1454012 2.766475e-09 
47.5019872 4.592354e-09 
48.859806 1.694075e-09 
47.5026411 1.525293e-09 
48.8604573 2.622342e-09 
50.2176831 4.256452e-10 
50.2183479 3.372121e-09 
52.932765 2.229627e-09 
51.5754967 3.920351e-10 
52.9333835 1.105375e-09 
51.5761786 3.725489e-09 
54.2905681 8.748217e-10 
54.2912356 2.216098e-09 
55.648438 8.595051e-10 
57.0062931 3.344156e-09 
55.649154 2.794251e-09 
57.0070187 1.342429e-09 
58.3635685 2.721048e-09 
58.3642129 5.814327e-09 
59.7214038 3.926544e-09 
61.0793129 5.38386e-09 
59.72211 3.992006e-09 
61.0800369 2.117764e-09 
62.4372062 6.564229e-09 
62.4378884 1.458522e-09 
63.7944819 3.364275e-09 
65.1523455 3.768527e-09 
63.7951361 3.182995e-09 
65.1530119 6.317748e-10 
66.5102687 2.056805e-09 
66.5109103 9.194707e-10 
69.2254472 1.129901e-09 
67.8681411 1.022815e-09 
69.2260526 2.176019e-10 
67.8687364 1.726224e-09 
70.5833056 9.224769e-10 
70.5838992 2.033962e-10 
71.9412222 8.525678e-10 
73.2990783 5.992201e-10 
71.9417939 1.470201e-10 
73.2996301 1.641491e-10 
74.6564352 1.255725e-09 
74.6569862 3.34374e-10 
76.0142992 1.262565e-09 
77.3722124 8.369883e-10 
76.0148306 1.155188e-10 
77.3727291 1.477155e-10 
78.7300623 1.717107e-10 
78.7305727 4.939205e-10 
80.0874786 9.284087e-10 
81.4453366 4.332295e-10 
80.0879608 8.309453e-11 
81.4457977 2.468445e-10 
82.80323 3.21426e-10 
82.8036968 7.852101e-10 
85.5185252 8.952755e-10 
84.1610644 8.141751e-10 
85.5189594 1.865938e-09 
84.1615408 9.936699e-10 
86.8763669 1.86203e-09 
86.8767953 1.872109e-09 
88.2342516 1.953781e-09 
89.5920906 2.171994e-09 
88.2347102 2.445143e-09 
89.5925563 2.090174e-09 
90.9495702 1.768142e-09 
90.9500018 3.22923e-09 
92.3074198 1.633587e-09 
93.6653174 1.595357e-09 
92.3078484 3.065734e-09 
93.6657636 2.115336e-09 
95.0231735 2.153392e-09 
95.0235975 1.074437e-09 
96.3806623 8.523261e-10 
97.7385206 1.619046e-09 
96.3810798 2.381831e-09 
97.7389205 2.684781e-09 
99.0964127 2.906438e-09 
99.0968007 1.543863e-09 
101.8117675 1.03999e-09 
100.4542568 4.752072e-09 
101.8121285 5.275245e-09 
100.4546181 9.074647e-10 
103.1696045 2.52037e-09 
103.1699507 4.928286e-09 
104.5274759 4.626045e-09 
105.885295 4.814885e-09 
104.5278027 3.016729e-09 
105.885618 1.408721e-09 
107.2428538 1.34331e-09 
107.2431505 4.494785e-09 
1.342152 2.80595e-09 
1.3426957 4.804123e-09 
2.6998427 1.108167e-09 
2.7003777 3.353247e-09 
4.0576222 1.246575e-09 
5.4153387 5.481174e-10 
4.0581709 9.809424e-10 
5.4159149 2.108676e-10 
6.7725392 3.465334e-10 
6.7731409 5.687623e-11 
8.1302593 1.390085e-09 
9.4880735 1.392054e-09 
8.1308952 1.981897e-10 
9.4887182 6.087125e-10 
10.845826 1.362e-09 
10.8464841 1.410439e-09 
12.2030066 5.065901e-09 
13.560749 3.311147e-09 
12.203651 5.575259e-10 
13.5614125 7.394714e-10 
14.9185698 1.508894e-09 
14.9192213 1.776256e-09 
17.6335091 2.041755e-09 
16.2763191 2.859117e-10 
17.6341265 1.134999e-10 
16.2769685 1.79938e-09 
18.9912565 1.549298e-09 
20.3490624 2.219087e-09 
18.9918754 1.96833e-11 
21.7068209 2.184858e-09 
20.3496981 4.886576e-10 
21.7074609 1.612514e-09 
23.0640163 2.711341e-09 
24.4218008 4.403147e-09 
23.0646421 2.224374e-09 
24.4224109 1.527911e-09 
25.7796363 6.615622e-09 
25.7802543 1.363339e-09 
28.4946134 4.729736e-09 
27.1374276 5.403399e-09 
28.4952582 2.946293e-09 
27.1380206 8.466024e-10 
29.8524367 4.217035e-09 
29.853019 2.641157e-09 
31.2102896 2.95392e-09 
32.5680692 3.720254e-09 
31.2108359 2.687705e-09 
32.5685904 3.127362e-09 
33.9252664 1.028079e-09 
33.9258798 5.68439e-09 
35.2830749 3.337583e-10 
36.6409183 1.817364e-09 
35.2836278 6.021628e-09 
36.6414517 3.205378e-09 
37.9986884 2.994943e-09 
37.9992418 8.593951e-10 
39.3559022 3.626381e-10 
40.7137064 6.365578e-10 
39.3565273 2.57709e-09 
40.7143125 1.203263e-09 
42.0715769 6.289055e-10 
42.0721879 8.002194e-10 
44.7866024 3.909306e-09 
43.4293782 1.422539e-09 
44.7872639 1.448073e-09 
43.4300096 8.714651e-10 
46.1444253 2.766477e-09 
46.1450756 1.583415e-09 
47.5023122 1.40648e-09 
48.8601232 6.124175e-10 
47.502966 2.904085e-09 
48.8607867 4.432793e-09 
50.2173776 3.06812e-09 
50.2180086 1.333439e-09 
51.5751855 8.378036e-10 
52.9330515 9.156216e-11 
51.575836 2.631411e-09 
52.933739 2.64421e-09 
54.2908794 7.350711e-10 
54.2915881 2.161848e-09 
55.6481565 2.475152e-09 
57.0059703 1.82692e-09 
55.6487808 2.685627e-09 
57.0066605 3.300568e-09 
58.3638581 3.390428e-09 
58.364591 3.15823e-09 
61.0790127 3.435501e-09 
59.7217389 6.624213e-09 
61.079671 5.903638e-09 
59.7224559 1.061037e-09 
62.4368679 5.276541e-09 
62.4375637 2.240173e-09 
63.7947902 4.303656e-09 
65.1526763 3.182362e-09 
63.7954768 1.100489e-09 
65.1533112 2.249464e-09 
66.5099646 2.258793e-09 
66.5105968 7.895699e-10 
67.8678259 1.773959e-09 
69.2257453 9.685108e-10 
67.8684527 2.495216e-10 
69.2263457 5.627161e-10 
70.5836046 5.366491e-10 
70.5841743 6.344273e-10 
71.9409354 9.525336e-10 
73.2987949 1.102015e-09 
71.9415138 2.628138e-10 
73.2993577 2.09525e-10 
74.6567113 1.104202e-09 
74.6572563 1.009559e-10 
77.371952 1.581212e-09 
76.0145652 5.173179e-10 
77.3724703 1.70416e-10 
76.0150981 2.59156e-10 
78.7298165 9.56848e-10 
78.7303116 6.716532e-11 
80.0877213 2.388339e-10 
81.4455631 1.568588e-10 
80.0882091 3.280053e-10 
81.4460522 7.056195e-10 
82.8030044 3.501022e-10 
82.803457 7.007753e-10 
84.1608532 8.508239e-10 
85.5187387 1.295672e-09 
84.1612911 8.257705e-10 
85.5191966 1.422287e-09 
86.8765719 1.783122e-09 
86.8770422 1.498913e-09 
88.2340437 1.658393e-09 
89.5918863 2.173411e-09 
88.2344739 2.811853e-09 
89.5923157 2.789189e-09 
90.9497771 1.980574e-09 
90.9502349 2.550318e-09 
93.66511 1.210591e-09 
92.3076265 2.24065e-09 
93.6655399 2.554042e-09 
92.3080775 1.674159e-09 
95.0229669 1.404376e-09 
95.0233874 2.344897e-09 
96.3808659 1.895824e-09 
97.7387208 3.078043e-09 
96.381287 1.187074e-09 
97.7391116 6.543559e-10 
99.0962169 8.520398e-10 
99.0966101 3.318564e-09 
100.4540674 2.247177e-09 
101.8119477 4.234263e-09 
100.4544417 3.850704e-09 
101.8123042 2.391017e-09 
103.1697785 5.618489e-09 
103.1701194 1.222853e-09 
104.5273109 1.244622e-09 
105.8851357 2.337737e-09 
104.5276377 5.732154e-09 
105.8854548 4.324419e-09 
107.243004 3.453835e-09 
107.2433028 2.679896e-09 
2.7001174 2.888616e-09 
2.7006389 1.750465e-09 
5.4150445 3.833595e-10 
5.4156279 4.155334e-10 
8.1305752 4.67482e-10 
8.1312058 4.355003e-10 
10.8454958 3.496462e-09 
10.8461631 7.445371e-10 
13.5610765 9.822089e-10 
13.5617366 2.385557e-09 
16.276002 1.763062e-09 
16.2766448 4.687038e-10 
18.9915604 7.460803e-10 
18.9922059 9.098771e-10 
21.7065156 2.606314e-09 
21.707129 6.139825e-10 
24.4221108 4.827603e-09 
24.4227376 1.817356e-09 
27.1371098 5.873048e-09 
27.1377137 1.588839e-09 
29.8527525 4.124113e-09 
29.8533033 1.681155e-09 
32.5677609 1.411525e-09 
32.568321 5.444335e-09 
35.2833761 4.151521e-09 
35.2838989 2.334885e-09 
37.9983831 3.823748e-10 
37.9989551 3.262363e-09 
40.7140192 1.557636e-09 
40.7146184 3.104296e-10 
43.4290523 1.885904e-09 
43.4296909 8.61e-10 
46.1447482 1.26042e-09 
46.1454022 2.622733e-09 
48.8598044 1.704277e-09 
48.8604549 2.644686e-09 
51.5754939 3.641399e-10 
51.5761792 3.766202e-09 
54.2905679 9.980546e-10 
54.2912341 2.236572e-09 
57.0062926 3.245146e-09 
57.0070184 1.43134e-09 
59.7214051 4.048439e-09 
59.7221093 3.832985e-09 
62.4372069 6.259633e-09 
62.4378877 1.497136e-09 
65.1523473 3.812526e-09 
65.1530115 5.77586e-10 
67.8681414 9.375302e-10 
67.8687361 1.698524e-09 
70.5833066 9.958847e-10 
70.5838989 2.68519e-10 
73.2990782 6.557613e-10 
73.2996306 1.520311e-10 
76.0142992 1.346612e-09 
76.0148309 1.272322e-10 
78.7300625 1.465414e-10 
78.7305735 5.137304e-10 
81.4453361 3.924851e-10 
81.4457986 2.740599e-10 
84.161065 8.632675e-10 
84.1615413 9.212073e-10 
86.8763663 1.828032e-09 
86.8767963 1.687193e-09 
89.5920911 2.235389e-09 
89.5925566 1.879378e-09 
92.3074189 1.731619e-09 
92.307849 2.61661e-09 
95.0231734 2.150132e-09 
95.0235978 8.740086e-10 
97.7385196 1.726342e-09 
97.7389207 2.35412e-09 
100.4542564 4.634047e-09 
100.4546184 8.452982e-10 
103.1696036 2.516863e-09 
103.1699506 4.744738e-09 
105.8852946 4.530092e-09 
105.8856182 1.424803e-09 
1.3424345 3.922127e-09 
1.342946 4.029086e-09 
2.6998413 1.076572e-09 
2.7003783 3.376858e-09 
4.0573324 4.052458e-10 
5.4153378 5.238925e-10 
4.0578992 1.520054e-09 
5.4159159 2.041682e-10 
6.7728384 1.016671e-10 
6.7734414 2.488207e-10 
9.4877624 2.742928e-09 
8.1302584 1.410605e-09 
8.1308952 2.525822e-10 
9.488396 6.984114e-10 
10.8458254 1.580292e-09 
10.846485 1.357449e-09 
12.2033204 2.40254e-09 
13.5607464 3.234876e-09 
13.5614137 7.46429e-10 
12.2039812 1.207474e-09 
14.9182573 3.873809e-09 
14.9188928 2.823394e-10 
17.6338116 1.249401e-09 
16.2763182 5.010794e-10 
17.6344549 8.964585e-10 
16.276971 1.740897e-09 
20.3487544 1.752596e-09 
18.9912524 1.598257e-09 
18.9918774 5.59776e-12 
20.3493707 6.048996e-10 
21.70682 2.508613e-09 
21.7074632 1.814332e-09 
24.4217976 4.752216e-09 
23.0643325 4.78458e-09 
24.4224124 1.679445e-09 
23.0649682 1.534187e-09 
25.7792988 4.249815e-09 
25.7799431 3.569773e-09 
28.4949606 5.821892e-09 
27.1374276 5.633553e-09 
28.4955469 9.614523e-10 
27.1380217 9.877514e-10 
29.8524355 4.389209e-09 
29.8530197 2.590601e-09 
31.2099393 3.233901e-09 
32.5680692 3.590154e-09 
31.2105722 3.528555e-09 
32.5685911 2.981611e-09 
33.9256073 1.807585e-09 
33.9261323 4.261401e-09 
36.6405822 2.008503e-10 
35.2830731 2.644064e-10 
36.6411928 5.157286e-09 
35.2836281 5.80748e-09 
37.9986868 2.887622e-09 
37.9992437 7.344502e-10 
40.7137023 5.48318e-10 
39.356235 8.016011e-10 
40.7143131 1.019275e-09 
39.3568065 1.196447e-09 
42.0712364 1.47925e-09 
42.0718872 1.212831e-09 
44.7869376 1.584185e-09 
43.4293752 1.437474e-09 
44.787581 1.398664e-09 
43.4300134 7.235567e-10 
46.1444206 2.569548e-09 
46.1450766 1.511821e-09 
47.5019851 4.481215e-09 
48.8601205 6.45812e-10 
47.502639 1.610472e-09 
48.8607907 4.283807e-09 
50.2176804 4.64299e-10 
50.2183489 3.364698e-09 
52.9327638 2.319825e-09 
51.5751828 8.467804e-10 
52.9333827 1.104858e-09 
51.5758371 2.717659e-09 
54.2908788 7.731544e-10 
54.2915905 2.209206e-09 
57.0059706 1.93706e-09 
55.6484378 9.256643e-10 
57.0066615 3.320503e-09 
55.6491546 2.826789e-09 
58.363569 2.764749e-09 
58.3642138 5.651278e-09 
61.079315 5.366192e-09 
59.7217405 6.523556e-09 
61.080037 2.039519e-09 
59.7224567 1.044362e-09 
62.4368702 5.283739e-09 
62.4375649 2.133814e-09 
63.7944836 3.431069e-09 
65.1526785 2.990474e-09 
63.7951376 2.912611e-09 
65.1533116 2.148233e-09 
66.5102713 2.014473e-09 
66.5109103 9.265322e-10 
69.2254487 1.155735e-09 
67.867828 1.693965e-09 
69.226054 2.183345e-10 
67.868454 2.360955e-10 
70.5836062 5.939749e-10 
70.5841755 5.127963e-10 
73.2987953 1.059473e-09 
71.9412239 9.210998e-10 
73.2993594 2.238734e-10 
71.9417943 1.318367e-10 
74.6564354 1.327318e-09 
74.6569873 3.705218e-10 
77.3722129 8.624951e-10 
76.0145657 5.199372e-10 
77.3727299 1.365742e-10 
76.0151002 2.603705e-10 
78.7298151 9.323566e-10 
78.7303133 9.022735e-11 
80.0874777 9.770497e-10 
81.4455629 1.308116e-10 
80.0879615 8.6675e-11 
81.4460544 7.257975e-10 
82.8032299 3.090579e-10 
82.8036974 7.017689e-10 
85.5185242 7.615168e-10 
84.1608512 7.490312e-10 
85.5189595 1.710501e-09 
84.1612922 7.580742e-10 
86.8765712 1.677196e-09 
86.8770434 1.407707e-09 
89.5918849 2.102882e-09 
88.2342511 2.02138e-09 
89.5923158 2.315399e-09 
88.23471 2.075631e-09 
90.9495697 1.66259e-09 
90.9500009 2.779961e-09 
93.6653164 1.628613e-09 
92.3076258 1.956503e-09 
93.6657629 1.743323e-09 
92.3080778 1.568549e-09 
95.0229662 1.411679e-09 
95.023387 1.882479e-09 
96.3806616 8.401651e-10 
97.7387203 2.872397e-09 
96.3810785 2.070272e-09 
97.7391117 6.080298e-10 
99.0964112 2.887789e-09 
99.0968005 1.381412e-09 
101.8117661 1.087986e-09 
100.4540665 2.295333e-09 
101.8121275 5.040945e-09 
100.4544417 3.590565e-09 
103.1697783 5.382697e-09 
103.1701199 1.169078e-09 
105.8851343 2.140711e-09 
104.5274745 4.385859e-09 
105.8854553 4.205515e-09 
104.5278031 2.966032e-09 
107.242852 1.145668e-09 
107.2431502 4.339803e-09 
1.3421502 2.684213e-09 
1.3426957 4.751061e-09 
4.0576208 1.179059e-09 
4.058172 9.556128e-10 
6.7725388 3.65648e-10 
6.7731402 7.187467e-11 
9.4880719 1.462657e-09 
9.4887186 6.299122e-10 
12.2030038 4.730913e-09 
12.2036504 8.198859e-10 
14.9185666 1.709292e-09 
14.9192238 1.577799e-09 
17.633504 1.907752e-09 
17.634127 1.892747e-10 
20.3490591 2.544078e-09 
20.3497015 6.081948e-10 
23.0640113 2.91368e-09 
23.0646429 2.437557e-09 
25.7796343 7.00773e-09 
25.7802565 1.555015e-09 
28.4946099 4.944466e-09 
28.4952588 2.896707e-09 
31.2102886 2.852442e-09 
31.2108372 2.591537e-09 
33.9252632 9.493128e-10 
33.9258803 5.440739e-09 
36.6409162 1.672363e-09 
36.6414537 2.921381e-09 
39.3558972 2.355073e-10 
39.3565275 2.282157e-09 
42.0715731 5.732956e-10 
42.0721914 5.988964e-10 
44.7865965 3.627037e-09 
44.7872642 1.389412e-09 
47.5023084 1.422487e-09 
47.5029701 2.725184e-09 
50.2173733 3.07646e-09 
50.2180093 1.38011e-09 
52.9330499 7.755341e-11 
52.933742 2.73142e-09 
55.6481549 2.477148e-09 
55.6487823 2.795641e-09 
58.3638594 3.479029e-09 
58.3645927 3.139122e-09 
61.0790134 3.352436e-09 
61.0796733 5.792199e-09 
63.7947934 4.222754e-09 
63.7954778 1.028534e-09 
66.5099659 2.08749e-09 
66.5105996 7.163532e-10 
69.2257481 9.562126e-10 
69.2263469 4.74314e-10 
71.9409356 8.298206e-10 
71.9415162 2.984301e-10 
74.6567125 1.08219e-09 
74.6572579 6.298597e-11 
77.3719506 1.547662e-09 
77.3724716 1.759992e-10 
80.0877205 2.209894e-10 
80.0882105 3.147523e-10 
82.8030027 3.196776e-10 
82.8034566 6.076092e-10 
85.5187369 1.21768e-09 
85.5191968 1.261558e-09 
88.2340428 1.53253e-09 
88.234472 2.34551e-09 
90.9497752 1.764767e-09 
90.9502341 2.273188e-09 
93.6651098 1.135273e-09 
93.6655377 2.045581e-09 
96.3808643 1.736321e-09 
96.3812863 1.067716e-09 
99.096216 8.675373e-10 
99.0966089 3.088582e-09 
101.8119464 4.117942e-09 
101.8123046 2.314266e-09 
104.5273087 1.163545e-09 
104.5276378 5.603596e-09 
107.2430026 3.300726e-09 
107.2433043 2.637432e-09 
1.3424322 3.592763e-09 
1.3429476 3.964149e-09 
2.7001159 2.832662e-09 
2.7006411 1.704751e-09 
4.0573313 3.609495e-10 
5.4150433 3.658288e-10 
4.0578988 1.455614e-09 
5.415628 3.897758e-10 
6.7728371 9.534561e-11 
6.7734417 2.189583e-10 
9.4877611 2.559531e-09 
8.1305742 5.111627e-10 
9.4883949 8.400004e-10 
8.1312062 3.781477e-10 
10.8454942 3.334586e-09 
10.846163 8.053313e-10 
12.2033179 2.527597e-09 
13.5610756 1.298574e-09 
12.2039825 1.039405e-09 
13.5617381 2.207204e-09 
14.9182529 3.606028e-09 
14.9188931 4.057005e-10 
16.2759986 1.814666e-09 
17.6338088 1.491677e-09 
16.2766467 3.61683e-10 
17.6344583 8.885911e-10 
20.3487498 1.979605e-09 
18.9915602 9.580187e-10 
20.3493721 6.493488e-10 
18.9922085 1.133357e-09 
21.7065122 2.955531e-09 
21.7071313 7.080254e-10 
23.0643305 5.087636e-09 
24.4221108 5.011783e-09 
23.0649712 1.765731e-09 
24.4227396 2.108635e-09 
25.7792956 4.506864e-09 
25.7799437 3.437254e-09 
27.1371078 6.20634e-09 
28.4949591 5.802529e-09 
27.1377149 1.545919e-09 
28.4955486 1.013141e-09 
29.8527526 4.027168e-09 
29.8533048 1.644685e-09 
31.2099365 3.141326e-09 
32.5677593 1.317397e-09 
31.2105728 3.348668e-09 
32.5683222 5.23605e-09 
33.925606 1.643126e-09 
33.9261348 3.976099e-09 
36.6405775 1.173483e-10 
35.2833761 3.882585e-09 
36.6411945 4.743186e-09 
35.2839014 2.108974e-09 
37.9983793 2.956641e-10 
37.9989577 2.948239e-09 
39.3562326 6.069738e-10 
40.7140185 1.311448e-09 
39.3568109 1.035752e-09 
40.7146228 2.239905e-10 
42.0712294 1.227677e-09 
42.0718898 9.437422e-10 
43.4290466 1.624688e-09 
44.7869346 1.528465e-09 
43.4296948 7.104676e-10 
44.7875867 1.198815e-09 
46.1447473 1.221508e-09 
46.1454078 2.411134e-09 
47.5019785 4.357072e-09 
48.8597995 1.553053e-09 
47.5026418 1.517416e-09 
48.860459 2.601957e-09 
50.2176784 3.957976e-10 
50.218354 3.334949e-09 
52.9327601 2.296608e-09 
51.5754938 4.273706e-10 
52.9333851 1.298982e-09 
51.576184 3.703993e-09 
54.290566 9.783949e-10 
54.2912373 2.403227e-09 
55.6484377 9.66701e-10 
57.006294 3.373208e-09 
55.6491578 2.894503e-09 
57.0070212 1.373642e-09 
58.363568 2.662887e-09 
58.364216 5.816956e-09 
59.7214063 4.094064e-09 
61.0793169 5.391109e-09 
59.7221118 3.846097e-09 
61.0800388 2.025079e-09 
62.4372097 6.209729e-09 
62.4378892 1.387908e-09 
63.7944839 3.137009e-09 
65.1523496 3.643568e-09 
63.7951404 2.963711e-09 
65.1530139 5.358013e-10 
66.510274 1.944534e-09 
66.5109118 7.885108e-10 
69.2254485 9.011535e-10 
67.8681443 9.265548e-10 
69.226057 2.084479e-10 
67.8687375 1.50725e-09 
70.5833078 8.465365e-10 
70.5839016 2.197756e-10 
71.9412256 8.50456e-10 
73.2990799 6.889045e-10 
71.9417962 5.399686e-11 
73.2996329 8.326939e-11 
74.656434 1.119994e-09 
74.6569895 3.768185e-10 
76.0142982 1.21288e-09 
77.3722126 7.910362e-10 
76.0148335 1.345221e-10 
77.3727317 1.294634e-10 
78.7300625 1.213699e-10 
78.7305764 5.546517e-10 
80.0874757 9.290834e-10 
81.4453336 3.474271e-10 
80.0879617 5.463799e-11 
81.4458002 2.953237e-10 
82.8032277 2.774881e-10 
82.8036982 6.959027e-10 
85.5185229 7.413752e-10 
84.1610635 7.643357e-10 
85.5189575 1.453969e-09 
84.1615436 9.484502e-10 
86.8763641 1.683941e-09 
86.8767963 1.452328e-09 
88.2342484 1.711743e-09 
89.5920894 1.835412e-09 
88.2347096 2.019751e-09 
89.5925575 1.891145e-09 
90.9495696 1.580223e-09 
90.9499981 2.302942e-09 
92.3074181 1.583391e-09 
93.6653146 1.277381e-09 
92.307848 2.193566e-09 
93.665762 1.7638e-09 
95.0231726 1.766637e-09 
95.0235977 9.50223e-10 
96.3806618 7.966931e-10 
97.7385195 1.692854e-09 
96.3810767 1.808991e-09 
97.7389201 2.128457e-09 
99.0964104 2.733106e-09 
99.0968003 1.415458e-09 
101.8117649 1.054221e-09 
100.4542564 4.433095e-09 
101.8121276 4.975916e-09 
100.4546184 8.398353e-10 
103.1696027 2.456036e-09 
103.1699511 4.590706e-09 
104.5274738 4.377996e-09 
105.8852945 4.444941e-09 
104.5278044 2.894481e-09 
105.8856192 1.335825e-09 
107.2428495 1.045368e-09 
107.2431513 4.41754e-09 
2.6998388 1.028404e-09 
2.7003792 3.256272e-09 
5.4153369 4.985705e-10 
5.4159166 1.977157e-10 
8.1302578 1.285271e-09 
8.1308945 2.498453e-10 
10.8458244 1.704697e-09 
10.8464852 1.172493e-09 
13.5607446 3.157758e-09 
13.5614139 6.559803e-10 
16.2763182 6.988689e-10 
16.2769723 1.803136e-09 
18.9912506 1.912911e-09 
18.9918792 2.085046e-11 
21.7068207 2.552284e-09 
21.7074648 2.142464e-09 
24.4217965 5.104438e-09 
24.4224137 1.593257e-09 
27.1374276 5.463016e-09 
27.1380231 1.117797e-09 
29.8524343 4.357323e-09 
29.8530207 2.470084e-09 
32.5680695 3.418642e-09 
32.5685933 2.787227e-09 
35.2830709 1.689863e-10 
35.2836308 5.513128e-09 
37.9986879 2.498243e-09 
37.9992473 6.499476e-10 
40.7136983 3.737238e-10 
40.7143179 8.587304e-10 
43.4293767 1.240664e-09 
43.4300181 6.162558e-10 
46.144416 2.392354e-09 
46.1450824 1.364645e-09 
48.8601222 6.283259e-10 
48.8607956 4.18371e-09 
51.5751798 7.136048e-10 
51.575842 2.806727e-09 
54.2908804 9.557956e-10 
54.2915943 2.106538e-09 
57.0059699 1.909121e-09 
57.0066649 3.456954e-09 
59.7217425 6.693735e-09 
59.7224591 9.383661e-10 
62.4368711 5.175889e-09 
62.4375676 2.208905e-09 
65.1526812 3.072469e-09 
65.1533132 1.982138e-09 
67.867829 1.499666e-09 
67.8684568 1.590861e-10 
70.5836086 5.894502e-10 
70.5841773 3.961721e-10 
73.298795 8.666791e-10 
73.2993622 1.868267e-10 
76.0145666 5.080202e-10 
76.0151025 2.555934e-10 
78.7298133 8.329512e-10 
78.7303152 1.18727e-10 
81.4455618 9.706582e-11 
81.4460567 7.843361e-10 
84.160849 7.170234e-10 
84.1612924 7.169752e-10 
86.8765692 1.397992e-09 
86.8770448 1.500321e-09 
89.5918838 1.905258e-09 
89.5923147 2.139526e-09 
92.3076243 1.513332e-09 
92.3080779 1.760716e-09 
95.0229665 1.272371e-09 
95.0233859 1.778276e-09 
97.7387202 2.635705e-09 
97.7391113 7.486666e-10 
100.4540668 2.232506e-09 
100.4544416 3.557124e-09 
103.1697787 5.351805e-09 
103.1701202 1.114698e-09 
105.8851333 2.114494e-09 
105.8854562 4.173583e-09 
1.3421472 2.282651e-09 
1.342696 4.702826e-09 
2.7001157 2.771979e-09 
2.7006412 1.584234e-09 
4.0576197 1.125631e-09 
5.4150428 3.452795e-10 
5.4156279 3.768606e-10 
4.0581724 9.204339e-10 
6.7725384 3.346082e-10 
6.7731395 6.836698e-11 
9.4880706 1.468793e-09 
8.1305735 4.859589e-10 
9.4887188 4.888627e-10 
8.1312061 3.046213e-10 
10.845494 3.16926e-09 
10.8461621 6.854753e-10 
12.2030018 4.48696e-09 
13.5610754 1.322203e-09 
12.2036501 8.645931e-10 
13.5617377 2.14904e-09 
14.918565 1.830019e-09 
14.9192254 1.505151e-09 
17.633501 2.075803e-09 
16.2759986 2.010014e-09 
16.2766468 3.58439e-10 
17.6341283 1.857155e-10 
20.3490585 2.707282e-09 
18.9915613 9.351106e-10 
18.9922085 1.33716e-09 
21.7065133 3.239241e-09 
21.7071319 6.219298e-10 
20.3497037 7.760261e-10 
23.06401 3.221054e-09 
24.4221114 4.676066e-09 
23.0646438 2.167391e-09 
24.4227399 2.243854e-09 
25.7796335 6.870723e-09 
25.7802578 1.664573e-09 
28.4946089 4.848333e-09 
27.1371081 6.121325e-09 
27.1377151 1.413561e-09 
28.4952587 2.700455e-09 
29.8527524 3.887304e-09 
29.8533061 1.568413e-09 
32.5677585 1.234583e-09 
31.2102875 2.754116e-09 
32.5683236 5.097688e-09 
31.210839 2.441675e-09 
33.9252608 8.308311e-10 
33.9258815 5.200768e-09 
36.6409156 1.500477e-09 
35.2833773 3.669391e-09 
36.6414572 2.790241e-09 
35.2839036 2.05825e-09 
37.9983781 1.983555e-10 
37.9989612 2.848712e-09 
39.3558925 1.482993e-10 
40.7140215 1.027786e-09 
39.3565308 1.958166e-09 
40.7146253 2.022132e-10 
42.0715723 4.359379e-10 
42.0721963 5.461695e-10 
44.7865907 3.499695e-09 
43.4290449 1.553382e-09 
44.7872684 1.157941e-09 
43.4296998 6.243305e-10 
46.1447509 1.092534e-09 
46.1454103 2.422949e-09 
48.8597981 1.478548e-09 
47.5023078 1.338964e-09 
48.8604639 2.545949e-09 
47.5029752 2.639541e-09 
50.217369 3.039263e-09 
50.2180129 1.429262e-09 
52.9330498 4.415268e-11 
51.5754966 5.196136e-10 
52.9337457 2.754086e-09 
51.5761864 3.630856e-09 
54.290565 8.503773e-10 
54.2912408 2.487648e-09 
55.6481529 2.372736e-09 
57.0062954 3.561995e-09 
55.6487844 3.043889e-09 
57.0070233 1.253731e-09 
58.3638596 3.509587e-09 
58.3645949 3.211445e-09 
61.0790125 3.125615e-09 
59.7214055 4.009041e-09 
61.079675 6.078985e-09 
59.722114 4.016976e-09 
62.4372107 6.481872e-09 
62.4378908 1.286449e-09 
65.1523492 3.512869e-09 
63.7947942 4.231767e-09 
65.1530159 5.740481e-10 
63.7954794 9.724948e-10 
66.509965 1.761333e-09 
66.5106016 8.019681e-10 
69.2257491 8.726378e-10 
67.8681458 9.875203e-10 
69.2263485 3.526321e-10 
67.8687387 1.416663e-09 
70.5833075 7.014108e-10 
70.5839035 1.415485e-10 
71.9409342 6.044371e-10 
73.2990811 6.364229e-10 
71.9415182 2.697314e-10 
73.2996338 5.188695e-11 
74.6567126 9.552245e-10 
74.6572595 5.211459e-11 
77.371949 1.349044e-09 
76.0142975 1.057843e-09 
77.3724723 1.677731e-10 
76.0148349 1.423369e-10 
78.7300623 1.281581e-10 
78.7305773 5.550879e-10 
81.4453325 3.542034e-10 
80.0877191 1.995655e-10 
81.4458003 2.887261e-10 
80.0882114 3.273463e-10 
82.8030015 3.512806e-10 
82.8034553 5.215676e-10 
85.5187344 1.060757e-09 
84.1610621 6.610981e-10 
85.5191969 1.349078e-09 
84.1615445 1.031178e-09 
86.8763633 1.636117e-09 
86.8767953 1.470223e-09 
88.2340426 1.548428e-09 
89.5920879 1.547807e-09 
88.2344697 2.121576e-09 
89.5925578 2.110601e-09 
90.9497733 1.363176e-09 
90.9502335 2.486253e-09 
93.6651104 1.102191e-09 
92.3074185 1.428286e-09 
93.665536 1.873974e-09 
92.3078469 2.325201e-09 
95.0231721 1.546224e-09 
95.0235974 1.209817e-09 
97.7385205 1.594979e-09 
96.3808639 1.496804e-09 
97.7389195 2.273516e-09 
96.3812859 1.273325e-09 
99.0962162 8.185531e-10 
99.0966088 3.06441e-09 
101.8119467 4.098828e-09 
100.4542569 4.398943e-09 
101.8123052 2.357034e-09 
100.4546182 9.083788e-10 
103.1696031 2.422495e-09 
103.1699515 4.680488e-09 
104.5273077 1.122801e-09 
105.8852949 4.669166e-09 
104.5276389 5.751568e-09 
105.8856196 1.264188e-09 
107.2430025 3.543943e-09 
107.2433058 2.560746e-09 
1.3424323 3.408328e-09 
1.3429469 3.863272e-09 
4.0573306 3.382463e-10 
4.0578988 1.450308e-09 
6.7728368 8.040372e-11 
6.7734417 1.818043e-10 
9.487761 2.478958e-09 
9.4883948 7.414579e-10 
12.2033178 2.480878e-09 
12.2039824 9.351444e-10 
14.9182526 3.744075e-09 
14.9188936 3.273258e-10 
17.6338099 1.490509e-09 
17.6344583 1.035944e-09 
20.348751 2.269087e-09 
20.349373 4.415454e-10 
23.0643316 4.839016e-09 
23.0649711 1.779279e-09 
25.7792975 4.448895e-09 
25.7799434 3.066881e-09 
28.4949589 5.536819e-09 
28.4955489 9.578775e-10 
31.2099369 2.940151e-09 
31.2105726 3.305371e-09 
33.925606 1.653753e-09 
33.9261365 3.923479e-09 
36.6405765 1.019587e-10 
36.6411966 4.606485e-09 
39.3562339 4.763917e-10 
39.3568135 1.111435e-09 
42.0712273 1.231202e-09 
42.0718937 7.737502e-10 
44.7869365 1.442353e-09 
44.7875895 1.238539e-09 
47.5019765 4.401641e-09 
47.5026457 1.37754e-09 
50.2176799 3.377359e-10 
50.2183562 3.326818e-09 
52.932759 2.193195e-09 
52.9333873 1.42859e-09 
55.6484379 9.323596e-10 
55.6491592 2.909831e-09 
58.3635669 2.548528e-09 
58.3642166 6.091296e-09 
61.0793159 5.429552e-09 
61.0800399 2.102662e-09 
63.7944824 2.893897e-09 
63.7951406 3.27434e-09 
66.510273 1.948947e-09 
66.5109129 7.02907e-10 
69.2254469 7.344706e-10 
69.2260574 2.132918e-10 
71.941225 7.38544e-10 
71.941797 2.805377e-11 
74.6564329 9.356724e-10 
74.6569897 3.543552e-10 
77.3722119 7.168908e-10 
77.372732 1.317527e-10 
80.0874753 8.50066e-10 
80.087961 3.634144e-11 
82.8032265 2.704549e-10 
82.8036982 7.513976e-10 
85.518523 8.51958e-10 
85.5189562 1.42961e-09 
88.2342473 1.483169e-09 
88.2347095 2.322121e-09 
90.9495701 1.632063e-09 
90.9499973 2.396565e-09 
93.6653145 1.058423e-09 
93.665762 2.133686e-09 
96.3806625 7.947324e-10 
96.381077 1.897394e-09 
99.0964113 2.640089e-09 
99.0968005 1.607603e-09 
101.8117655 9.922682e-10 
101.8121286 5.153482e-09 
104.5274748 4.597954e-09 
104.5278048 2.904324e-09 
107.2428496 1.163798e-09 
107.2431523 4.630215e-09 
1.3421471 2.16163e-09 
1.3426963 4.722025e-09 
2.6998387 1.032189e-09 
2.7003791 3.15589e-09 
4.0576205 1.15691e-09 
5.4153372 5.083446e-10 
4.0581714 9.263828e-10 
5.4159161 2.008463e-10 
6.7725386 3.015089e-10 
6.7731399 5.035856e-11 
8.1302583 1.198236e-09 
9.4880714 1.39266e-09 
8.1308942 1.957028e-10 
9.4887186 3.932875e-10 
10.8458244 1.536812e-09 
10.8464844 1.118364e-09 
12.2030033 4.688622e-09 
13.5607461 3.205864e-09 
12.2036505 6.187888e-10 
13.5614129 5.92624e-10 
14.9185672 1.653121e-09 
14.9192237 1.671974e-09 
17.6335043 2.319726e-09 
16.2763191 5.52326e-10 
17.6341286 1.124198e-10 
16.2769707 1.89411e-09 
18.9912535 2.047081e-09 
20.3490614 2.439363e-09 
18.9918784 5.451325e-11 
21.7068219 2.230394e-09 
20.3497016 7.446138e-10 
21.7074635 2.113544e-09 
23.0640143 3.193822e-09 
24.421799 4.940419e-09 
23.0646436 1.80664e-09 
24.4224129 1.394843e-09 
25.779635 6.387435e-09 
25.7802564 1.52707e-09 
28.4946118 4.573453e-09 
27.1374275 5.130722e-09 
28.495258 2.631563e-09 
27.1380228 1.041514e-09 
29.8524349 4.148541e-09 
29.8530206 2.444176e-09 
31.2102879 2.78396e-09 
32.5680696 3.446793e-09 
31.2108387 2.440827e-09 
32.5685941 2.808954e-09 
33.9252625 8.215225e-10 
33.9258817 5.301027e-09 
35.2830715 1.666986e-10 
36.6409173 1.533337e-09 
35.2836322 5.541669e-09 
36.6414573 2.974574e-09 
37.9986902 2.373463e-09 
37.9992476 7.116518e-10 
39.3558945 1.959992e-10 
40.7136999 3.472458e-10 
39.3565326 2.042169e-09 
40.7143203 9.27231e-10 
42.0715758 3.978673e-10 
42.0721959 7.022375e-10 
44.786593 3.706456e-09 
43.4293807 1.101595e-09 
44.7872708 1.049288e-09 
43.4300173 7.027714e-10 
46.144418 2.499115e-09 
46.145085 1.324866e-09 
47.5023113 1.256614e-09 
48.8601259 5.759038e-10 
47.5029743 2.766366e-09 
48.8607947 4.281326e-09 
50.2173708 3.017386e-09 
50.2180144 1.401345e-09 
51.5751808 6.335031e-10 
52.9330513 3.089282e-11 
51.575844 2.772091e-09 
52.9337449 2.682491e-09 
54.2908821 1.03279e-09 
54.2915942 2.001145e-09 
55.6481533 2.308163e-09 
57.0059692 1.783047e-09 
55.6487843 3.087207e-09 
57.006666 3.524302e-09 
58.3638585 3.437674e-09 
58.3645946 3.273744e-09 
61.0790113 3.059351e-09 
59.7217422 6.906553e-09 
61.0796736 6.376691e-09 
59.7224597 8.851196e-10 
62.4368693 5.104979e-09 
62.4375681 2.369479e-09 
63.7947916 4.322962e-09 
65.1526805 3.327314e-09 
63.7954795 9.995609e-10 
65.1533138 1.963237e-09 
66.5099632 1.709306e-09 
66.5106001 9.497373e-10 
67.8678276 1.4627e-09 
69.2257469 8.425223e-10 
67.8684572 1.357015e-10 
69.2263484 3.418334e-10 
70.5836085 5.398467e-10 
70.5841771 4.162652e-10 
71.9409332 5.705036e-10 
73.2987945 7.873592e-10 
71.941517 2.399615e-10 
73.2993622 1.611817e-10 
74.6567116 8.966947e-10 
74.6572588 6.036554e-11 
77.3719494 1.259434e-09 
76.0145667 4.965045e-10 
77.3724714 1.613019e-10 
76.0151018 2.228367e-10 
78.7298135 7.920697e-10 
78.7303146 1.083762e-10 
80.087719 2.039292e-10 
81.4455614 9.835939e-11 
80.0882107 3.223747e-10 
81.4460559 7.797617e-10 
82.8030025 3.995632e-10 
82.8034549 5.431693e-10 
84.1608495 7.96822e-10 
85.5187347 1.04279e-09 
84.1612914 7.226835e-10 
85.5191968 1.541927e-09 
86.8765685 1.321409e-09 
86.8770444 1.645585e-09 
88.2340433 1.687191e-09 
89.5918845 1.87664e-09 
88.2344701 2.409027e-09 
89.5923139 2.450414e-09 
90.949774 1.306661e-09 
90.9502341 2.907407e-09 
93.6651109 1.185984e-09 
92.3076241 1.475031e-09 
93.6655371 2.235137e-09 
92.3080777 2.008047e-09 
95.0229675 1.21252e-09 
95.0233855 2.142562e-09 
96.3808652 1.46574e-09 
97.7387205 2.634584e-09 
96.3812864 1.547864e-09 
97.739111 8.980728e-10 
99.0962172 7.8472e-10 
99.09661 3.280366e-09 
100.4540678 2.139052e-09 
101.8119482 4.184819e-09 
100.4544415 3.80304e-09 
101.8123051 2.465608e-09 
103.1697791 5.55492e-09 
103.17012 1.126736e-09 
104.5273093 1.173305e-09 
105.8851339 2.280209e-09 
104.5276395 5.983797e-09 
105.8854563 4.27797e-09 
107.2430038 3.864847e-09 
107.2433052 2.548656e-09 
2.7001171 2.782913e-09 
2.7006391 1.554204e-09 
5.4150436 3.47865e-10 
5.4156278 3.9648e-10 
8.1305742 4.251933e-10 
8.1312057 3.119926e-10 
10.8454956 3.211525e-09 
10.8461617 5.668244e-10 
13.5610761 9.983259e-10 
13.5617359 2.261893e-09 
16.2760022 2.009672e-09 
16.276645 4.91866e-10 
18.9915623 7.088009e-10 
18.9922059 1.190408e-09 
21.7065172 3.009435e-09 
21.7071301 4.831997e-10 
24.4221118 4.294804e-09 
24.4227381 2.01797e-09 
27.1371102 5.73122e-09 
27.137714 1.373706e-09 
29.8527521 3.89522e-09 
29.8533054 1.552589e-09 
32.5677597 1.263317e-09 
32.5683232 5.219845e-09 
35.283378 3.804901e-09 
35.2839025 2.247986e-09 
37.9983811 2.007223e-10 
37.9989609 3.083431e-09 
40.714024 1.080349e-09 
40.7146223 2.801809e-10 
43.4290497 1.743476e-09 
43.4296989 7.124868e-10 
46.144754 1.009953e-09 
46.1454062 2.650877e-09 
48.8598021 1.566361e-09 
48.8604628 2.554442e-09 
51.5754984 4.855784e-10 
51.5761831 3.64655e-09 
54.2905663 7.855586e-10 
54.2912397 2.370748e-09 
57.0062949 3.543039e-09 
57.0070217 1.233163e-09 
59.721404 3.904128e-09 
59.7221129 4.109234e-09 
62.4372086 6.707908e-09 
62.4378903 1.321576e-09 
65.1523467 3.585628e-09 
65.1530147 6.357428e-10 
67.8681437 1.062012e-09 
67.868738 1.536764e-09 
70.5833061 7.406599e-10 
70.5839021 1.327792e-10 
73.2990801 5.893803e-10 
73.2996321 8.364247e-11 
76.0142981 1.081913e-09 
76.0148331 1.285058e-10 
78.7300622 1.580672e-10 
78.730575 5.037911e-10 
81.4453343 4.056853e-10 
81.4457988 2.434653e-10 
84.1610626 6.87267e-10 
84.1615427 1.053558e-09 
86.8763651 1.749627e-09 
86.8767947 1.707027e-09 
89.5920886 1.730491e-09 
89.5925571 2.23964e-09 
92.3074195 1.467957e-09 
92.3078471 2.855918e-09 
95.0231727 1.741896e-09 
95.0235973 1.297025e-09 
97.7385212 1.546707e-09 
97.7389198 2.62697e-09 
100.4542571 4.57953e-09 
100.454618 9.479445e-10 
103.1696041 2.45091e-09 
103.1699512 4.896819e-09 
105.8852952 4.90716e-09 
105.8856189 1.30429e-09 
1.3424346 3.60063e-09 
1.3429448 3.860362e-09 
2.6998411 1.085617e-09 
2.7003781 3.220559e-09 
4.0573313 3.6766e-10 
5.4153383 5.380413e-10 
4.0578991 1.507642e-09 
5.4159151 2.101323e-10 
6.7728379 7.370261e-11 
6.7734414 1.866731e-10 
9.4877623 2.60957e-09 
8.1302593 1.2554e-09 
8.1308946 1.654704e-10 
9.4883957 5.599005e-10 
10.8458254 1.329169e-09 
10.8464837 1.25475e-09 
12.2033202 2.295937e-09 
13.5607488 3.26201e-09 
13.561412 6.612223e-10 
12.203981 1.03336e-09 
14.9182568 4.064798e-09 
14.9188937 2.071102e-10 
17.6338133 1.209157e-09 
16.2763197 3.077327e-10 
17.6344549 1.109907e-09 
16.2769683 1.866204e-09 
20.3487564 2.188395e-09 
18.9912571 1.780168e-09 
20.3493722 3.063543e-10 
18.991876 6.210979e-11 
21.7068221 2.022297e-09 
21.707461 1.775276e-09 
24.4218017 4.503599e-09 
23.0643344 4.386163e-09 
24.4224112 1.352513e-09 
23.0649681 1.543799e-09 
25.7793018 4.161191e-09 
25.7799427 2.973594e-09 
28.4949602 5.39454e-09 
27.1374275 5.095056e-09 
28.4955472 8.745618e-10 
27.1380213 8.752449e-10 
29.8524364 4.064961e-09 
29.8530195 2.551966e-09 
31.2099399 2.909756e-09 
32.5680694 3.629369e-09 
31.210572 3.455614e-09 
32.5685923 3.017073e-09 
33.9256072 1.817619e-09 
33.926135 4.170255e-09 
36.6405804 1.526422e-10 
35.2830739 2.605315e-10 
36.6411962 4.920298e-09 
35.2836303 5.851151e-09 
37.9986906 2.672866e-09 
37.9992442 8.448422e-10 
40.7137049 4.963254e-10 
39.356237 5.754979e-10 
40.7143169 1.136104e-09 
39.3568108 1.321187e-09 
42.0712331 1.468084e-09 
42.0718934 9.161858e-10 
44.7869406 1.4024e-09 
43.4293816 1.19475e-09 
44.7875855 1.474302e-09 
43.4300121 8.638727e-10 
46.1444237 2.708378e-09 
46.1450808 1.466603e-09 
47.5019819 4.550572e-09 
48.8601265 5.455518e-10 
47.5026452 1.369424e-09 
48.8607892 4.434165e-09 
50.2176828 3.398408e-10 
50.2183524 3.350751e-09 
52.932762 2.154587e-09 
51.5751844 6.995197e-10 
52.9333863 1.302095e-09 
51.5758403 2.665383e-09 
54.2908814 8.856129e-10 
54.2915903 2.031516e-09 
57.0059695 1.728716e-09 
55.648438 8.61214e-10 
57.0066632 3.424708e-09 
55.6491569 2.84491e-09 
58.3635673 2.586343e-09 
58.3642147 6.089365e-09 
61.0793135 5.423327e-09 
59.72174 6.860504e-09 
61.0800387 2.154394e-09 
59.7224577 9.580975e-10 
62.4368673 5.158925e-09 
62.4375657 2.385515e-09 
63.7944812 3.022412e-09 
65.1526775 3.40232e-09 
63.7951379 3.416606e-09 
65.1533126 2.126679e-09 
66.5102698 2.022126e-09 
66.510912 7.69611e-10 
69.2254461 8.555159e-10 
67.8678256 1.62006e-09 
69.2260547 2.302733e-10 
67.8684547 1.82522e-10 
70.5836061 5.197371e-10 
70.5841753 5.64195e-10 
73.2987944 9.21381e-10 
71.9412229 7.423095e-10 
73.2993594 1.653086e-10 
71.9417955 6.78788e-11 
74.6564336 1.008985e-09 
74.6569877 3.342313e-10 
77.3722118 7.451e-10 
76.0145658 5.078496e-10 
77.3727304 1.300623e-10 
76.015099 2.265402e-10 
78.7298155 8.683545e-10 
78.7303124 6.855335e-11 
80.0874771 8.509559e-10 
81.4455622 1.344831e-10 
80.0879605 4.758812e-11 
81.4460532 7.348109e-10 
82.8032279 2.981524e-10 
82.8036974 7.989885e-10 
85.5185244 9.489406e-10 
84.1608521 8.804496e-10 
85.5189574 1.673988e-09 
84.1612906 7.923236e-10 
86.8765703 1.550021e-09 
86.8770428 1.647827e-09 
89.5918861 2.029203e-09 
88.2342493 1.616446e-09 
89.5923145 2.877799e-09 
88.2347099 2.592922e-09 
90.9495705 1.759922e-09 
90.9499995 2.964147e-09 
93.6653162 1.219651e-09 
92.3076255 1.909992e-09 
93.665763 2.373643e-09 
92.3080774 1.94974e-09 
95.0229677 1.27143e-09 
95.0233864 2.528838e-09 
96.3806628 8.412849e-10 
97.7387209 2.9137e-09 
96.3810789 2.260599e-09 
97.7391112 8.317634e-10 
99.0964127 2.731739e-09 
99.0968007 1.696308e-09 
101.8117671 9.786715e-10 
100.4540682 2.137075e-09 
101.8121292 5.353264e-09 
100.4544416 3.998598e-09 
103.169779 5.735488e-09 
103.1701195 1.190545e-09 
105.8851354 2.427099e-09 
104.5274761 4.757747e-09 
105.8854554 4.36451e-09 
104.5278038 2.97404e-09 
107.2428523 1.355464e-09 
107.2431518 4.672734e-09 
1.3421501 2.47889e-09 
1.3426961 4.792743e-09 
4.057622 1.230968e-09 
4.0581705 9.615428e-10 
6.7725391 3.055949e-10 
6.7731407 4.658157e-11 
9.4880732 1.336989e-09 
9.4887182 4.613036e-10 
12.2030063 5.034627e-09 
12.2036511 4.570837e-10 
14.9185701 1.444993e-09 
14.9192212 1.824444e-09 
17.6335093 2.271739e-09 
17.6341274 9.669582e-11 
20.3490638 2.144627e-09 
20.3496981 5.578846e-10 
23.0640182 2.876264e-09 
23.0646425 1.84733e-09 
25.7796367 6.236901e-09 
25.7802542 1.34558e-09 
28.4946146 4.507547e-09 
28.4952576 2.781228e-09 
31.2102891 2.908171e-09 
31.2108367 2.594949e-09 
33.925266 9.402109e-10 
33.9258807 5.593384e-09 
36.640919 1.727471e-09 
36.6414539 3.234931e-09 
39.3559005 3.24268e-10 
39.3565304 2.414811e-09 
42.0715787 5.018495e-10 
42.0721907 8.699049e-10 
44.7866002 3.952994e-09 
44.7872679 1.226316e-09 
47.502314 1.278414e-09 
47.5029686 2.932774e-09 
50.2173761 3.030785e-09 
50.2180118 1.338895e-09 
52.9330524 5.278975e-11 
52.9337407 2.611491e-09 
55.6481556 2.374501e-09 
55.6487821 2.859741e-09 
58.3638575 3.360153e-09 
58.3645922 3.236175e-09 
61.0790115 3.252696e-09 
61.0796711 6.263637e-09 
63.7947891 4.363971e-09 
63.7954779 1.073943e-09 
66.5099629 2.009658e-09 
66.5105971 9.353776e-10 
69.2257445 8.998523e-10 
69.2263467 4.671353e-10 
71.940934 7.743971e-10 
71.9415143 2.289564e-10 
74.6567108 9.90588e-10 
74.6572568 8.878802e-11 
77.3719513 1.398259e-09 
77.3724701 1.573e-10 
80.0877203 2.312472e-10 
80.0882092 3.312612e-10 
82.8030043 4.027874e-10 
82.8034559 6.569215e-10 
85.5187374 1.178519e-09 
85.5191966 1.607106e-09 
88.234044 1.760697e-09 
88.2344728 2.862091e-09 
90.9497764 1.665438e-09 
90.9502349 2.962392e-09 
93.6651107 1.249442e-09 
93.6655396 2.698694e-09 
96.3808664 1.705594e-09 
96.3812871 1.496247e-09 
99.0962176 7.969367e-10 
99.0966108 3.463654e-09 
101.8119488 4.287303e-09 
101.8123045 2.481176e-09 
104.5273113 1.252374e-09 
104.5276388 5.969035e-09 
107.2430047 3.803605e-09 
107.2433034 2.625602e-09 
108.6006706 2.249578e-09 
109.958541 2.506595e-09 
108.6009643 2.761564e-09 
109.9588106 1.705884e-09 
111.3163511 2.132756e-09 
111.3166196 6.192537e-10 
112.6739374 1.354705e-09 
114.0317501 2.031953e-09 
112.6742069 1.72073e-09 
114.0320127 1.139749e-09 
115.3896159 1.459918e-09 
115.3898491 1.021141e-09 
118.1049804 1.833251e-09 
116.7474211 1.617648e-09 
118.1052608 1.312929e-09 
116.7476398 9.872181e-10 
119.4627866 2.320895e-09 
119.4630552 1.351582e-09 
120.8206303 1.926364e-09 
122.1784295 2.109092e-09 
120.8208691 1.160535e-09 
122.1786418 1.252312e-09 
123.5359823 3.697186e-10 
123.5362442 2.545882e-09 
124.8937769 6.415278e-10 
126.2515996 9.802264e-10 
124.8940286 1.685151e-09 
126.2518202 1.5042e-09 
127.6093858 1.200217e-09 
127.6095788 6.880978e-10 
128.9669911 1.636085e-09 
130.3247638 1.741197e-09 
128.9671808 1.543526e-09 
130.3249467 7.726092e-10 
131.6825634 1.660733e-09 
131.6827267 2.644557e-10 
134.3979595 1.010681e-09 
133.0403186 1.500884e-09 
134.3980956 6.234444e-10 
133.0404699 1.065175e-10 
135.7557037 1.19928e-09 
135.755829 2.929623e-10 
137.1134781 1.133596e-09 
138.4711984 1.271186e-09 
137.1135963 3.056125e-10 
138.4713173 5.75305e-10 
139.8288485 1.220709e-09 
139.8289565 1.112834e-09 
141.1865809 2.765926e-09 
142.5443477 3.470002e-09 
141.1866574 5.32361e-10 
142.544401 7.859916e-10 
143.9020511 4.562136e-09 
143.9021026 2.273233e-09 
145.2597223 3.823842e-09 
146.6174508 5.591817e-09 
145.2597953 4.144101e-09 
146.6174794 2.464894e-09 
147.9752133 4.890849e-09 
147.975201 2.431248e-09 
150.6905284 2.679687e-09 
149.3329034 3.909022e-09 
150.6906283 3.300898e-09 
149.3328938 2.806962e-09 
152.0482352 2.101582e-09 
152.0482976 2.285825e-09 
153.4059723 7.376317e-10 
154.7636433 9.057914e-10 
153.4060007 2.794567e-09 
154.7636783 3.494034e-09 
156.1212128 2.145394e-09 
156.121345 1.726258e-09 
157.4789009 8.223596e-10 
158.8366107 1.13081e-10 
157.4790051 3.411514e-09 
158.8367037 4.481632e-09 
160.1942822 3.344846e-10 
160.1943697 4.355723e-09 
161.5518879 4.885725e-09 
162.9095641 2.754623e-09 
161.5519796 7.630596e-10 
162.9096548 6.953189e-10 
164.2672519 2.039911e-09 
164.2673676 7.4096e-10 
166.9825286 1.020847e-09 
165.6249271 1.848971e-09 
166.9826278 1.525617e-09 
165.6250401 1.022183e-09 
168.3401727 1.075941e-09 
168.3403138 1.286106e-09 
169.6978455 9.757049e-10 
171.0555024 3.123134e-09 
169.6980256 1.193045e-09 
171.0556948 6.428831e-10 
172.4130545 3.915744e-10 
172.4132049 4.444083e-09 
173.770667 1.282311e-09 
175.128352 3.384185e-09 
173.7708779 5.35524e-09 
175.1285666 3.945661e-09 
176.4859927 5.229718e-09 
176.4862141 3.531422e-09 
177.8435646 7.739046e-09 
179.2011707 9.999066e-09 
177.8436991 2.769479e-09 
179.2013523 2.078974e-09 
180.5588673 1.132059e-08 
180.5590163 1.4109e-09 
183.2740626 6.970625e-09 
181.9164995 7.464432e-09 
183.2741853 4.058976e-09 
181.9166414 1.705465e-09 
184.6316723 5.500719e-09 
184.6318113 1.461558e-09 
185.9893419 5.038482e-09 
187.3469555 1.519562e-09 
185.9894487 1.063938e-09 
187.3470527 9.469513e-10 
188.7044502 1.429217e-09 
188.7045969 2.459761e-10 
190.0620641 1.062511e-09 
191.4196998 6.919117e-10 
190.0621915 2.834149e-10 
191.4198137 1.167504e-09 
192.7772975 1.983202e-10 
192.777408 2.199001e-09 
194.1347939 3.161374e-09 
195.4924078 2.38283e-09 
194.1349221 1.159643e-10 
195.4925129 2.67686e-10 
196.8500383 9.990992e-10 
196.8501532 4.92159e-10 
199.5651376 4.191862e-10 
198.207637 6.614426e-10 
199.5652804 4.381654e-10 
198.2077659 6.495458e-10 
200.9227365 7.641958e-11 
200.9228935 3.992356e-10 
202.2803711 1.029066e-09 
203.6379769 1.881552e-09 
202.2805569 5.960556e-10 
203.6381859 8.00006e-10 
204.9953961 3.372602e-09 
204.9956293 3.295767e-09 
206.3529538 6.734784e-09 
206.3532229 5.703906e-09 
109.9583966 1.199588e-09 
108.6008173 3.004273e-09 
109.9586735 2.659892e-09 
108.6011167 1.192883e-09 
111.3162113 1.975449e-09 
111.316484 1.535399e-09 
112.6740817 1.707957e-09 
114.0318898 1.646805e-09 
112.6743274 1.104133e-09 
114.0321277 5.509942e-10 
115.3894664 1.510092e-09 
115.38974 1.340725e-09 
116.7472769 2.087659e-09 
118.1051324 1.621701e-09 
116.7475396 1.243839e-09 
118.1053659 1.113255e-09 
119.4629344 1.985476e-09 
119.463147 1.274153e-09 
120.8204827 1.261824e-09 
122.1782837 1.517366e-09 
120.8207615 1.954726e-09 
122.1785506 1.733524e-09 
123.5361165 1.441521e-09 
123.5363523 1.549306e-09 
126.2514869 5.770423e-10 
124.8939101 1.555217e-09 
126.2517146 2.244681e-09 
124.8941179 1.075419e-09 
127.6092717 8.41897e-10 
127.6094906 1.246089e-09 
128.9670842 1.102347e-09 
130.3248552 1.285147e-09 
128.9672752 9.772752e-10 
130.3250274 2.908793e-10 
131.6824876 1.756448e-09 
131.6826416 8.685536e-10 
133.0402443 1.720001e-09 
134.39803 1.435063e-09 
133.0403916 5.206264e-10 
134.3981668 7.172343e-11 
135.7557641 1.217066e-09 
135.7559011 3.328867e-11 
137.1134115 6.609678e-10 
138.4711447 1.376788e-09 
137.1135312 7.826747e-10 
138.4712466 2.94215e-10 
139.8289119 1.746301e-09 
139.8290034 7.363775e-10 
142.5442858 2.683155e-09 
141.1866195 2.529093e-09 
142.5443704 2.237014e-09 
141.1867155 1.855583e-09 
143.9020149 5.237836e-09 
143.9020623 9.499678e-10 
145.2597802 5.706643e-09 
146.6174776 5.995912e-09 
145.2597958 9.303396e-10 
146.6174955 2.119308e-09 
147.9751396 2.97128e-09 
147.9752147 5.10844e-09 
149.3328567 3.391004e-09 
150.6906073 2.083303e-09 
149.3328946 2.767705e-09 
150.6906086 2.619504e-09 
152.0482881 1.070635e-09 
152.0482978 3.048315e-09 
153.4058757 2.162988e-09 
154.7635702 1.532352e-09 
154.763667 2.11264e-09 
153.4060017 1.193989e-09 
156.1212918 4.720846e-10 
156.1213667 3.603772e-09 
158.8365424 3.040658e-09 
157.4789631 9.447317e-10 
158.8366615 1.544501e-09 
157.4790375 4.557747e-09 
160.1942277 1.384725e-09 
160.1943296 2.397825e-09 
161.5519263 1.248842e-09 
162.9096058 9.041906e-10 
161.5520358 2.695706e-09 
162.9097035 2.694457e-09 
164.2672181 3.866347e-09 
164.2673061 8.640319e-10 
165.6248845 2.830637e-09 
166.9825624 1.43383e-09 
165.6249907 3.250698e-10 
166.982707 3.819114e-10 
168.3402333 2.177188e-09 
168.3403787 4.254783e-10 
169.6977999 7.098154e-11 
171.05543 4.060209e-10 
169.6979345 2.775013e-09 
171.0556149 3.197082e-09 
172.4131057 1.909356e-09 
172.4133165 2.731031e-09 
175.1283044 2.517795e-09 
173.7707538 4.275815e-09 
175.1284595 4.079539e-09 
173.7709735 2.486264e-09 
176.4859142 5.340702e-09 
176.4861209 4.143843e-09 
177.8436089 7.692772e-09 
179.2012456 7.431526e-09 
177.8437975 2.315563e-09 
179.201432 2.528051e-09 
180.5588216 9.235739e-09 
180.5589475 3.719222e-09 
181.9164305 9.902151e-09 
183.2741186 1.024586e-08 
181.9165875 1.555222e-09 
183.2742389 1.425121e-09 
184.6317426 5.040617e-09 
184.6318532 1.662018e-09 
185.989267 2.876017e-09 
187.3468786 2.062789e-09 
185.9894076 2.127621e-09 
187.347017 3.661713e-10 
188.7045298 1.558724e-09 
188.7046439 3.424513e-10 
191.4196173 2.083931e-09 
190.0621342 2.433537e-10 
191.4197626 7.488996e-11 
190.0622405 9.608202e-10 
192.7772324 1.67697e-09 
192.7773518 6.732935e-10 
194.1348632 7.575079e-10 
195.4924607 4.145825e-10 
194.1349796 1.585319e-09 
195.4925808 2.133467e-09 
196.8499697 2.581788e-09 
196.8500937 1.734234e-10 
198.2075778 1.526865e-09 
199.5652114 5.036878e-10 
198.2076957 1.73654e-10 
199.5653503 2.093907e-10 
200.9228141 1.695435e-10 
200.9229744 4.898079e-10 
202.280278 9.147344e-10 
203.6378704 2.03902e-09 
203.6380872 1.136526e-09 
202.2804652 6.720206e-10 
204.9955053 4.109645e-09 
204.9957513 1.523306e-09 
206.3530828 9.198942e-09 
206.3533478 1.449966e-09 
108.6006701 1.93562e-09 
108.6009641 2.757298e-09 
111.3163507 1.969288e-09 
111.3166195 6.734123e-10 
114.0317498 1.763769e-09 
114.0320123 1.228947e-09 
116.7474206 1.641629e-09 
116.7476395 9.898218e-10 
119.4627865 2.216436e-09 
119.4630545 1.462399e-09 
122.1784289 2.069636e-09 
122.1786411 1.267731e-09 
124.8937774 5.55044e-10 
124.8940272 1.751086e-09 
127.6093849 9.347403e-10 
127.6095773 7.460438e-10 
130.324765 1.610536e-09 
130.324944 7.762467e-10 
133.0403164 1.416471e-09 
133.040468 8.059174e-11 
135.755704 1.197642e-09 
135.7558245 3.110556e-10 
138.471193 1.507994e-09 
138.4713162 6.214306e-10 
141.186578 2.89031e-09 
141.1866513 5.862045e-10 
143.9020417 4.91138e-09 
143.9021035 2.297014e-09 
146.6174439 5.574478e-09 
146.6174733 1.975538e-09 
149.3328921 4.033822e-09 
149.3328975 2.26418e-09 
152.0482254 1.556628e-09 
152.0482936 1.517892e-09 
154.7636337 8.403372e-10 
154.7636839 3.157593e-09 
157.4788916 6.516676e-10 
157.4790046 3.232391e-09 
160.1942779 3.026586e-10 
160.1943752 4.61159e-09 
162.9095592 3.280117e-09 
162.9096579 6.848075e-10 
165.6249289 1.851538e-09 
165.6250441 1.250957e-09 
168.3401724 1.492494e-09 
168.3403183 1.087269e-09 
171.0555072 3.142991e-09 
171.0556965 7.138958e-10 
173.7706695 1.27401e-09 
173.7708819 5.014589e-09 
176.4859975 5.913669e-09 
176.4862155 3.446201e-09 
179.2011716 9.644113e-09 
179.2013561 2.103029e-09 
181.9165006 8.241251e-09 
181.9166447 1.627257e-09 
184.631668 5.40022e-09 
184.6318138 1.281011e-09 
187.3469526 1.574042e-09 
187.3470571 9.081762e-10 
190.0620581 1.086813e-09 
190.0621932 2.257309e-10 
192.7772943 7.143216e-11 
192.7774129 2.304796e-09 
195.4924034 2.409058e-09 
195.4925142 3.770492e-10 
198.207635 5.981989e-10 
198.2077686 7.253746e-10 
200.9227354 8.077452e-11 
200.9228935 3.949514e-10 
203.6379776 1.77649e-09 
203.6381857 7.839151e-10 
206.3529559 6.892073e-09 
206.3532239 5.501621e-09 
109.95854 2.245689e-09 
108.6008168 2.860484e-09 
109.9588112 1.757552e-09 
108.6011176 1.184954e-09 
111.3162098 1.738409e-09 
111.3164845 1.590003e-09 
112.6739361 1.12677e-09 
114.0318891 1.706033e-09 
112.674207 1.740891e-09 
114.0321285 5.834607e-10 
115.3896155 1.426421e-09 
115.3898493 1.084269e-09 
118.1049801 1.773151e-09 
116.7472761 2.031367e-09 
118.105261 1.349238e-09 
116.7475398 1.290242e-09 
119.4629344 1.959844e-09 
119.4631471 1.307062e-09 
122.178284 1.535359e-09 
120.8206308 1.844972e-09 
122.1785508 1.714423e-09 
120.8208686 1.266881e-09 
123.5359832 4.026291e-10 
123.5362444 2.435768e-09 
126.2516012 7.227345e-10 
124.8939112 1.333611e-09 
126.2518186 1.65885e-09 
124.894117 1.170537e-09 
127.6092731 7.208483e-10 
127.6094905 1.236805e-09 
128.9669932 1.572204e-09 
130.3248561 1.11366e-09 
128.9671806 1.380041e-09 
130.3250254 3.478559e-10 
131.6825651 1.523384e-09 
131.6827239 3.050423e-10 
134.3979623 9.183075e-10 
133.0402458 1.530615e-09 
134.3980936 6.771778e-10 
133.0403897 5.722313e-10 
135.7557624 1.292058e-09 
135.7558985 2.860126e-11 
138.471145 1.33553e-09 
137.1134776 1.223757e-09 
138.4712414 4.585537e-10 
137.1135927 3.632673e-10 
139.8288503 1.17757e-09 
139.8289515 1.506961e-09 
142.5443427 3.662205e-09 
141.1866133 2.927355e-09 
142.5443975 8.160218e-10 
141.186713 1.842114e-09 
143.9020129 5.148207e-09 
143.9020545 1.034552e-09 
145.2597214 3.620022e-09 
146.617468 6.339274e-09 
145.2597876 4.313703e-09 
146.6174943 1.705802e-09 
147.9752041 4.999184e-09 
147.9751991 1.768758e-09 
150.6905236 1.790143e-09 
149.3328514 2.9139e-09 
150.6906201 3.070045e-09 
149.3328869 2.28553e-09 
152.0482773 1.222564e-09 
152.0482991 2.304172e-09 
154.7635616 1.010993e-09 
153.4059609 7.386598e-10 
154.7636618 1.787963e-09 
153.4060013 2.086321e-09 
156.1212048 1.522437e-09 
156.1213389 1.647405e-09 
158.8366011 1.57507e-10 
157.4789537 1.090533e-09 
158.8367067 4.407347e-09 
157.4790413 4.284378e-09 
160.1942186 1.410778e-09 
160.1943282 2.489927e-09 
161.5518796 5.05218e-09 
162.9096002 8.322931e-10 
161.5519781 7.327988e-10 
162.9097089 2.792255e-09 
164.2672471 2.166374e-09 
164.2673726 8.102236e-10 
166.9825212 1.255579e-09 
165.6248772 3.139372e-09 
166.9826309 1.519705e-09 
165.6249925 3.657872e-10 
168.3402315 2.210834e-09 
168.3403835 5.03885e-10 
171.0554258 6.084511e-10 
169.6978453 1.284002e-09 
171.055618 3.279592e-09 
169.6980308 1.032435e-09 
172.4130491 1.530054e-10 
172.4132106 4.585159e-09 
175.1283549 3.853154e-09 
173.770755 4.846787e-09 
175.1285714 3.354485e-09 
173.7709768 2.318492e-09 
176.4859126 4.77313e-09 
176.4861241 4.334569e-09 
177.8435608 6.349471e-09 
179.2012466 8.138056e-09 
177.8437055 3.263057e-09 
179.2014348 2.231519e-09 
180.558869 1.15208e-08 
180.5590209 9.742225e-10 
183.2740577 6.027085e-09 
181.916428 9.100216e-09 
183.2741887 4.267043e-09 
181.9165888 1.666617e-09 
184.63174 5.092775e-09 
184.6318554 1.481395e-09 
187.3468749 1.779017e-09 
185.9893394 5.003912e-09 
187.347016 2.346436e-10 
185.989452 8.700425e-10 
188.7044458 1.324615e-09 
188.7045966 2.048474e-10 
191.4196958 5.037753e-10 
190.0621299 1.504324e-10 
191.4198163 1.174863e-09 
190.0622429 8.900074e-10 
192.777229 1.492492e-09 
192.7773507 7.192697e-10 
194.1347911 3.161263e-09 
195.4924571 3.511078e-10 
194.1349208 1.437724e-10 
195.4925831 2.21924e-09 
196.850035 9.471207e-10 
196.8501547 5.678584e-10 
199.5651363 4.917418e-10 
198.2075755 1.539768e-09 
198.2076948 1.850311e-10 
199.565279 4.406774e-10 
200.9228132 1.779163e-10 
200.9229749 4.998283e-10 
203.637871 1.994846e-09 
202.2803705 9.488632e-10 
203.6380882 1.08295e-09 
202.2805569 5.954413e-10 
204.9953971 3.381335e-09 
204.9956301 3.100154e-09 
206.3530851 9.318936e-09 
206.3533489 1.346978e-09 
109.958394 9.971185e-10 
109.9586742 2.684274e-09 
112.6740807 1.740341e-09 
112.6743289 1.135213e-09 
115.389465 1.468944e-09 
115.3897408 1.375699e-09 
118.1051328 1.648786e-09 
118.1053667 1.157663e-09 
120.8204829 1.377575e-09 
120.8207629 1.797111e-09 
123.5361185 1.270983e-09 
123.5363524 1.641346e-09 
126.2514878 5.507529e-10 
126.2517166 2.086051e-09 
128.9670869 9.345705e-10 
128.9672747 1.030968e-09 
131.6824888 1.557534e-09 
131.6826431 8.539786e-10 
134.398032 1.348915e-09 
134.3981652 1.26424e-10 
137.1134134 5.704551e-10 
137.1135302 1.049251e-09 
139.8289115 1.793606e-09 
139.8290001 9.238565e-10 
142.5442884 2.603556e-09 
142.5443659 2.769656e-09 
145.2597771 5.682655e-09 
145.2597914 8.286943e-10 
147.9751409 2.506756e-09 
147.9752081 5.344157e-09 
150.6906012 2.037137e-09 
150.690605 2.065698e-09 
153.4058734 1.444758e-09 
153.4059944 1.364383e-09 
156.1212834 5.231262e-10 
156.1213653 3.262545e-09 
158.836537 2.809433e-09 
158.8366555 1.749837e-09 
161.5519177 1.051489e-09 
161.5520374 2.756369e-09 
164.2672101 3.986742e-09 
164.267303 8.70128e-10 
166.9825552 1.380623e-09 
166.9827109 5.002461e-10 
169.6977909 1.779683e-10 
169.6979347 3.129305e-09 
172.413102 2.382292e-09 
172.4133212 2.561238e-09 
175.128297 1.800379e-09 
175.1284627 4.730341e-09 
177.8436082 7.715037e-09 
177.8438018 1.856615e-09 
180.5588165 7.840053e-09 
180.5589501 4.056575e-09 
183.2741172 9.677486e-09 
183.2742407 1.185439e-09 
185.9892651 2.330282e-09 
185.9894065 2.086484e-09 
188.7045274 1.24684e-09 
188.7046434 2.252323e-10 
191.419618 1.826072e-09 
191.4197596 1.038603e-10 
194.1348605 5.955314e-10 
194.1349788 1.564829e-09 
196.84997 2.46635e-09 
196.8500908 1.958616e-10 
199.5652096 5.943516e-10 
199.5653495 2.345035e-10 
202.2802781 9.679111e-10 
202.2804649 6.315459e-10 
204.9955062 3.957296e-09 
204.9957527 1.453545e-09 
108.6006681 1.791495e-09 
109.958539 2.373507e-09 
108.6009652 2.746413e-09 
109.9588132 1.716214e-09 
111.3163501 2.093575e-09 
111.3166211 6.644433e-10 
112.673934 1.120727e-09 
114.031748 1.803404e-09 
112.6742081 1.827434e-09 
114.0320133 1.253316e-09 
115.3896152 1.614498e-09 
115.3898509 1.072159e-09 
118.1049795 1.922766e-09 
116.7474204 1.731136e-09 
118.1052624 1.230019e-09 
116.7476407 1.016188e-09 
119.4627862 2.318063e-09 
119.4630556 1.373721e-09 
120.8206322 1.77266e-09 
122.1784304 1.876578e-09 
120.8208697 1.279762e-09 
122.1786411 1.364223e-09 
123.5359833 5.297649e-10 
123.536247 2.222927e-09 
124.8937783 6.153545e-10 
126.2516037 6.799973e-10 
124.8940289 1.638784e-09 
126.2518199 1.640544e-09 
127.6093878 8.296791e-10 
127.6095763 8.214832e-10 
128.9669927 1.385174e-09 
130.3247663 1.406801e-09 
128.9671841 1.411641e-09 
130.3249454 8.265016e-10 
131.6825676 1.407985e-09 
131.6827251 3.301798e-10 
134.397962 7.776763e-10 
133.0403184 1.368597e-09 
134.3980964 7.440758e-10 
133.0404661 1.283984e-10 
135.7557054 1.019803e-09 
135.7558234 4.421679e-10 
137.1134796 1.115416e-09 
138.471192 1.686384e-09 
137.1135923 5.188196e-10 
138.471313 5.702629e-10 
139.8288523 1.109702e-09 
139.8289519 1.850907e-09 
141.1865796 2.718779e-09 
142.5443448 3.526915e-09 
141.1866465 8.687169e-10 
142.5443945 9.764282e-10 
143.9020379 5.290785e-09 
143.9020993 2.022195e-09 
145.259726 3.411684e-09 
146.6174451 5.171212e-09 
145.2597859 4.812521e-09 
146.6174663 2.107067e-09 
147.9752059 4.792672e-09 
147.9751943 1.78011e-09 
150.6905278 1.510092e-09 
149.3328864 4.279741e-09 
150.6906168 3.496331e-09 
149.3328938 1.719389e-09 
152.0482236 1.148788e-09 
152.0482868 1.368671e-09 
153.4059602 8.50263e-10 
154.7636264 1.187503e-09 
153.4059964 1.881751e-09 
154.7636825 2.566108e-09 
156.1212063 1.216872e-09 
156.1213339 2.085527e-09 
157.478886 3.728963e-10 
158.8365964 5.978466e-11 
157.4789996 3.305182e-09 
158.8367037 4.291866e-09 
160.1942699 4.041102e-10 
160.1943774 4.336843e-09 
161.551877 4.921328e-09 
162.9095505 3.105515e-09 
161.5519721 8.792667e-10 
162.9096556 8.351953e-10 
164.2672387 1.675108e-09 
164.2673724 9.485384e-10 
166.9825144 1.256968e-09 
165.6249213 1.692606e-09 
166.9826254 1.718435e-09 
165.6250488 1.215506e-09 
168.340163 1.570186e-09 
168.340318 1.382663e-09 
169.6978363 1.387746e-09 
171.0555022 3.590868e-09 
169.6980328 1.256517e-09 
171.0557012 6.176711e-10 
172.413041 8.537657e-11 
172.413208 5.329909e-09 
173.7706629 1.060677e-09 
175.1283491 4.038662e-09 
173.7708831 5.515089e-09 
175.1285742 3.291452e-09 
176.4859954 6.475553e-09 
176.4862188 3.064922e-09 
177.8435545 5.605756e-09 
179.2011679 8.623433e-09 
177.8437049 3.680922e-09 
179.2013565 2.443667e-09 
180.5588661 1.066251e-08 
180.5590216 7.979403e-10 
183.2740566 5.290514e-09 
181.9164983 8.046645e-09 
183.2741866 4.098255e-09 
181.9166455 1.333294e-09 
184.6316668 4.68435e-09 
184.6318111 1.286906e-09 
185.9893386 4.296946e-09 
187.3469493 1.356422e-09 
185.9894492 8.252052e-10 
187.3470561 7.61644e-10 
188.7044498 9.881083e-10 
188.7045931 1.836669e-10 
190.0620584 7.679641e-10 
191.4196958 3.117539e-10 
190.0621895 1.848012e-10 
191.4198126 1.021891e-09 
192.7772909 5.047624e-11 
192.7774123 2.217211e-09 
194.1347951 2.750718e-09 
195.4924029 2.220931e-09 
194.134917 1.483998e-10 
195.4925113 3.352731e-10 
196.8500342 1.012185e-09 
196.8501518 5.270035e-10 
199.5651378 4.85974e-10 
198.2076327 6.593742e-10 
199.5652771 4.807612e-10 
198.2077682 7.623327e-10 
200.9227351 1.14139e-10 
200.9228931 4.096258e-10 
202.2803705 9.439141e-10 
203.6379786 1.743667e-09 
202.280557 6.069002e-10 
203.6381866 7.468551e-10 
204.995396 3.411139e-09 
204.9956319 3.139656e-09 
206.3529558 6.957025e-09 
206.3532265 5.532494e-09 
108.6008167 3.044289e-09 
108.601119 1.100692e-09 
111.3162079 1.870988e-09 
111.3164857 1.597931e-09 
114.0318888 1.926019e-09 
114.0321301 5.720165e-10 
116.7472751 2.235759e-09 
116.7475411 1.201083e-09 
119.4629353 1.864114e-09 
119.463148 1.370369e-09 
122.1782843 1.685632e-09 
122.1785528 1.528903e-09 
124.8939139 1.25499e-09 
124.8941171 1.230864e-09 
127.6092737 7.192176e-10 
127.6094934 1.199649e-09 
130.3248597 1.172381e-09 
130.3250251 3.945733e-10 
133.0402464 1.336922e-09 
133.0403923 6.742442e-10 
135.7557652 1.241224e-09 
135.7558971 6.430371e-11 
138.4711471 1.136245e-09 
138.4712418 6.272332e-10 
141.1866154 3.037896e-09 
141.1867093 1.612172e-09 
143.9020177 4.763742e-09 
143.9020522 1.349639e-09 
146.6174698 6.533212e-09 
146.6174886 1.404842e-09 
149.3328567 2.612312e-09 
149.332883 2.639899e-09 
152.0482775 1.541083e-09 
152.0482933 2.016286e-09 
154.7635642 9.966295e-10 
154.7636571 1.921322e-09 
157.4789505 1.47377e-09 
157.4790381 3.803223e-09 
160.1942159 1.028058e-09 
160.1943237 2.623646e-09 
162.9095928 6.938451e-10 
162.9097097 2.517947e-09 
165.6248693 2.754268e-09 
165.6249887 5.775091e-10 
168.3402226 2.32953e-09 
168.3403868 4.062211e-10 
171.0554166 5.160887e-10 
171.0556159 3.89785e-09 
173.7707485 5.315511e-09 
173.7709802 2.092698e-09 
176.4859061 4.24191e-09 
176.486123 4.848617e-09 
179.2012427 7.711628e-09 
179.2014355 1.914841e-09 
181.9164266 8.283349e-09 
181.9165857 1.716374e-09 
184.6317378 4.491051e-09 
184.6318526 1.355387e-09 
187.3468784 1.374155e-09 
187.3470113 2.958218e-10 
190.0621286 8.889826e-11 
190.0622391 7.384344e-10 
192.7772324 1.221013e-09 
192.7773462 5.770484e-10 
195.4924556 4.556196e-10 
195.49258 2.141893e-09 
198.2075766 1.489895e-09 
198.2076926 1.746081e-10 
200.9228131 1.89317e-10 
200.9229745 5.220301e-10 
203.6378704 2.070702e-09 
203.6380895 1.094874e-09 
206.3530858 9.498443e-09 
206.3533505 1.309003e-09 
109.9583925 1.072376e-09 
108.6006674 1.999034e-09 
109.9586754 2.834054e-09 
108.6009661 2.751181e-09 
111.3163501 2.36097e-09 
111.3166222 6.023219e-10 
114.0317472 2.098082e-09 
112.6740804 2.037872e-09 
114.0320143 1.180875e-09 
112.6743305 1.070474e-09 
115.3894642 1.634018e-09 
115.3897419 1.352294e-09 
118.1051333 1.712907e-09 
116.7474208 1.770918e-09 
118.105368 1.118986e-09 
116.7476416 1.029172e-09 
119.4627861 2.489854e-09 
119.463057 1.21506e-09 
120.8204827 1.565454e-09 
122.1784319 1.788237e-09 
120.8207647 1.589893e-09 
122.1786418 1.40002e-09 
123.53612 1.283912e-09 
123.5363541 1.552539e-09 
126.2514867 5.138159e-10 
124.8937784 7.198054e-10 
126.2517197 2.11285e-09 
124.8940313 1.520497e-09 
127.6093904 1.013916e-09 
127.6095772 8.11045e-10 
130.3247659 1.39611e-09 
128.9670885 1.020933e-09 
130.324949 8.649523e-10 
128.9672773 9.559389e-10 
131.6824865 1.407695e-09 
131.6826471 9.524562e-10 
134.3980336 1.205916e-09 
133.0403218 1.390121e-09 
134.3981679 2.193333e-10 
133.0404668 2.083341e-10 
135.7557058 8.948534e-10 
135.7558272 5.057755e-10 
137.1134125 5.387325e-10 
138.4711968 1.510711e-09 
137.1135339 1.043226e-09 
138.4713122 5.002934e-10 
139.828915 1.58163e-09 
139.8290008 1.035932e-09 
142.5442916 2.475273e-09 
141.1865836 2.434971e-09 
142.5443692 2.951927e-09 
141.1866496 9.543788e-10 
143.9020449 5.169059e-09 
143.9020957 1.776466e-09 
146.6174527 4.856941e-09 
145.2597837 5.355861e-09 
146.6174681 2.592281e-09 
145.2597891 1.060476e-09 
147.9751474 2.494859e-09 
147.9752107 5.837167e-09 
150.6906087 1.978192e-09 
149.3328941 4.371597e-09 
150.6906004 2.428281e-09 
149.3328878 1.839835e-09 
152.0482324 1.402714e-09 
152.0482865 1.918497e-09 
153.4058806 1.639077e-09 
154.7636315 1.546537e-09 
153.4059949 1.892614e-09 
154.7636761 2.476958e-09 
156.1212876 6.973021e-10 
156.12136 3.211568e-09 
158.8365418 2.631964e-09 
157.4788919 3.951869e-10 
158.8366525 2.094e-09 
157.4789971 3.419059e-09 
160.1942693 5.317896e-10 
160.1943733 3.922316e-09 
162.9095502 2.530738e-09 
161.5519155 6.624335e-10 
162.909651 8.858997e-10 
161.5520333 2.727397e-09 
164.2672102 3.812123e-09 
164.2672964 9.042848e-10 
166.9825475 1.005114e-09 
165.6249147 1.585569e-09 
166.9827086 7.317122e-10 
165.6250478 1.011258e-09 
168.3401576 1.22169e-09 
168.3403133 1.738186e-09 
169.6977872 1.448557e-10 
171.0554943 3.832487e-09 
169.6979275 3.589032e-09 
171.0557024 5.213286e-10 
172.4130934 2.470518e-09 
172.4133207 2.925142e-09 
175.1282922 1.889624e-09 
173.7706562 9.246699e-10 
175.1284575 5.208145e-09 
173.7708799 6.088112e-09 
176.4859893 6.092653e-09 
176.4862194 2.936384e-09 
179.2011647 8.342749e-09 
177.8436021 7.116457e-09 
179.2013531 2.485702e-09 
177.843801 2.020249e-09 
180.5588151 7.76345e-09 
180.5589458 3.717469e-09 
183.2741157 8.67904e-09 
181.9164957 7.060978e-09 
183.274237 1.246259e-09 
181.9166427 1.249731e-09 
184.6316703 4.375545e-09 
184.6318071 1.353303e-09 
185.98927 2.087605e-09 
187.3469502 1.130656e-09 
185.9894027 1.912112e-09 
187.3470511 7.271428e-10 
188.7045297 9.326776e-10 
188.7046381 1.879343e-10 
191.4196247 1.456317e-09 
190.0620646 5.898561e-10 
190.0621855 1.899912e-10 
191.4197564 8.444679e-11 
192.777292 1.460429e-10 
192.777407 2.065167e-09 
195.492407 2.099573e-09 
194.1348625 6.432518e-10 
195.4925082 1.984887e-10 
194.134974 1.384418e-09 
196.8499741 2.209416e-09 
196.8500885 2.336263e-10 
199.5652105 6.438505e-10 
198.2076334 7.622168e-10 
199.5653476 2.559799e-10 
198.2077654 7.109561e-10 
200.9227359 1.336952e-10 
200.9228929 4.279642e-10 
202.2802784 1.072164e-09 
203.6379785 1.827873e-09 
202.2804653 6.410948e-10 
203.6381874 7.394051e-10 
204.995506 4.10607e-09 
204.9957543 1.454218e-09 
206.3529536 6.840457e-09 
206.3532271 5.750243e-09 
109.9585394 2.733207e-09 
109.9588138 1.629444e-09 
112.673934 1.341863e-09 
112.6742088 1.855579e-09 
115.3896155 1.765292e-09 
115.3898517 1.007922e-09 
118.1049795 2.085684e-09 
118.1052631 1.116217e-09 
120.8206325 1.787059e-09 
120.8208709 1.184013e-09 
123.5359824 5.647867e-10 
123.5362483 2.211762e-09 
126.2516038 8.975884e-10 
126.2518222 1.475221e-09 
128.9669902 1.320191e-09 
128.9671865 1.596359e-09 
131.6825675 1.478137e-09 
131.6827286 3.141776e-10 
134.397959 7.858137e-10 
134.3981 7.048201e-10 
137.1134814 9.411481e-10 
137.1135957 5.601452e-10 
139.8288518 1.098266e-09 
139.8289571 1.592283e-09 
142.5443511 3.206063e-09 
142.5443962 1.013945e-09 
145.2597297 3.41824e-09 
145.2597926 4.8727e-09 
147.9752162 4.532522e-09 
147.9751932 2.388458e-09 
150.6905353 2.13163e-09 
150.6906229 3.967611e-09 
153.4059712 9.548151e-10 
153.4059928 2.384053e-09 
156.1212152 1.566213e-09 
156.121337 2.438775e-09 
158.8366032 3.996187e-11 
158.8366988 4.230932e-09 
161.5518837 4.680395e-09 
161.55197 9.654825e-10 
164.2672383 1.322162e-09 
164.2673673 9.534281e-10 
166.9825177 1.106888e-09 
166.982619 1.784411e-09 
169.697831 1.167341e-09 
169.6980287 1.587257e-09 
172.4130414 2.968509e-10 
172.4132006 5.594727e-09 
175.1283426 3.671361e-09 
175.1285712 3.84402e-09 
177.8435546 6.45042e-09 
177.8436981 3.356549e-09 
180.5588625 9.898423e-09 
180.5590174 1.081779e-09 
183.2740607 5.713376e-09 
183.274182 3.694909e-09 
185.9893407 3.89948e-09 
185.9894443 9.671255e-10 
188.7044566 8.747378e-10 
188.7045911 1.975144e-10 
191.4196998 3.69862e-10 
191.4198077 9.176571e-10 
194.1348003 2.492971e-09 
194.134916 1.28241e-10 
196.8500372 1.099033e-09 
196.8501486 4.242989e-10 
199.5651401 4.126751e-10 
199.5652774 5.103569e-10 
202.2803712 1.019798e-09 
202.2805571 6.120828e-10 
204.9953943 3.420236e-09 
204.9956322 3.360902e-09 
109.9583941 1.333816e-09 
108.6008171 3.31552e-09 
109.9586755 2.882925e-09 
108.6011189 1.056508e-09 
111.3162083 2.206705e-09 
111.3164861 1.529817e-09 
112.6740811 2.18467e-09 
114.0318892 1.989151e-09 
112.67433 1.002474e-09 
114.0321303 5.41235e-10 
115.3894651 1.792066e-09 
115.3897418 1.283933e-09 
116.7472753 2.422663e-09 
118.1051332 1.702788e-09 
116.7475417 1.099936e-09 
118.1053681 1.056627e-09 
119.4629359 1.808972e-09 
119.4631484 1.375357e-09 
120.8204824 1.552201e-09 
122.1782842 1.739341e-09 
120.8207644 1.617198e-09 
122.1785538 1.438251e-09 
123.5361189 1.463948e-09 
123.5363551 1.399873e-09 
126.2514852 4.879187e-10 
124.8939146 1.42565e-09 
126.2517196 2.286776e-09 
124.8941181 1.181549e-09 
127.6092728 8.248979e-10 
127.6094954 1.17675e-09 
128.9670868 1.269834e-09 
130.324861 1.391704e-09 
128.9672795 8.445793e-10 
130.3250269 3.949914e-10 
131.6824839 1.49406e-09 
131.6826479 1.039532e-09 
133.0402453 1.412285e-09 
134.3980327 1.236905e-09 
133.0403959 6.713857e-10 
134.3981712 2.030449e-10 
135.7557687 1.124376e-09 
135.7558988 1.235968e-10 
137.1134099 6.134011e-10 
138.4711481 1.048113e-09 
137.1135373 7.745184e-10 
138.4712471 5.426711e-10 
139.8289176 1.408773e-09 
139.8290045 9.01774e-10 
142.5442909 2.523445e-09 
141.1866228 2.650972e-09 
142.5443758 2.509925e-09 
141.1867096 1.488968e-09 
143.9020226 4.567594e-09 
143.9020586 1.447898e-09 
145.2597909 5.121954e-09 
146.6174805 6.251301e-09 
145.2597921 1.330164e-09 
146.6174863 1.605954e-09 
147.9751502 3.06829e-09 
147.975219 5.906052e-09 
149.3328653 2.856556e-09 
150.6906194 1.898896e-09 
149.3328882 3.367332e-09 
150.6906011 3.269355e-09 
152.0482884 1.588117e-09 
152.0482884 2.534786e-09 
153.4058873 2.570878e-09 
154.7635744 1.496459e-09 
153.4060024 2.106056e-09 
154.7636595 2.357517e-09 
156.1212987 6.94903e-10 
156.1213581 3.565323e-09 
158.8365502 2.769969e-09 
157.4789579 1.602492e-09 
158.8366565 2.141442e-09 
157.4790324 3.738856e-09 
160.1942233 8.139609e-10 
160.1943223 2.580697e-09 
161.5519229 6.197331e-10 
162.9095938 6.85149e-10 
161.5520291 2.629598e-09 
162.9097048 2.245394e-09 
164.2672182 3.598626e-09 
164.2672955 8.924204e-10 
165.6248717 2.295803e-09 
166.9825499 8.580001e-10 
165.6249845 6.121209e-10 
166.9827033 7.363355e-10 
168.3402188 2.34367e-09 
168.3403839 2.90272e-10 
169.6977937 1.186884e-10 
171.0554151 3.088464e-10 
169.6979229 3.485436e-09 
171.0556116 4.183132e-09 
172.4130917 2.055906e-09 
172.4133158 3.353372e-09 
175.1282964 2.779634e-09 
173.7707433 5.020435e-09 
175.128451 4.870043e-09 
173.770979 2.138315e-09 
176.4859036 4.470257e-09 
176.4861192 4.955558e-09 
177.8435991 6.688304e-09 
179.2012393 6.721923e-09 
177.8437962 2.606293e-09 
179.2014332 2.007012e-09 
180.5588193 9.160454e-09 
180.5589404 3.230491e-09 
181.9164282 8.552185e-09 
183.2741161 8.627812e-09 
181.9165825 1.616458e-09 
183.2742329 1.521754e-09 
184.631739 4.096523e-09 
184.6318486 1.437328e-09 
185.9892749 2.464885e-09 
187.3468842 1.375599e-09 
185.9894014 1.945081e-09 
187.3470094 5.094086e-10 
188.7045333 1.035029e-09 
188.7046353 2.73218e-10 
191.4196282 1.450514e-09 
190.0621321 1.736583e-10 
191.4197573 1.011773e-10 
190.0622344 6.998408e-10 
192.7772378 1.200665e-09 
192.7773445 4.763529e-10 
194.1348663 8.135478e-10 
195.4924584 5.973764e-10 
194.1349717 1.285793e-09 
195.4925759 1.997378e-09 
196.8499764 2.135335e-09 
196.8500901 2.564595e-10 
198.2075796 1.431884e-09 
199.5652128 5.805726e-10 
198.207692 1.698376e-10 
199.5653471 2.442587e-10 
200.9228139 1.870397e-10 
200.9229737 5.256897e-10 
202.2802785 1.0804e-09 
203.6378694 2.159436e-09 
202.2804659 6.863821e-10 
203.6380893 1.152594e-09 
204.995505 4.353937e-09 
204.9957539 1.530196e-09 
206.3530839 9.504504e-09 
206.3533505 1.390382e-09 
108.6006689 2.290286e-09 
108.6009656 2.75156e-09 
111.3163508 2.377161e-09 
111.3166212 5.797299e-10 
114.0317485 2.24859e-09 
114.032014 1.102387e-09 
116.7474213 1.682333e-09 
116.7476411 1.013855e-09 
119.4627863 2.483084e-09 
119.4630568 1.203012e-09 
122.1784314 1.928114e-09 
122.1786422 1.334383e-09 
124.8937775 7.300117e-10 
124.8940311 1.541351e-09 
127.6093892 1.253652e-09 
127.6095787 7.398985e-10 
130.3247644 1.605922e-09 
130.3249498 8.19733e-10 
133.0403219 1.487862e-09 
133.0404692 2.070435e-10 
135.7557048 1.016626e-09 
135.7558306 4.015019e-10 
138.4712007 1.252274e-09 
138.4713148 5.135737e-10 
141.1865843 2.466161e-09 
141.1866564 7.451647e-10 
143.9020531 4.680039e-09 
143.9020978 1.944525e-09 
146.6174563 5.115372e-09 
146.6174762 2.850296e-09 
149.3329046 4.098472e-09 
149.3328877 2.519875e-09 
152.0482395 1.985853e-09 
152.0482932 2.556178e-09 
154.763642 1.360289e-09 
154.7636735 3.044223e-09 
157.4789011 6.733519e-10 
157.4790005 3.528658e-09 
160.1942768 4.931852e-10 
160.1943686 3.914256e-09 
162.9095585 2.338783e-09 
162.9096505 7.849371e-10 
165.6249183 1.673975e-09 
165.6250424 8.810451e-10 
168.3401635 9.585462e-10 
168.3403107 1.665494e-09 
171.0554944 3.536652e-09 
171.0556984 5.396045e-10 
173.7706587 1.076369e-09 
173.7708766 6.014535e-09 
176.4859876 5.327992e-09 
176.4862165 3.218905e-09 
179.2011664 9.177306e-09 
179.2013505 2.295039e-09 
181.9164964 6.737246e-09 
181.9166402 1.460331e-09 
184.6316737 4.851189e-09 
184.6318071 1.517273e-09 
187.346954 1.269617e-09 
187.347049 8.241076e-10 
190.0620681 7.326503e-10 
190.0621867 2.873584e-10 
192.777296 2.570671e-10 
192.7774044 2.041933e-09 
195.49241 2.170777e-09 
195.4925092 1.721868e-10 
198.207636 7.688862e-10 
198.2077639 6.380831e-10 
200.9227367 1.089587e-10 
200.9228931 4.194423e-10 
203.6379775 1.912801e-09 
203.6381869 7.712781e-10 
206.3529523 6.699974e-09 
206.3532249 5.871045e-09 
109.9585407 2.816319e-09 
108.6008174 3.281585e-09 
109.9588122 1.625324e-09 
108.6011175 1.115408e-09 
111.3162104 2.276835e-09 
111.316485 1.488784e-09 
112.6739361 1.499667e-09 
114.0318899 1.80334e-09 
112.6742081 1.776058e-09 
114.0321288 5.282111e-10 
115.3896159 1.656865e-09 
115.3898506 9.786718e-10 
118.10498 2.027184e-09 
116.7472764 2.326123e-09 
116.7475408 1.125052e-09 
118.1052621 1.163582e-09 
119.4629353 1.885613e-09 
119.4631478 1.319109e-09 
122.1782838 1.64079e-09 
120.8206313 1.882245e-09 
122.1785524 1.556328e-09 
120.8208705 1.108923e-09 
123.5359818 4.555698e-10 
123.5362466 2.406698e-09 
126.2516013 1.098838e-09 
124.8939123 1.618671e-09 
126.2518224 1.385709e-09 
124.8941186 1.089854e-09 
127.6092716 9.1315e-10 
127.6094937 1.195992e-09 
128.9669892 1.462595e-09 
130.3248582 1.475804e-09 
128.9671845 1.67979e-09 
130.3250283 3.220167e-10 
131.682565 1.652979e-09 
131.6827296 2.608276e-10 
134.3979575 9.236862e-10 
133.040244 1.656658e-09 
133.0403954 5.722105e-10 
134.3980995 6.475817e-10 
135.7557681 1.137066e-09 
135.7559013 9.01257e-11 
138.4711467 1.215695e-09 
137.1134805 9.752403e-10 
138.4712501 3.448443e-10 
137.1135982 4.138868e-10 
139.8288494 1.183817e-09 
139.82896 1.158065e-09 
142.5443528 3.173114e-09 
141.1866254 2.35993e-09 
142.5444002 9.085842e-10 
141.1867134 1.652487e-09 
143.9020209 4.907461e-09 
143.9020649 1.237721e-09 
145.2597275 3.752722e-09 
146.6174853 5.899982e-09 
145.2597984 4.478031e-09 
146.6174905 2.094103e-09 
147.9752208 4.553072e-09 
147.9751974 2.843902e-09 
150.6905357 2.963478e-09 
149.3328653 3.378595e-09 
149.3328954 3.513952e-09 
150.6906301 3.875202e-09 
152.048295 1.246702e-09 
152.0482912 3.222279e-09 
154.7635781 1.831681e-09 
153.4059786 8.212277e-10 
154.7636656 2.553906e-09 
153.4059954 3.017702e-09 
156.1212192 2.206041e-09 
156.1213439 2.25396e-09 
158.836612 2.272413e-11 
157.4789656 1.239197e-09 
158.8366988 4.380732e-09 
157.479032 4.221837e-09 
160.1942306 1.003039e-09 
160.1943259 2.493495e-09 
161.5518905 4.655724e-09 
162.9096018 8.094132e-10 
161.5519747 9.106757e-10 
162.909701 2.331773e-09 
164.2672465 1.531935e-09 
164.2673643 8.089738e-10 
166.9825265 9.644522e-10 
165.6248812 2.316217e-09 
165.6249857 4.73639e-10 
166.9826205 1.662042e-09 
168.3402254 2.257495e-09 
168.340379 2.749267e-10 
171.0554234 2.413096e-10 
169.6978367 9.190575e-10 
171.055611 3.777663e-09 
169.6980243 1.540891e-09 
172.4130497 5.561769e-10 
172.4131987 5.063272e-09 
175.1283444 3.257374e-09 
173.7707466 4.391139e-09 
175.1285665 4.272553e-09 
173.7709749 2.366028e-09 
176.4859086 5.157825e-09 
176.4861179 4.591186e-09 
177.8435608 7.856749e-09 
179.2012411 6.594974e-09 
177.8436945 2.848921e-09 
179.201431 2.372612e-09 
180.5588633 1.03031e-08 
180.5590141 1.48226e-09 
183.2740644 6.781439e-09 
181.9164307 9.542757e-09 
181.9165836 1.609861e-09 
183.2741812 3.760636e-09 
184.631742 4.478659e-09 
184.631849 1.614939e-09 
187.3468843 1.775464e-09 
185.9893427 4.35633e-09 
187.3470129 5.937301e-10 
185.9894439 1.120898e-09 
188.7044568 1.133135e-09 
188.7045934 2.918285e-10 
191.4197023 5.953253e-10 
190.0621355 2.834588e-10 
191.4198084 1.002189e-09 
190.0622352 8.278747e-10 
192.7772378 1.45839e-09 
192.777348 5.413765e-10 
194.1347996 2.720657e-09 
195.4924615 5.787051e-10 
194.1349191 1.310089e-10 
195.4925763 1.993012e-09 
196.8500397 1.087122e-09 
196.8501495 4.026561e-10 
199.56514 3.637748e-10 
198.2075803 1.446912e-09 
199.5652794 4.831463e-10 
198.207694 1.646116e-10 
200.9228146 1.742885e-10 
200.9229736 5.051854e-10 
203.6378694 2.137729e-09 
202.2803716 1.0711e-09 
203.6380879 1.180729e-09 
202.280557 6.0663e-10 
204.9953943 3.393891e-09 
204.9956306 3.467643e-09 
206.3530821 9.320422e-09 
206.3533488 1.481193e-09 
109.9583967 1.421305e-09 
109.9586743 2.772746e-09 
112.6740819 1.971096e-09 
112.6743281 1.024458e-09 
115.3894664 1.710216e-09 
115.3897406 1.282397e-09 
118.1051327 1.65505e-09 
118.1053668 1.04925e-09 
120.8204824 1.364265e-09 
120.8207625 1.839946e-09 
123.5361168 1.574354e-09 
123.536354 1.397601e-09 
126.2514853 5.37069e-10 
126.2517164 2.362491e-09 
128.9670841 1.322238e-09 
128.9672782 8.552496e-10 
131.6824846 1.712551e-09 
131.6826446 9.935699e-10 
134.3980305 1.379317e-09 
134.3981705 1.057133e-10 
137.1134093 6.872841e-10 
137.1135356 6.458752e-10 
139.8289157 1.532188e-09 
139.8290062 7.245533e-10 
142.5442874 2.67749e-09 
142.5443765 2.122762e-09 
145.2597888 5.364867e-09 
145.2597962 1.278884e-09 
147.9751454 3.415676e-09 
147.9752215 5.488607e-09 
150.6906185 1.960861e-09 
150.6906061 3.43283e-09 
153.4058843 2.955116e-09 
153.4060066 1.674502e-09 
156.1213012 5.155203e-10 
156.1213623 3.855244e-09 
158.8365506 3.052036e-09 
158.8366621 1.808758e-09 
161.5519296 9.264308e-10 
161.5520307 2.636376e-09 
164.267223 3.596988e-09 
164.2673015 9.011571e-10 
166.9825591 1.091708e-09 
166.9827023 5.092774e-10 
169.6978016 3.054827e-11 
169.6979272 3.019011e-09 
172.4130993 1.705492e-09 
172.4133132 3.218299e-09 
175.128304 3.19651e-09 
175.1284523 4.212482e-09 
177.8436033 7.064291e-09 
177.843794 2.805587e-09 
180.5588234 1.012634e-08 
180.5589415 3.29828e-09 
183.2741179 9.603893e-09 
183.2742341 1.657081e-09 
185.9892731 2.973587e-09 
185.9894044 2.107644e-09 
188.7045334 1.421344e-09 
188.7046389 3.737222e-10 
191.4196236 1.835683e-09 
191.4197611 9.655846e-11 
194.1348667 8.930341e-10 
194.1349752 1.413526e-09 
196.8499737 2.366083e-09 
196.8500933 2.122618e-10 
199.5652134 4.938517e-10 
199.5653488 2.153015e-10 
202.2802783 9.836912e-10 
202.2804658 7.06649e-10 
204.9955046 4.355287e-09 
204.995752 1.572283e-09 
