# c_kinat vs. Position.Y (2660 data points):
# Position.Y c_kinat
1.3447064 2.079043e-09 
2.7018388 2.75587e-09 
2.702448 5.593383e-10 
4.0596594 8.413942e-10 
5.4174132 2.947102e-10 
4.0602524 2.481889e-10 
5.4179984 1.252159e-10 
6.7752192 2.083945e-10 
8.1323644 6.842107e-10 
9.4901725 6.629282e-10 
8.1329701 2.280462e-10 
9.4907892 5.89225e-10 
10.8479282 3.569963e-10 
10.8485545 1.431621e-09 
13.5628923 2.979887e-10 
12.2057604 8.955233e-10 
13.5635378 1.658764e-09 
14.9207297 4.53602e-10 
14.9213758 1.422078e-09 
16.2785145 7.311135e-10 
17.636353 6.481415e-10 
16.2791422 6.615451e-10 
18.9935086 3.616489e-10 
18.9941236 1.850015e-10 
20.3513371 7.779177e-10 
21.7091078 1.302725e-09 
20.351941 1.299095e-10 
21.7096923 3.367105e-10 
24.4241139 2.312674e-09 
23.0669125 7.605169e-10 
24.424668 4.384127e-10 
25.78191 2.898748e-09 
25.7824899 2.024366e-10 
27.1396682 2.069967e-09 
28.497478 9.290356e-10 
27.1402615 1.112981e-09 
29.8546959 1.261132e-09 
29.8552513 1.750429e-09 
31.2125109 2.030642e-09 
32.5702827 3.513549e-09 
31.2130991 2.530925e-09 
32.5708889 1.776981e-09 
33.9281155 3.618568e-09 
36.6431715 2.801617e-09 
35.2853346 2.006222e-09 
35.285893 2.842084e-09 
36.6437371 1.70463e-09 
38.0009379 3.32347e-09 
38.0015239 6.083821e-10 
40.7159874 6.584484e-10 
39.3587693 3.195209e-09 
40.7165433 2.440039e-09 
42.0738207 1.38956e-09 
42.0743887 2.302708e-09 
43.4315933 2.376861e-09 
44.789442 4.318257e-09 
43.4321857 1.951401e-09 
46.1466399 1.929526e-10 
46.1472413 5.858722e-09 
47.5044955 2.248718e-09 
48.8623087 5.144314e-09 
47.505106 5.046546e-09 
48.8629041 2.916126e-09 
50.2201833 6.639796e-09 
52.9352441 3.362103e-09 
51.5773667 1.905862e-09 
51.5779945 5.247811e-09 
52.9358505 3.119447e-09 
54.2930724 3.402079e-09 
54.2936297 1.650147e-09 
57.0081383 6.742161e-10 
55.650939 2.855124e-09 
57.0087422 2.016022e-09 
58.3660094 1.079833e-09 
58.366586 1.733936e-09 
59.723836 1.57081e-09 
61.0816981 2.029075e-09 
59.7243689 1.272299e-09 
62.4389296 5.599729e-10 
62.4395091 1.769283e-09 
63.7968064 1.403331e-09 
65.1546414 1.657175e-09 
63.7973593 1.296841e-09 
65.155153 8.039474e-10 
66.512507 1.051502e-09 
69.2276639 4.804159e-10 
67.8697851 9.234237e-10 
67.870317 5.429139e-10 
69.2281669 1.923075e-10 
70.585486 2.343913e-10 
70.5859618 5.211263e-11 
73.3006735 1.167669e-10 
71.9433434 1.197103e-10 
73.3011428 1.136083e-10 
74.6585404 3.631022e-10 
74.6589958 3.267786e-11 
76.0163426 4.792147e-10 
77.3742026 4.57965e-10 
76.016802 1.246622e-10 
78.731569 6.826692e-10 
78.7320048 1.005109e-10 
80.0894357 7.326516e-10 
81.4472368 8.325491e-10 
80.089868 3.525578e-11 
81.4476766 1.656099e-10 
82.8051041 7.075289e-10 
85.5203609 5.665712e-10 
84.1624969 5.288981e-10 
84.1629032 4.063932e-10 
85.5207598 6.447705e-10 
86.8781607 6.913768e-10 
86.8785502 8.082458e-10 
89.5934359 1.084649e-09 
88.2360169 6.592059e-10 
89.5938048 8.778301e-10 
90.9512851 6.797615e-10 
90.9516499 1.167619e-09 
92.3090812 5.52762e-10 
93.6669286 2.975312e-10 
92.3094322 1.509666e-09 
95.0243605 1.724048e-09 
95.0247168 4.924469e-10 
96.3822081 1.010223e-09 
97.740005 4.335512e-10 
96.3825569 1.097573e-09 
97.7403395 2.409463e-09 
99.0978493 4.500856e-11 
101.8131436 1.806761e-09 
100.4552955 3.443435e-09 
100.4556354 6.003641e-10 
101.8134651 2.091746e-09 
103.1709314 4.6396e-10 
103.1712443 3.861531e-09 
105.8862465 3.743044e-09 
104.5287636 2.116763e-11 
105.8865428 6.693604e-10 
107.2440799 1.901459e-09 
107.2443641 1.743006e-09 
1.3443981 4.22868e-09 
1.3450043 8.28998e-10 
2.7021481 1.803383e-09 
2.7027359 2.749622e-10 
5.4171107 4.059405e-10 
4.0599603 4.685859e-10 
5.4177099 1.34754e-10 
6.7749188 2.998912e-10 
6.7755156 9.912398e-11 
8.1326663 2.231012e-10 
9.490481 2.488094e-10 
8.1332685 4.111777e-10 
10.8476182 9.499013e-10 
10.848245 9.817395e-10 
12.2054394 2.823151e-10 
13.5632125 7.445094e-10 
12.206079 1.599056e-09 
13.5638503 1.550666e-09 
14.9210558 1.392096e-09 
16.2781933 1.719739e-10 
17.6360344 6.664541e-10 
16.2788357 9.096485e-10 
17.6366653 3.475912e-10 
18.9938177 4.664091e-10 
18.9944212 2.489369e-10 
21.7088188 1.146226e-09 
20.351639 2.717584e-10 
21.7093979 4.449497e-10 
23.0666273 2.050503e-09 
24.4243871 2.317732e-09 
23.0672112 1.603219e-10 
24.4249685 4.113306e-10 
25.7821874 7.163963e-10 
27.1394017 2.218589e-09 
28.4972011 2.273761e-09 
27.1399495 4.770973e-10 
28.4977861 1.256562e-09 
29.8549659 2.257367e-09 
29.8555704 1.950398e-09 
32.5700086 1.49501e-09 
31.2127894 2.338423e-09 
32.5705685 2.899342e-09 
33.9278384 2.690442e-09 
33.9284179 2.472512e-09 
35.28561 3.995513e-09 
36.643443 3.659962e-09 
35.2862065 9.580407e-10 
38.0006639 1.426417e-09 
38.001216 2.279656e-09 
39.3584982 2.157887e-09 
40.716262 2.517666e-09 
39.3590572 1.535913e-09 
40.7168474 1.000331e-09 
42.0740976 3.186805e-09 
43.4313078 3.212123e-10 
44.7891477 1.16341e-09 
43.4318822 3.770795e-09 
44.7897389 3.948105e-09 
46.1469397 3.449902e-09 
46.1475405 2.97432e-09 
48.8619921 9.523667e-10 
47.504805 6.275143e-09 
48.8626151 6.727209e-09 
50.2198625 3.650764e-09 
50.2204799 4.541112e-09 
51.5776887 5.125906e-09 
52.9355627 4.864256e-09 
51.5782682 2.167714e-09 
54.2927511 1.48084e-09 
54.2933691 3.137524e-09 
55.6506261 1.895232e-09 
57.008452 1.908448e-09 
55.6512165 2.094972e-09 
57.008994 1.336405e-09 
58.3663135 2.04195e-09 
59.7235281 3.452755e-10 
61.0813997 1.03153e-09 
59.7241193 1.778222e-09 
61.0819658 1.679593e-09 
62.4392309 1.694722e-09 
62.439756 1.224753e-09 
65.1543493 8.577424e-10 
63.797096 1.862799e-09 
65.1549094 1.333672e-09 
66.5122298 1.144581e-09 
66.5127606 6.704784e-10 
67.8700617 8.700291e-10 
69.2279236 2.553415e-10 
67.8705549 3.126124e-10 
70.5852287 3.162648e-10 
70.5857275 1.506451e-10 
71.9431016 7.12932e-11 
73.3009118 2.059231e-10 
71.9435769 5.925058e-11 
73.3013764 8.777733e-12 
74.6587681 3.335874e-10 
76.0161187 4.49511e-10 
77.3739839 7.162571e-10 
76.0165678 8.021408e-11 
77.3744265 8.540852e-12 
78.7317839 7.011731e-10 
78.7322372 2.307303e-10 
81.4470289 6.269279e-10 
80.0896491 5.436091e-10 
81.4474521 1.908565e-10 
82.8048963 6.404437e-10 
82.8053141 1.975575e-10 
84.1626982 7.822226e-10 
85.5205611 7.0604e-10 
84.1631143 2.833949e-10 
86.8779684 6.564837e-10 
86.878354 6.778724e-10 
88.2358244 5.626288e-10 
89.5936218 6.369055e-10 
88.2362037 1.071315e-09 
89.5939876 1.285421e-09 
90.9514713 4.916146e-10 
92.3088994 1.357125e-09 
93.6667451 8.252847e-10 
92.3092584 7.262265e-10 
93.6671012 1.048975e-09 
95.0245422 4.655962e-10 
95.0248839 1.77561e-09 
97.7398254 2.436742e-09 
96.3823885 1.212965e-10 
97.7401771 4.090181e-10 
99.0976745 1.428737e-09 
99.0980128 1.549169e-09 
100.4554686 4.712708e-10 
101.8133076 4.247216e-11 
100.4557936 3.359458e-09 
103.1707706 4.070704e-09 
103.1710898 7.907935e-10 
104.5286127 2.044473e-09 
105.886394 4.547439e-10 
104.5289147 2.26919e-09 
105.8866926 3.560599e-09 
107.2442194 9.037294e-12 
2.7018377 2.713235e-09 
2.7024485 5.744006e-10 
5.4174131 3.103312e-10 
5.4179987 1.20062e-10 
8.1323644 6.546958e-10 
8.13297 2.226883e-10 
10.847928 3.237878e-10 
10.8485545 1.379536e-09 
13.5628922 2.476347e-10 
13.5635377 1.631081e-09 
16.2785146 7.942443e-10 
16.2791421 5.854757e-10 
18.9935084 4.678885e-10 
18.994124 1.572392e-10 
21.7091083 1.295246e-09 
21.7096921 3.710117e-10 
24.4241143 2.355365e-09 
24.4246679 4.400704e-10 
27.1396683 2.055641e-09 
27.1402609 1.074828e-09 
29.8546965 1.298861e-09 
29.8552505 1.661892e-09 
32.5702821 3.477061e-09 
32.5708884 1.772804e-09 
35.2853346 1.97894e-09 
35.285892 2.823256e-09 
38.0009366 3.302886e-09 
38.0015241 6.594578e-10 
40.7159861 7.043166e-10 
40.7165427 2.48356e-09 
43.4315915 2.349155e-09 
43.4321864 2.029185e-09 
46.1466376 1.682294e-10 
46.1472411 5.954478e-09 
48.8623068 5.171531e-09 
48.862905 2.935183e-09 
51.5773647 1.821792e-09 
51.5779941 5.264953e-09 
54.2930708 3.373202e-09 
54.2936302 1.609013e-09 
57.0081373 6.036227e-10 
57.0087414 2.001153e-09 
59.7238349 1.498722e-09 
59.7243689 1.280567e-09 
62.4389292 4.49022e-10 
62.4395084 1.815914e-09 
65.1546408 1.576984e-09 
65.1551528 8.415713e-10 
67.8697847 7.407176e-10 
67.8703168 5.930452e-10 
70.585486 2.100019e-10 
70.5859617 4.711028e-11 
73.3006731 1.019224e-10 
73.3011432 1.073359e-10 
76.0163429 4.771699e-10 
76.0168019 1.295599e-10 
78.7315689 7.421134e-10 
78.7320052 7.447638e-11 
81.4472372 7.856683e-10 
81.4476764 1.523222e-10 
84.1624973 4.772304e-10 
84.1629031 3.744062e-10 
86.8781609 6.525438e-10 
86.8785498 8.060415e-10 
89.5934364 1.050949e-09 
89.5938043 8.508553e-10 
92.3090811 5.764826e-10 
92.3094319 1.551213e-09 
95.024361 1.733599e-09 
95.0247164 4.826732e-10 
97.7400049 4.654508e-10 
97.7403393 2.481969e-09 
100.4552958 3.50676e-09 
100.4556352 6.141761e-10 
103.1709314 4.84082e-10 
103.1712441 3.975329e-09 
105.8862468 3.863157e-09 
105.8865426 7.120769e-10 
1.3447067 2.070361e-09 
2.7021482 1.790298e-09 
2.702736 2.562339e-10 
4.0596589 8.451239e-10 
5.4171099 4.035472e-10 
5.4177102 1.44263e-10 
4.0602526 2.511866e-10 
6.775219 2.213754e-10 
9.490172 6.033703e-10 
8.1326659 2.241086e-10 
9.4907894 5.695212e-10 
8.1332688 4.058665e-10 
10.8476179 8.714704e-10 
10.848245 1.000385e-09 
13.5632122 7.918912e-10 
12.2057604 9.192399e-10 
13.5638505 1.46153e-09 
14.9207293 5.07034e-10 
14.9213761 1.329329e-09 
16.2781928 2.027336e-10 
16.2788358 8.708528e-10 
17.6363536 6.395862e-10 
18.9938179 4.405679e-10 
18.9944212 2.452518e-10 
20.3513372 8.293692e-10 
21.7088185 1.246864e-09 
21.709398 4.253111e-10 
20.3519414 1.519026e-10 
24.424387 2.197949e-09 
23.0669131 7.077656e-10 
24.4249684 4.118041e-10 
25.7819103 2.843861e-09 
25.7824897 2.043594e-10 
27.1394015 2.270713e-09 
27.1399491 4.361258e-10 
28.4974777 8.727792e-10 
29.854965 2.179189e-09 
29.8555706 1.96093e-09 
31.2125106 1.998665e-09 
32.5700079 1.464235e-09 
32.5705678 2.921484e-09 
31.2130985 2.531354e-09 
33.9281144 3.65897e-09 
36.6431703 2.819342e-09 
35.2856086 4.014844e-09 
36.6437369 1.756102e-09 
35.2862072 1.004043e-09 
38.0006622 1.394064e-09 
38.0012159 2.371704e-09 
40.7162607 2.524016e-09 
39.3587682 3.246975e-09 
40.7168486 1.044482e-09 
42.0738187 1.403258e-09 
42.0743892 2.40005e-09 
43.4313049 3.094337e-10 
43.4318829 3.934419e-09 
44.7894412 4.431614e-09 
46.1469384 3.541161e-09 
46.1475421 3.021691e-09 
47.5044932 2.274056e-09 
48.8619888 9.244512e-10 
48.8626161 6.876626e-09 
47.5051068 5.121902e-09 
50.2201826 6.766397e-09 
52.9352423 3.371801e-09 
51.5776874 5.22769e-09 
52.935851 3.112024e-09 
51.5782698 2.189745e-09 
54.2927485 1.439486e-09 
54.2933696 3.156047e-09 
57.0084507 1.906797e-09 
55.6509381 2.880651e-09 
57.0089951 1.332443e-09 
58.3660085 1.013014e-09 
58.3665858 1.756145e-09 
59.7235266 2.841205e-10 
59.7241192 1.808506e-09 
61.0816972 2.060804e-09 
62.43923 1.688879e-09 
62.4397564 1.246636e-09 
63.7968061 1.272391e-09 
65.1543484 7.225729e-10 
65.1549093 1.420636e-09 
63.7973588 1.370605e-09 
66.5125065 1.10806e-09 
69.2276639 4.032952e-10 
67.8700614 8.848165e-10 
69.2281665 1.959048e-10 
67.870555 3.19224e-10 
70.585228 2.248212e-10 
70.5857277 1.745661e-10 
73.300912 1.910291e-10 
71.9433433 1.199429e-10 
73.3013764 6.959422e-12 
74.6585405 3.946447e-10 
74.6589957 2.204661e-11 
76.016118 4.887699e-10 
76.0165683 6.638069e-11 
77.3742027 4.167391e-10 
78.7317841 6.507e-10 
78.7322371 2.060816e-10 
80.0894356 7.215388e-10 
81.4470284 6.074198e-10 
81.4474522 1.794344e-10 
80.089868 2.929318e-11 
82.8051039 6.466552e-10 
85.5203604 5.215037e-10 
84.1626979 6.982566e-10 
85.5207598 6.53191e-10 
84.1631142 2.874392e-10 
86.8779681 6.630957e-10 
86.8783535 6.840559e-10 
89.593621 6.229145e-10 
88.2360162 6.089141e-10 
89.5939875 1.376317e-09 
90.9512844 7.385014e-10 
90.95165 1.199592e-09 
92.3088993 1.500642e-09 
92.3092576 7.458907e-10 
93.6669279 2.812537e-10 
95.0245414 5.007592e-10 
95.0248838 1.881845e-09 
96.3822075 1.079526e-09 
97.7398255 2.560673e-09 
97.7401764 4.4039e-10 
96.3825571 1.144788e-09 
99.0978491 4.848538e-11 
101.8131434 1.866631e-09 
100.4554681 5.01379e-10 
101.8134655 2.173676e-09 
100.4557935 3.476662e-09 
103.1707708 4.18075e-09 
103.1710896 8.388604e-10 
105.8863941 4.666416e-10 
104.5287639 3.636618e-11 
105.8866926 3.644267e-09 
107.2440802 1.942813e-09 
107.2443644 1.804356e-09 
1.3443982 4.125489e-09 
1.3450043 8.305589e-10 
4.0599604 4.795387e-10 
6.7749181 3.024922e-10 
6.775516 1.067615e-10 
9.4904811 2.828995e-10 
12.205439 2.764715e-10 
12.2060795 1.538967e-09 
14.9210564 1.415472e-09 
17.6360344 7.199752e-10 
17.6366657 3.220107e-10 
20.3516398 2.005748e-10 
23.0666273 1.94579e-09 
23.0672115 1.892395e-10 
25.7821876 6.229996e-10 
28.4972004 2.170223e-09 
28.4977863 1.292917e-09 
31.2127887 2.367663e-09 
33.9278369 2.684883e-09 
33.9284183 2.5619e-09 
36.6434424 3.782053e-09 
39.3584963 2.158775e-09 
39.3590584 1.610578e-09 
42.0740977 3.301588e-09 
44.7891457 1.17611e-09 
44.7897406 4.050211e-09 
47.5048055 6.478536e-09 
50.2198606 3.760541e-09 
50.2204817 4.593053e-09 
52.935563 4.971977e-09 
55.6506246 1.917582e-09 
55.6512176 2.098221e-09 
58.3663132 2.098804e-09 
61.0813988 9.977658e-10 
61.0819663 1.716332e-09 
63.7970956 1.975357e-09 
66.5122295 1.114733e-09 
66.5127607 6.975996e-10 
69.2279234 3.075164e-10 
71.9431015 6.456954e-11 
71.9435771 5.539302e-11 
74.6587682 2.975413e-10 
77.3739836 6.955781e-10 
77.3744268 8.375681e-12 
80.089649 4.954056e-10 
82.8048953 5.778996e-10 
82.8053146 2.251142e-10 
85.5205605 6.50451e-10 
88.2358229 5.906458e-10 
88.2362042 1.158374e-09 
90.9514704 4.543907e-10 
93.6667437 9.305174e-10 
93.6671016 1.143551e-09 
96.3823878 1.201091e-10 
99.0976739 1.491838e-09 
99.0980131 1.634692e-09 
101.8133077 6.708152e-11 
104.5286128 2.085286e-09 
104.5289151 2.318766e-09 
107.2442201 7.95004e-12 
1.344707 2.049099e-09 
2.7018371 2.618441e-09 
2.7024488 5.821717e-10 
4.0596587 8.340984e-10 
5.4174129 3.166104e-10 
4.0602527 2.505085e-10 
5.417999 1.173372e-10 
6.7752191 2.426867e-10 
8.1323637 6.426232e-10 
9.4901715 6.040242e-10 
8.1329701 2.524788e-10 
9.4907901 5.68153e-10 
10.8479275 3.683556e-10 
10.848555 1.351475e-09 
13.5628916 1.974005e-10 
12.2057609 9.800064e-10 
13.5635378 1.655677e-09 
14.9207294 5.510265e-10 
14.9213765 1.303882e-09 
16.2785145 8.091125e-10 
17.6363543 6.026047e-10 
16.2791423 5.574064e-10 
18.9935079 5.28562e-10 
18.9941241 1.225217e-10 
20.3513372 7.275288e-10 
21.7091081 1.145451e-09 
20.3519416 1.658547e-10 
21.7096923 3.653785e-10 
24.4241136 2.420182e-09 
24.4246679 4.060477e-10 
23.0669134 6.187985e-10 
25.7819096 2.702667e-09 
25.7824902 2.298658e-10 
27.1396674 1.902132e-09 
28.4974775 8.360677e-10 
27.1402615 1.095534e-09 
29.8546953 1.297315e-09 
29.8552502 1.70083e-09 
31.2125091 1.931086e-09 
32.5702807 3.464643e-09 
31.2130994 2.651553e-09 
32.5708894 1.838075e-09 
33.9281143 3.79648e-09 
35.2853327 1.913317e-09 
36.6431687 2.839142e-09 
35.2858921 2.959274e-09 
36.6437383 1.830454e-09 
38.0009356 3.367856e-09 
38.0015255 6.765233e-10 
40.7159836 6.462583e-10 
40.7165438 2.630451e-09 
39.3587689 3.35811e-09 
42.0738176 1.357749e-09 
42.0743911 2.447455e-09 
43.4315912 2.423524e-09 
44.7894427 4.597154e-09 
43.432188 2.028251e-09 
46.1466347 1.487116e-10 
46.1472428 6.160178e-09 
47.5044922 2.384634e-09 
48.8623066 5.361359e-09 
47.505109 5.185406e-09 
48.8629068 2.978734e-09 
50.220184 6.919457e-09 
51.5773618 1.860301e-09 
52.9352411 3.485184e-09 
51.5779958 5.371659e-09 
52.935853 3.148008e-09 
54.2930703 3.467292e-09 
54.2936318 1.652579e-09 
57.008135 5.914133e-10 
57.0087424 2.023381e-09 
55.6509389 2.954776e-09 
58.3660073 1.05652e-09 
58.3665872 1.755603e-09 
59.7238342 1.551037e-09 
61.0816973 2.16894e-09 
59.7243701 1.285596e-09 
62.4389277 4.063958e-10 
62.4395088 1.882349e-09 
63.7968054 1.338161e-09 
65.1546404 1.671773e-09 
63.7973596 1.36514e-09 
65.1551534 8.306775e-10 
66.5125065 1.218034e-09 
67.8697839 6.870076e-10 
69.2276637 4.533927e-10 
67.870317 6.459967e-10 
69.228167 1.985004e-10 
70.585486 2.406796e-10 
70.5859618 5.18264e-11 
73.3006724 9.130817e-11 
73.3011435 1.043695e-10 
71.9433434 1.136483e-10 
74.6585401 3.523284e-10 
74.6589963 2.748268e-11 
76.016343 4.306718e-10 
77.3742028 3.842502e-10 
76.0168019 1.059468e-10 
78.731568 7.237394e-10 
78.7320054 7.557148e-11 
80.0894346 6.560725e-10 
81.4472368 7.107748e-10 
80.0898688 4.845808e-11 
81.4476766 1.312388e-10 
82.8051036 6.211497e-10 
84.1624962 4.649386e-10 
85.5203587 5.089235e-10 
84.162903 4.003546e-10 
85.5207606 7.447179e-10 
86.8781598 5.971808e-10 
86.8785501 8.944708e-10 
89.5934356 1.233922e-09 
89.5938037 9.031722e-10 
88.2360154 5.786249e-10 
90.9512826 8.191968e-10 
90.9516506 1.331147e-09 
92.3090797 5.855814e-10 
93.6669272 2.680179e-10 
92.3094321 1.688521e-09 
95.0243606 1.969067e-09 
95.0247155 5.37152e-10 
96.3822064 1.149023e-09 
97.7400039 4.858629e-10 
96.3825574 1.24452e-09 
97.7403394 2.586958e-09 
99.0978488 7.118046e-11 
100.4552957 3.623915e-09 
101.8131433 1.888727e-09 
100.4556347 6.691523e-10 
101.8134656 2.208978e-09 
103.1709311 5.104037e-10 
103.1712442 4.041354e-09 
105.8862467 3.912556e-09 
105.8865428 7.37039e-10 
104.5287642 5.518288e-11 
107.2440805 1.931682e-09 
107.2443647 1.777173e-09 
2.7021484 1.784904e-09 
2.7027358 2.591358e-10 
5.4171094 3.957408e-10 
5.4177102 1.451051e-10 
8.1326654 2.44032e-10 
8.1332693 4.108452e-10 
10.8476172 8.426207e-10 
10.8482453 1.067906e-09 
13.5632119 8.603839e-10 
13.5638509 1.466984e-09 
16.2781925 1.959894e-10 
16.2788359 8.776496e-10 
18.9938175 3.349471e-10 
18.9944214 2.452133e-10 
21.7088179 1.253318e-09 
21.7093979 3.889325e-10 
24.4243863 2.050286e-09 
24.4249691 4.002385e-10 
27.1394002 2.298888e-09 
27.1399492 4.48054e-10 
29.854964 2.089995e-09 
29.8555718 2.042891e-09 
32.570006 1.407976e-09 
32.5705683 3.0719e-09 
35.285608 4.096189e-09 
35.2862085 1.028626e-09 
38.0006604 1.338556e-09 
38.001217 2.497064e-09 
40.7162611 2.588306e-09 
40.7168498 1.001578e-09 
43.4313034 2.332119e-10 
43.4318847 4.06848e-09 
46.1469395 3.695168e-09 
46.1475432 3.003237e-09 
48.8619871 1.001179e-09 
48.8626181 7.008259e-09 
51.5776882 5.378648e-09 
51.578271 2.258192e-09 
54.2927467 1.503886e-09 
54.2933714 3.21078e-09 
57.008451 1.998045e-09 
57.0089964 1.372921e-09 
59.723525 2.995694e-10 
59.7241203 1.83801e-09 
62.4392299 1.817688e-09 
62.4397574 1.214348e-09 
65.1543475 7.62905e-10 
65.1549098 1.45405e-09 
67.8700614 1.002025e-09 
67.8705554 3.091741e-10 
70.5852275 2.549216e-10 
70.5857279 1.782633e-10 
73.3009121 1.770449e-10 
73.3013765 8.320306e-12 
76.0161174 4.438185e-10 
76.0165684 7.064942e-11 
78.7317838 6.02047e-10 
78.7322373 1.737156e-10 
81.4470273 5.677956e-10 
81.4474522 2.101098e-10 
84.162697 6.555656e-10 
84.1631147 3.295204e-10 
86.8779668 7.809531e-10 
86.8783533 7.494035e-10 
89.5936196 6.018125e-10 
89.5939881 1.496068e-09 
92.3088984 1.758768e-09 
92.309257 8.187483e-10 
95.0245402 4.96044e-10 
95.0248841 1.968362e-09 
97.7398251 2.721807e-09 
97.7401759 5.02251e-10 
100.4554676 5.094499e-10 
100.4557936 3.503226e-09 
103.1707705 4.192455e-09 
103.1710895 8.597126e-10 
105.8863941 4.760065e-10 
105.8866929 3.607468e-09 
1.3443989 4.102263e-09 
1.3450042 8.367186e-10 
2.7018378 2.600563e-09 
2.7024485 5.719861e-10 
5.4174128 3.050945e-10 
4.0599605 4.720464e-10 
5.4179988 1.2034e-10 
6.7749178 3.202804e-10 
6.7755163 1.083643e-10 
8.1323632 6.641174e-10 
8.1329703 2.776248e-10 
9.4904815 3.317865e-10 
10.8479274 4.338525e-10 
10.8485553 1.385046e-09 
12.2054391 3.328647e-10 
13.5628914 2.107153e-10 
13.563538 1.70357e-09 
12.20608 1.553405e-09 
14.921057 1.421287e-09 
17.6360347 6.351165e-10 
16.2785142 7.657426e-10 
17.6366657 3.547896e-10 
16.2791425 6.118247e-10 
18.9935077 4.517861e-10 
18.9941238 1.256188e-10 
21.7091075 1.068655e-09 
20.3516399 1.597937e-10 
21.7096927 3.282547e-10 
23.0666268 1.830175e-09 
24.4241128 2.41894e-09 
24.4246679 3.763568e-10 
23.0672117 1.66414e-10 
25.7821875 5.648298e-10 
28.4971992 2.073957e-09 
27.1396668 1.82064e-09 
28.4977873 1.389991e-09 
27.1402625 1.149773e-09 
29.8546939 1.26184e-09 
29.855251 1.815598e-09 
32.5702806 3.494415e-09 
31.212789 2.444249e-09 
32.5708906 1.881029e-09 
33.9278357 2.697774e-09 
33.9284197 2.648983e-09 
35.2853316 1.899163e-09 
36.6434433 3.881728e-09 
35.2858932 3.064744e-09 
38.0009364 3.434537e-09 
38.0015262 6.359915e-10 
39.358496 2.119564e-09 
40.7159834 5.710755e-10 
40.7165451 2.676165e-09 
39.35906 1.618279e-09 
42.0740995 3.383662e-09 
44.7891461 1.197647e-09 
43.4315928 2.500096e-09 
44.7897422 4.038142e-09 
43.4321883 1.952629e-09 
46.1466351 1.697495e-10 
46.1472442 6.187017e-09 
48.8623084 5.452629e-09 
47.5048075 6.566652e-09 
48.8629069 2.989663e-09 
50.2198608 3.882216e-09 
50.2204834 4.634626e-09 
51.5773618 1.974326e-09 
52.9355646 5.033046e-09 
51.5779973 5.418721e-09 
54.2930717 3.553864e-09 
54.2936323 1.721768e-09 
55.6506242 2.008085e-09 
57.0081345 6.550262e-10 
57.0087438 2.050161e-09 
55.6512194 2.114484e-09 
58.3663142 2.168141e-09 
61.0813982 1.105144e-09 
59.7238349 1.658827e-09 
61.0819677 1.672192e-09 
59.7243708 1.281628e-09 
62.4389271 4.833206e-10 
62.4395098 1.874081e-09 
65.1546407 1.814782e-09 
63.7970961 2.072753e-09 
65.1551539 7.897599e-10 
66.5122291 1.270403e-09 
66.5127616 6.662628e-10 
67.8697837 8.242661e-10 
69.2279237 3.386833e-10 
67.8703173 6.240537e-10 
70.5854861 2.901316e-10 
70.585962 6.638828e-11 
71.9431012 7.386564e-11 
73.3006724 8.988087e-11 
73.3011433 1.054515e-10 
71.9435777 7.2161e-11 
74.6587683 2.785089e-10 
77.3739829 6.175322e-10 
76.0163428 4.061213e-10 
77.3744275 2.115318e-11 
76.0168021 9.419333e-11 
78.7315676 6.509713e-10 
78.7320053 1.027559e-10 
81.4472362 7.093659e-10 
80.089649 5.020801e-10 
81.4476769 1.373053e-10 
82.804894 5.585331e-10 
82.8053155 2.80297e-10 
84.1624952 5.148724e-10 
85.5205603 6.592526e-10 
84.162903 4.530103e-10 
86.8781589 5.951989e-10 
86.8785507 9.525564e-10 
88.2358213 6.230694e-10 
89.5934345 1.38961e-09 
89.5938037 9.719869e-10 
88.236205 1.270923e-09 
90.95147 4.533871e-10 
93.6667427 9.666302e-10 
92.3090789 5.600963e-10 
93.667102 1.237748e-09 
92.3094326 1.726571e-09 
95.0243599 2.106608e-09 
95.0247154 5.892494e-10 
97.7400034 4.660026e-10 
96.3823876 1.315762e-10 
97.7403396 2.571388e-09 
99.0976736 1.49417e-09 
99.0980131 1.665551e-09 
100.4552954 3.626169e-09 
101.8133077 8.765441e-11 
100.4556346 6.88345e-10 
103.170931 5.087307e-10 
103.1712444 3.962283e-09 
104.5286129 2.058241e-09 
105.8862462 3.824091e-09 
105.8865431 7.037157e-10 
104.528915 2.257464e-09 
107.2442203 8.437544e-12 
1.3447069 2.047087e-09 
4.0596591 8.209345e-10 
4.0602526 2.470051e-10 
6.7752193 2.441608e-10 
9.4901717 6.654104e-10 
9.4907903 5.850557e-10 
12.2057614 9.975428e-10 
14.9207299 5.283067e-10 
14.9213765 1.375756e-09 
17.6363541 5.873968e-10 
20.3513371 6.214046e-10 
20.3519414 1.496608e-10 
23.066913 6.073125e-10 
25.7819088 2.673168e-09 
25.7824908 2.467628e-10 
28.4974778 8.671258e-10 
31.2125085 1.921475e-09 
31.2131006 2.725526e-09 
33.9281153 3.84376e-09 
36.6431689 2.840473e-09 
36.6437394 1.822722e-09 
39.3587704 3.369716e-09 
42.0738189 1.32486e-09 
42.0743918 2.382069e-09 
44.7894444 4.578743e-09 
47.5044939 2.427453e-09 
47.5051094 5.147691e-09 
50.2201856 6.882984e-09 
52.9352422 3.547182e-09 
52.9358538 3.178703e-09 
55.6509402 2.973055e-09 
58.3660076 1.150957e-09 
58.3665884 1.731095e-09 
61.0816983 2.204517e-09 
63.7968052 1.514334e-09 
63.7973607 1.28883e-09 
66.512507 1.228052e-09 
69.2276635 5.684622e-10 
69.2281677 2.00426e-10 
71.9433436 1.076186e-10 
74.6585399 3.009425e-10 
74.6589967 4.781398e-11 
77.3742028 4.04041e-10 
80.089434 6.295195e-10 
80.0898692 7.156156e-11 
82.8051036 6.66377e-10 
85.520358 5.420827e-10 
85.5207612 7.940217e-10 
88.2360157 6.14263e-10 
90.9512822 8.001219e-10 
90.951651 1.37502e-09 
93.6669274 2.824246e-10 
96.3822064 1.116339e-09 
96.3825574 1.250393e-09 
99.0978488 8.264314e-11 
101.8131434 1.843846e-09 
101.8134653 2.14182e-09 
104.5287641 4.564134e-11 
107.2440804 1.884784e-09 
107.2443646 1.70243e-09 
1.3443992 4.184663e-09 
1.3450042 8.395727e-10 
2.7021485 1.794347e-09 
2.7027356 2.798871e-10 
5.4171099 3.930081e-10 
4.0599604 4.566854e-10 
5.4177099 1.364472e-10 
6.7749183 3.299843e-10 
6.775516 1.013245e-10 
8.1326656 2.563644e-10 
9.4904818 3.238281e-10 
8.1332691 4.195148e-10 
10.8476171 9.009788e-10 
10.8482455 1.087544e-09 
12.2054396 3.764477e-10 
13.5632121 8.579055e-10 
12.2060798 1.619874e-09 
13.563851 1.5585e-09 
14.9210568 1.389342e-09 
16.2781928 1.592084e-10 
17.6360349 5.357832e-10 
16.2788357 9.095703e-10 
17.6366653 4.012958e-10 
18.9938171 2.941195e-10 
18.9944215 2.533662e-10 
21.7088177 1.163594e-09 
20.3516391 1.911831e-10 
21.7093976 3.771315e-10 
23.0666266 1.864267e-09 
24.4243859 2.070742e-09 
23.0672116 1.301967e-10 
24.4249695 3.988707e-10 
25.7821873 6.172578e-10 
27.1393996 2.268087e-09 
28.4971991 2.116223e-09 
27.1399497 4.955281e-10 
28.4977878 1.41427e-09 
29.8549643 2.110495e-09 
29.8555724 2.082717e-09 
32.5700056 1.405055e-09 
31.2127898 2.460593e-09 
32.5705694 3.142534e-09 
33.9278364 2.714464e-09 
33.9284202 2.612418e-09 
35.285609 4.129907e-09 
36.6434445 3.814962e-09 
35.2862087 9.98759e-10 
38.000661 1.344708e-09 
38.0012179 2.478416e-09 
39.3584976 2.093486e-09 
40.7162627 2.616456e-09 
39.3590598 1.5518e-09 
40.7168493 9.344875e-10 
42.0741004 3.312398e-09 
43.4313053 2.071312e-10 
44.7891483 1.191818e-09 
43.4318851 3.98911e-09 
44.7897414 3.93549e-09 
46.1469414 3.688443e-09 
46.1475423 2.948059e-09 
48.8619893 1.07785e-09 
47.5048082 6.410987e-09 
48.8626183 6.935255e-09 
50.2198629 3.841735e-09 
50.2204826 4.609847e-09 
51.5776901 5.365394e-09 
52.9355653 4.960125e-09 
51.5782703 2.282093e-09 
54.2927481 1.587175e-09 
54.293372 3.225539e-09 
55.6506255 2.040879e-09 
57.0084524 2.052896e-09 
55.6512193 2.123393e-09 
57.0089962 1.404231e-09 
58.3663151 2.150502e-09 
59.7235256 3.710193e-10 
61.0813987 1.210468e-09 
59.7241212 1.823796e-09 
61.0819682 1.611545e-09 
62.4392308 1.905504e-09 
62.4397576 1.179314e-09 
65.1543478 9.268021e-10 
63.7970968 2.017363e-09 
65.1549103 1.387662e-09 
66.5122292 1.404472e-09 
66.5127621 6.271721e-10 
67.8700617 1.060841e-09 
69.227924 3.024616e-10 
67.8705556 3.048213e-10 
70.5852279 3.727669e-10 
70.5857278 1.581495e-10 
71.9431012 9.294953e-11 
73.3009119 1.842481e-10 
71.9435779 9.401436e-11 
73.3013765 1.790527e-11 
74.6587683 3.026443e-10 
76.0161177 3.85825e-10 
77.3739829 5.927136e-10 
76.016568 9.03705e-11 
77.3744275 3.160458e-11 
78.7317834 6.212671e-10 
78.7322375 1.788403e-10 
81.4470272 5.701802e-10 
80.089649 5.555187e-10 
81.4474521 2.440736e-10 
82.8048942 6.073261e-10 
82.8053155 2.820835e-10 
84.1626967 7.087802e-10 
85.5205608 7.208792e-10 
84.1631151 3.440394e-10 
86.8779663 8.455359e-10 
86.8783536 7.852832e-10 
88.2358219 6.107755e-10 
89.5936196 5.994787e-10 
88.236205 1.24143e-09 
89.5939884 1.46521e-09 
90.9514708 4.904126e-10 
92.3088978 1.759914e-09 
93.6667434 8.823171e-10 
92.3092575 8.418992e-10 
93.6671019 1.187058e-09 
95.0245403 4.60429e-10 
95.0248843 1.902738e-09 
97.7398248 2.6824e-09 
96.3823881 1.372822e-10 
97.7401762 5.025359e-10 
99.0976741 1.435825e-09 
99.0980127 1.594067e-09 
100.4554677 4.869296e-10 
101.8133076 6.974663e-11 
100.4557938 3.399101e-09 
103.1707703 4.088595e-09 
103.1710897 8.181952e-10 
104.5286129 1.998893e-09 
105.8863941 4.653293e-10 
104.5289147 2.17531e-09 
105.8866931 3.505628e-09 
107.2442199 1.073031e-11 
2.7018388 2.682209e-09 
2.7024481 5.577593e-10 
5.417413 2.91321e-10 
5.4179985 1.251425e-10 
8.1323637 6.900608e-10 
8.1329703 2.613959e-10 
10.8479278 4.25838e-10 
10.8485551 1.435356e-09 
13.5628919 2.728104e-10 
13.563538 1.698567e-09 
16.2785143 7.145102e-10 
16.2791425 6.780086e-10 
18.9935082 3.534514e-10 
18.9941235 1.585095e-10 
21.7091073 1.159296e-09 
21.7096927 3.146563e-10 
24.4241129 2.356321e-09 
24.424668 3.962478e-10 
27.1396673 1.9211e-09 
27.1402624 1.161076e-09 
29.8546943 1.238648e-09 
29.8552516 1.846002e-09 
32.5702818 3.524221e-09 
32.5708902 1.843326e-09 
35.2853328 1.959333e-09 
35.2858938 2.989286e-09 
38.0009378 3.405565e-09 
38.0015252 5.957078e-10 
40.7159857 5.828957e-10 
40.7165447 2.558108e-09 
43.4315941 2.46364e-09 
43.4321868 1.905957e-09 
46.1466383 1.971222e-10 
46.1472433 6.002151e-09 
48.8623097 5.314247e-09 
48.8629053 2.952677e-09 
51.5773649 2.000529e-09 
51.5779965 5.340372e-09 
54.293073 3.510135e-09 
54.293631 1.72109e-09 
57.0081365 7.069823e-10 
57.0087437 2.046094e-09 
59.7238361 1.670143e-09 
59.7243701 1.275683e-09 
62.4389283 5.820656e-10 
62.43951 1.803837e-09 
65.1546413 1.805116e-09 
65.1551536 7.768036e-10 
67.8697844 9.788526e-10 
67.8703173 5.626981e-10 
70.5854861 2.84911e-10 
70.585962 6.919338e-11 
73.3006731 1.14872e-10 
73.3011429 1.142226e-10 
76.0163425 4.352608e-10 
76.0168021 1.053722e-10 
78.7315682 6.318081e-10 
78.7320049 1.202618e-10 
81.4472362 7.834195e-10 
81.447677 1.541097e-10 
84.1624956 5.545714e-10 
84.1629031 4.565907e-10 
86.8781595 6.534074e-10 
86.8785507 8.919101e-10 
89.5934346 1.288467e-09 
89.5938044 9.526061e-10 
92.3090798 5.421202e-10 
92.3094326 1.608883e-09 
95.0243599 1.943503e-09 
95.0247162 5.556596e-10 
97.7400041 4.366399e-10 
97.7403397 2.459423e-09 
100.4552953 3.51222e-09 
100.455635 6.413541e-10 
103.1709312 4.782811e-10 
103.1712445 3.854513e-09 
105.8862461 3.720913e-09 
105.8865431 6.630997e-10 
1.3447066 2.063459e-09 
2.7021483 1.806678e-09 
2.7027357 2.903662e-10 
4.0596595 8.266037e-10 
5.4171107 4.001707e-10 
5.4177097 1.298208e-10 
4.0602523 2.454072e-10 
6.7752193 2.219972e-10 
9.4901723 7.021237e-10 
8.1326661 2.418597e-10 
9.4907897 5.982047e-10 
8.1332687 4.199292e-10 
10.8476178 9.682702e-10 
10.8482454 1.032099e-09 
13.5632124 7.808792e-10 
12.2057611 9.390501e-10 
13.5638507 1.612422e-09 
14.9207301 4.700471e-10 
14.921376 1.448999e-09 
16.2781933 1.494366e-10 
16.2788356 9.280208e-10 
17.6363533 6.064268e-10 
18.9938172 3.6888e-10 
18.9944214 2.571639e-10 
20.3513371 6.521404e-10 
21.7088183 1.10001e-09 
21.7093976 4.161301e-10 
20.3519411 1.316901e-10 
24.4243864 2.23395e-09 
23.0669124 6.91784e-10 
24.4249691 4.037105e-10 
25.7819091 2.7922e-09 
25.7824905 2.316071e-10 
27.1394005 2.215935e-09 
27.1399499 5.152209e-10 
28.4974781 9.251395e-10 
29.8549655 2.21509e-09 
29.8555715 2.02526e-09 
31.2125096 1.983515e-09 
32.5700072 1.458691e-09 
32.5705695 3.033398e-09 
31.2131004 2.649886e-09 
33.928116 3.729692e-09 
36.6431706 2.816148e-09 
35.2856102 4.06466e-09 
36.6437387 1.746474e-09 
35.2862075 9.559143e-10 
38.0006632 1.397372e-09 
38.0012173 2.34384e-09 
40.7162633 2.569856e-09 
39.3587706 3.267212e-09 
40.7168478 9.327767e-10 
42.0738209 1.338337e-09 
42.0743903 2.295146e-09 
43.431308 2.563075e-10 
43.4318835 3.806939e-09 
44.7894439 4.40423e-09 
46.1469415 3.535605e-09 
46.1475406 2.928091e-09 
47.5044959 2.339437e-09 
48.8619924 1.04359e-09 
48.8626165 6.764098e-09 
47.5051076 5.065424e-09 
50.2201851 6.709665e-09 
52.935244 3.4681e-09 
51.5776903 5.209707e-09 
52.9358522 3.161241e-09 
51.5782685 2.225024e-09 
54.2927509 1.569994e-09 
54.2933706 3.180823e-09 
57.008453 1.99632e-09 
55.6509403 2.910069e-09 
57.0089947 1.381077e-09 
58.3660089 1.16659e-09 
58.3665876 1.720263e-09 
59.7235275 4.016911e-10 
61.0816988 2.115953e-09 
59.7241205 1.788307e-09 
62.4392314 1.827205e-09 
62.4397567 1.184395e-09 
63.7968058 1.557178e-09 
65.1543489 9.918076e-10 
65.1549101 1.315386e-09 
63.7973605 1.249332e-09 
66.5125074 1.123582e-09 
69.2276636 5.873103e-10 
67.8700619 9.756747e-10 
69.2281676 2.004325e-10 
67.8705552 3.03877e-10 
70.5852286 4.182948e-10 
70.5857275 1.438463e-10 
73.3009118 1.995564e-10 
71.9433436 1.109334e-10 
73.3013765 1.346674e-11 
74.65854 3.082324e-10 
74.6589964 5.192904e-11 
76.0161185 3.929529e-10 
76.0165676 9.727739e-11 
77.3742026 4.504235e-10 
78.7317835 6.822693e-10 
78.7322374 2.09633e-10 
80.0894347 6.761105e-10 
81.4470282 6.053845e-10 
81.447452 2.308363e-10 
80.0898688 6.073405e-11 
82.805104 7.204664e-10 
85.5203593 5.771077e-10 
84.1626975 7.896242e-10 
85.5207607 7.265565e-10 
84.1631148 3.12978e-10 
86.8779673 7.636934e-10 
86.878354 7.364704e-10 
89.5936209 6.261422e-10 
88.2360165 6.628152e-10 
89.5939881 1.336477e-09 
90.9512837 7.154729e-10 
90.9516506 1.267061e-09 
92.3088985 1.507358e-09 
92.3092583 7.783418e-10 
93.6669283 2.979933e-10 
95.0245416 4.444183e-10 
95.0248842 1.787915e-09 
96.3822075 1.033708e-09 
97.7398249 2.509063e-09 
97.740177 4.422878e-10 
96.382557 1.156168e-09 
99.0978491 6.302433e-11 
101.8131436 1.79427e-09 
100.4554683 4.623263e-10 
101.813465 2.072702e-09 
100.4557937 3.315253e-09 
103.1707703 4.015502e-09 
103.1710899 7.785588e-10 
105.886394 4.516755e-10 
104.5287637 2.462747e-11 
105.8866929 3.477707e-09 
107.24408 1.86251e-09 
107.2443642 1.683905e-09 
1.3443987 4.267694e-09 
1.3450042 8.350471e-10 
4.0599603 4.552129e-10 
6.7749189 3.166501e-10 
6.7755156 9.585691e-11 
9.4904814 2.711337e-10 
12.2054398 3.441016e-10 
12.2060792 1.650195e-09 
14.921056 1.369643e-09 
17.6360348 5.510919e-10 
17.6366651 4.000415e-10 
20.3516386 2.643012e-10 
23.0666269 1.995749e-09 
23.0672113 1.258968e-10 
25.7821872 7.155515e-10 
28.4972003 2.240155e-09 
28.4977871 1.330119e-09 
31.2127901 2.394191e-09 
33.9278381 2.708341e-09 
33.9284191 2.504912e-09 
36.6434443 3.67809e-09 
39.358499 2.110891e-09 
39.3590581 1.500671e-09 
42.0740993 3.196042e-09 
44.7891493 1.168048e-09 
44.7897394 3.879091e-09 
47.5048066 6.233428e-09 
50.219864 3.698822e-09 
50.2204805 4.552365e-09 
52.9355642 4.858904e-09 
55.6506267 1.970538e-09 
55.6512175 2.111417e-09 
58.3663147 2.072202e-09 
61.0813997 1.163677e-09 
61.081967 1.617216e-09 
63.7970968 1.88825e-09 
66.5122297 1.32279e-09 
66.5127615 6.280609e-10 
69.2279239 2.519621e-10 
71.9431014 8.678927e-11 
71.9435774 8.257896e-11 
74.6587681 3.37711e-10 
77.3739835 6.507438e-10 
77.3744268 2.001556e-11 
80.0896491 5.815479e-10 
82.8048957 6.583565e-10 
82.8053147 2.287023e-10 
85.5205613 7.487562e-10 
88.2358238 5.783356e-10 
88.2362042 1.119476e-09 
90.9514716 5.104417e-10 
93.666745 8.010088e-10 
93.6671014 1.074939e-09 
96.3823886 1.280409e-10 
99.0976747 1.396124e-09 
99.0980126 1.527664e-09 
101.8133076 4.394978e-11 
104.5286127 1.989302e-09 
104.5289145 2.183945e-09 
107.2442193 1.458924e-11 
108.6018567 4.928331e-10 
109.9596758 1.773301e-10 
108.6021415 2.502081e-09 
111.3171842 1.826928e-09 
111.3174531 4.1266e-10 
112.6750006 1.261352e-09 
114.0327748 1.094256e-09 
112.6752671 8.658712e-10 
114.0330364 1.006729e-09 
115.3905814 9.883507e-10 
118.1059 1.050671e-09 
116.7480931 1.297515e-09 
116.7483524 7.7585e-10 
118.106151 8.326125e-10 
119.4636706 1.19423e-09 
119.4639027 5.976576e-10 
122.1789971 5.190866e-10 
120.8214661 8.268457e-10 
122.1792246 3.658443e-10 
123.5367984 2.120159e-10 
123.5370089 2.249501e-10 
124.8945578 3.166301e-10 
126.2523447 1.819491e-10 
124.8947458 3.281943e-11 
127.6098942 1.415155e-10 
127.6100889 5.867683e-11 
128.9676817 2.220505e-10 
130.3254236 4.247305e-10 
128.9678631 1.883082e-11 
130.3255871 5.693169e-11 
131.6831957 3.969591e-10 
134.3985236 3.291945e-10 
133.0407572 3.554765e-10 
133.0409221 1.961673e-10 
134.3986837 1.400551e-10 
135.7562462 1.669439e-10 
135.7563932 1.560237e-10 
138.4716046 2.784906e-10 
137.1140003 8.98872e-11 
138.4717088 7.008251e-11 
139.8293532 3.849367e-10 
139.829456 2.24343e-10 
141.187051 8.278159e-10 
142.5447873 1.088814e-09 
141.1871575 2.539018e-10 
143.9024232 7.439257e-10 
143.9024759 1.270466e-09 
145.2601548 1.369992e-09 
146.6178191 1.831548e-09 
145.260205 1.532998e-09 
146.6178982 1.694169e-09 
147.9755341 1.866934e-09 
150.6908744 2.382003e-09 
149.3331606 2.333842e-09 
149.333199 1.610095e-09 
150.6909093 1.368262e-09 
152.0485189 2.748242e-09 
152.0485851 1.357647e-09 
154.7638571 2.067338e-09 
153.4062177 3.488539e-09 
154.7638725 3.403369e-09 
156.1215545 4.371563e-09 
156.1215734 2.920695e-09 
157.4792049 5.529736e-09 
158.8368944 7.401975e-09 
157.4792341 1.769184e-09 
160.194527 1.228111e-09 
160.1945522 6.597956e-09 
161.5522065 2.98085e-09 
162.9098628 4.345572e-09 
161.5522419 4.748591e-09 
162.9098873 2.394912e-09 
164.2675424 4.467909e-09 
166.9827814 1.783836e-09 
165.6251043 9.894354e-10 
165.6251938 3.339078e-09 
166.9828645 1.657331e-09 
168.3404354 2.964619e-09 
168.3404889 5.744845e-10 
171.0556455 1.54429e-09 
169.6981172 2.489179e-09 
171.0557569 1.851106e-09 
172.4133368 2.719729e-09 
172.4134184 1.079882e-09 
173.7709852 3.456359e-09 
175.1286711 2.431416e-09 
173.7710309 8.126861e-10 
176.4861968 1.361826e-09 
176.4863003 1.670255e-09 
177.843887 2.069938e-09 
179.2015191 1.291629e-09 
177.8439534 1.378373e-09 
179.2015631 1.023316e-09 
180.5591869 3.980388e-10 
183.2743641 1.15289e-09 
181.9166914 1.661513e-09 
181.9168027 3.94629e-10 
183.2744383 7.138972e-10 
184.631979 1.010355e-09 
184.6320468 7.523761e-10 
187.3471554 6.267643e-10 
185.9896237 7.194496e-10 
187.3472318 9.770975e-10 
188.7048138 1.303922e-10 
188.7048611 1.154297e-09 
190.0624198 2.745376e-10 
191.4200567 7.559168e-10 
190.0624709 9.171066e-10 
192.777632 2.436291e-10 
192.77766 1.319908e-09 
194.1352727 3.664111e-10 
195.4928659 4.247365e-10 
194.135296 1.386508e-09 
195.4929016 1.759071e-09 
196.8504964 5.380507e-10 
199.5656606 4.733208e-10 
198.2080378 9.475098e-10 
198.2080879 4.922253e-10 
199.5657223 4.96442e-10 
200.9232455 2.997294e-10 
200.9233153 1.775815e-10 
203.6383841 6.1701e-10 
202.2808708 1.004468e-10 
203.6384599 9.463246e-11 
204.9960085 8.270692e-10 
204.9960934 7.107682e-11 
206.3535751 8.708095e-10 
206.3536611 2.74814e-10 
108.6017193 2.825024e-09 
109.9595435 1.546229e-09 
108.601997 4.434588e-10 
109.9598157 1.160806e-09 
111.3173181 6.655963e-10 
111.3175903 1.564217e-09 
114.0326417 1.431601e-09 
112.6751312 5.225007e-10 
114.032906 5.920761e-10 
115.3904523 1.169585e-09 
115.3907132 8.592612e-10 
116.748225 1.312956e-09 
118.1060255 1.093949e-09 
116.748474 7.951293e-10 
119.4635447 9.381421e-10 
119.4637902 6.601322e-10 
120.8213491 5.810938e-10 
122.1791144 6.687307e-10 
120.8215808 5.709053e-10 
122.1793243 2.720739e-10 
123.5369059 4.136304e-10 
124.8944491 1.391716e-10 
126.2522451 5.07513e-11 
124.8946572 1.526836e-10 
126.2524365 7.5461e-11 
127.6099953 2.061618e-10 
127.6101675 2.507851e-11 
130.3253296 3.420081e-10 
128.9677758 1.950887e-10 
130.3255113 9.481475e-11 
131.6831067 3.958671e-10 
131.6832796 4.501072e-11 
133.0408379 4.864422e-10 
134.398601 3.82065e-10 
133.0409967 6.635665e-11 
135.7561809 1.297465e-10 
135.7563184 1.640508e-10 
137.1139378 1.193975e-10 
138.4716481 1.224459e-10 
137.1140732 1.361338e-10 
138.4717788 1.258296e-10 
139.829394 2.571968e-10 
141.1870201 5.492264e-10 
142.5447607 9.418384e-10 
141.1870939 5.052834e-10 
142.5448331 8.696977e-10 
143.9024412 1.565988e-09 
143.9025328 9.569432e-10 
146.6177994 1.693585e-09 
145.2601679 1.712154e-09 
146.6178454 1.571289e-09 
147.9755223 2.138729e-09 
147.9755647 1.572963e-09 
149.333173 2.250293e-09 
150.6908796 2.250074e-09 
149.3332513 1.78663e-09 
152.0485064 2.468744e-09 
152.0485381 2.006164e-09 
153.406213 3.339838e-09 
154.7638591 4.108874e-09 
153.4062429 1.69711e-09 
154.7639113 1.163167e-09 
156.1215542 5.818209e-09 
157.4791979 1.857619e-09 
158.8368867 4.321277e-09 
157.4792117 5.439902e-09 
158.8369087 4.50501e-09 
160.1945424 5.49822e-09 
160.1945632 2.506438e-09 
162.9098257 1.055214e-09 
161.5522272 6.473474e-09 
162.9098841 5.260274e-09 
164.2675014 2.049412e-09 
164.2675642 3.197507e-09 
165.6251577 3.291448e-09 
166.9828368 3.092489e-09 
165.6251991 1.299654e-09 
168.3403722 9.824542e-10 
168.3404823 2.044822e-09 
169.6980567 2.008071e-09 
171.0557092 3.272758e-09 
169.6981469 9.905133e-10 
171.0557636 4.424107e-10 
172.4133952 2.525254e-09 
173.7709235 2.072322e-09 
175.128618 3.091399e-09 
173.77103 2.028406e-09 
175.1286884 1.541336e-09 
176.4862594 2.615262e-09 
176.4862993 1.237242e-09 
179.2014525 1.349483e-09 
177.8439393 1.400963e-09 
179.201562 5.850663e-10 
180.5591352 1.680392e-09 
180.5592062 6.740872e-10 
181.9167576 1.217479e-09 
183.2744127 5.421913e-10 
181.9168154 6.114084e-10 
184.6319204 1.417026e-09 
184.632024 1.017213e-09 
185.9895862 4.310644e-10 
187.3471965 3.029382e-10 
185.9896535 1.3378e-09 
187.3472627 1.029128e-09 
188.7048362 4.505125e-10 
190.0623945 5.299678e-10 
191.4200458 5.010561e-10 
190.0624431 7.827538e-10 
191.4200753 1.020595e-09 
192.7776467 6.489784e-10 
192.7776846 1.357578e-09 
195.4928468 3.435449e-10 
194.1352813 9.703494e-10 
195.4928796 1.269041e-09 
196.8504775 2.636807e-10 
196.8505163 1.206043e-09 
198.2080648 2.278136e-10 
199.5656916 1.822313e-10 
198.2081154 1.012894e-09 
200.9232105 6.728855e-10 
200.9232796 1.137622e-10 
202.2808316 3.071964e-10 
203.6384199 2.377124e-10 
202.2809115 1.291242e-10 
203.6385024 9.416088e-11 
204.9960483 1.78141e-10 
206.3535421 2.614983e-09 
206.3536158 2.20182e-10 
108.6018569 4.678787e-10 
108.6021412 2.57348e-09 
111.3171848 1.888647e-09 
111.3174529 3.979209e-10 
114.032775 9.873248e-10 
114.0330359 1.021655e-09 
116.7480938 1.250973e-09 
116.748352 7.549545e-10 
119.4636707 1.107303e-09 
119.463902 5.930443e-10 
122.1789979 4.675222e-10 
122.179224 3.830882e-10 
124.8945576 2.861251e-10 
124.894745 3.394204e-11 
127.6098949 1.324067e-10 
127.6100879 8.058329e-11 
130.3254226 3.891376e-10 
130.3255864 4.186062e-11 
133.0407573 2.714462e-10 
133.0409206 2.064597e-10 
135.7562439 1.335923e-10 
135.756393 1.347159e-10 
138.4716032 2.90609e-10 
138.4717069 8.540246e-11 
141.1870473 8.718927e-10 
141.1871581 2.626212e-10 
143.9024198 9.555528e-10 
143.9024742 1.260472e-09 
146.6178145 2.019856e-09 
146.6179 1.788665e-09 
149.3331555 2.638386e-09 
149.333198 1.649345e-09 
152.0485144 2.992748e-09 
152.0485876 1.442507e-09 
154.7638517 2.320587e-09 
154.7638725 3.397739e-09 
157.4792017 5.550641e-09 
157.4792366 1.684045e-09 
160.1945225 1.255384e-09 
160.1945529 6.481915e-09 
162.909861 4.257268e-09 
162.9098893 2.302945e-09 
165.6251015 9.874887e-10 
165.6251947 3.285896e-09 
168.3404349 3.01326e-09 
168.3404904 5.723036e-10 
171.0556441 1.728121e-09 
171.0557579 1.832839e-09 
173.7709851 3.69748e-09 
173.7710322 7.982994e-10 
176.4861954 1.628816e-09 
176.4863012 1.663288e-09 
179.2015187 1.520652e-09 
179.2015643 1.053993e-09 
181.9166896 1.872425e-09 
181.9168037 3.969333e-10 
184.6319787 1.085597e-09 
184.6320481 8.698535e-10 
187.347153 8.061795e-10 
187.3472331 9.96545e-10 
190.0624189 2.553716e-10 
190.0624724 9.712446e-10 
192.777629 2.953746e-10 
192.7776607 1.28459e-09 
195.4928647 3.977264e-10 
195.4929023 1.737128e-09 
198.2080365 9.166348e-10 
198.2080881 4.726759e-10 
200.9232453 2.932257e-10 
200.9233156 1.744868e-10 
203.6383839 6.126322e-10 
203.6384598 9.912763e-11 
206.3535747 8.634064e-10 
206.3536607 2.774127e-10 
108.6017194 2.907086e-09 
108.6019972 4.631889e-10 
109.9596763 1.349399e-10 
111.3173185 5.941379e-10 
111.3175903 1.575992e-09 
112.6750012 1.220705e-09 
114.0326418 1.432914e-09 
114.0329065 5.892183e-10 
112.6752672 8.713529e-10 
115.3905818 9.327526e-10 
118.1059009 9.833023e-10 
116.7482256 1.25665e-09 
118.1061507 8.371455e-10 
116.7484739 7.869943e-10 
119.4635453 9.235768e-10 
119.4637905 6.890896e-10 
122.1791153 6.731431e-10 
120.8214662 8.312542e-10 
122.1793239 2.766732e-10 
123.5367994 1.896891e-10 
123.5370082 2.47162e-10 
124.8944504 1.593754e-10 
124.8946573 1.85379e-10 
126.2523444 1.944886e-10 
127.6099962 1.8745e-10 
127.6101667 2.785613e-11 
128.9676826 1.788771e-10 
130.3253312 3.091678e-10 
130.3255108 9.513808e-11 
128.967862 3.364006e-11 
131.6831947 3.707919e-10 
134.3985238 2.437344e-10 
133.0408381 4.17018e-10 
134.3986822 1.479827e-10 
133.0409958 4.690674e-11 
135.7561818 9.541801e-11 
135.7563173 1.492311e-10 
138.4716468 1.421659e-10 
137.1139984 7.690366e-11 
138.4717782 1.063611e-10 
139.829352 4.233627e-10 
139.8294545 2.387976e-10 
141.1870197 6.372053e-10 
141.1870921 5.442989e-10 
142.5447847 1.111509e-09 
143.9024382 1.713524e-09 
143.9025329 1.051448e-09 
145.2601519 1.664521e-09 
146.6177974 1.888928e-09 
146.6178432 1.672352e-09 
145.260204 1.573757e-09 
147.9755311 1.951784e-09 
150.6908703 2.767103e-09 
149.3331689 2.49977e-09 
150.690909 1.457717e-09 
149.3332521 1.996212e-09 
152.0485031 2.663579e-09 
152.0485363 2.180939e-09 
154.7638549 4.301841e-09 
153.4062151 3.598242e-09 
154.7639128 1.269763e-09 
156.1215504 4.498582e-09 
156.1215739 2.976808e-09 
157.4791938 1.892298e-09 
157.4792108 5.621095e-09 
158.8368928 7.455528e-09 
160.194539 5.528371e-09 
160.1945651 2.499124e-09 
161.5522032 2.886493e-09 
162.9098214 9.764528e-10 
162.9098841 5.408215e-09 
161.5522429 4.785381e-09 
164.2675419 4.516489e-09 
166.9827796 1.789564e-09 
165.6251553 3.370373e-09 
166.9828655 1.71659e-09 
165.625201 1.312865e-09 
168.3403689 9.989821e-10 
168.3404828 2.177753e-09 
171.0557077 3.523358e-09 
169.6981175 2.559724e-09 
171.0557652 4.544217e-10 
172.4133364 2.982955e-09 
172.4134192 1.109914e-09 
173.7709211 2.229156e-09 
173.7710303 2.151402e-09 
175.1286716 2.573159e-09 
176.4862581 2.942473e-09 
176.4863004 1.239759e-09 
177.8438869 2.446504e-09 
179.2014507 1.488747e-09 
179.2015618 6.646711e-10 
177.8439538 1.419145e-09 
180.5591872 4.420893e-10 
183.2743638 1.340232e-09 
181.9167563 1.31399e-09 
183.2744387 7.933294e-10 
181.9168162 6.998688e-10 
184.6319187 1.542299e-09 
184.6320238 1.017065e-09 
187.3471949 3.24845e-10 
185.989624 6.533959e-10 
187.3472637 1.140588e-09 
188.7048124 1.878814e-10 
188.7048619 1.251717e-09 
190.0623921 6.183105e-10 
190.0624427 8.352234e-10 
191.4200562 7.34676e-10 
192.7776447 6.810877e-10 
192.7776852 1.382211e-09 
194.1352706 3.903738e-10 
195.4928451 3.449782e-10 
195.4928791 1.300891e-09 
194.1352964 1.395052e-09 
196.8504956 5.245456e-10 
199.5656598 4.450665e-10 
198.208064 2.053129e-10 
199.5657226 4.734227e-10 
198.2081157 9.955168e-10 
200.9232101 6.437963e-10 
200.9232796 1.041351e-10 
203.6384198 2.323217e-10 
202.2808708 9.442408e-11 
203.6385023 1.094182e-10 
204.9960081 8.24488e-10 
204.9960934 8.264936e-11 
206.3535417 2.642833e-09 
206.3536154 2.210723e-10 
109.9595439 1.532086e-09 
109.9598161 1.166875e-09 
112.675132 4.943205e-10 
115.3904528 1.141763e-09 
115.3907136 8.70594e-10 
118.1060262 1.132075e-09 
120.82135 6.056547e-10 
120.8215809 5.957066e-10 
123.5369065 4.639799e-10 
126.2522466 4.972429e-11 
126.2524361 9.728603e-11 
128.9677764 1.824968e-10 
131.6831084 3.310874e-10 
131.6832788 4.443072e-11 
134.3986011 3.275727e-10 
137.1139389 1.092295e-10 
137.1140719 1.231779e-10 
139.8293931 2.897066e-10 
142.5447606 1.066226e-09 
142.5448314 9.20834e-10 
145.2601657 1.829608e-09 
147.9755208 2.399601e-09 
147.9755629 1.701898e-09 
150.6908765 2.415404e-09 
153.4062104 3.507621e-09 
153.4062415 1.875825e-09 
156.1215512 6.028543e-09 
158.8368833 4.247362e-09 
158.8369082 4.727364e-09 
161.5522249 6.679252e-09 
164.267498 1.956911e-09 
164.2675645 3.388723e-09 
166.9828355 3.28476e-09 
169.6980544 2.086468e-09 
169.6981474 1.099332e-09 
172.4133945 2.74075e-09 
175.1286166 3.350226e-09 
175.1286885 1.623071e-09 
177.8439384 1.597876e-09 
180.5591343 1.835852e-09 
180.5592058 7.580394e-10 
183.2744117 4.988138e-10 
185.989585 4.824432e-10 
185.9896532 1.398265e-09 
188.7048347 4.373198e-10 
191.4200436 5.675311e-10 
191.4200748 1.103406e-09 
194.1352796 1.033502e-09 
196.8504761 2.557986e-10 
196.850516 1.21092e-09 
199.565691 1.648388e-10 
202.2808311 2.872153e-10 
202.2809116 1.284889e-10 
204.9960482 1.71764e-10 
108.6018572 4.481628e-10 
109.959677 1.307451e-10 
108.6021415 2.571098e-09 
111.3171843 1.895957e-09 
111.3174537 4.056725e-10 
112.6750014 1.208218e-09 
114.0327756 9.615704e-10 
112.6752678 8.741468e-10 
114.0330365 1.001401e-09 
115.3905825 9.917184e-10 
116.7480935 1.266352e-09 
118.1059011 1.046973e-09 
116.7483531 7.995564e-10 
118.1061514 8.663445e-10 
119.4636718 1.159943e-09 
119.4639024 5.933264e-10 
122.1789986 5.314269e-10 
122.179225 4.219261e-10 
120.8214671 9.183834e-10 
123.5368004 2.624921e-10 
123.5370087 2.662962e-10 
124.8945593 3.305473e-10 
126.2523457 2.274046e-10 
124.8947448 4.714886e-11 
127.6098966 1.410858e-10 
127.6100887 9.661415e-11 
128.9676844 1.534354e-10 
130.3254246 3.363654e-10 
128.9678622 4.043438e-11 
130.3255857 4.436861e-11 
131.6831964 3.196783e-10 
133.0407594 2.618139e-10 
134.398526 2.46853e-10 
133.0409209 1.664653e-10 
134.398682 1.175571e-10 
135.7562454 1.049652e-10 
135.756392 1.09813e-10 
138.4716051 2.981088e-10 
138.4717064 8.601453e-11 
137.1139998 5.87035e-11 
139.8293541 4.506355e-10 
139.8294536 2.405174e-10 
141.1870474 9.618929e-10 
142.5447848 1.221479e-09 
141.1871571 2.854685e-10 
143.9024212 9.794918e-10 
143.9024727 1.375323e-09 
145.2601535 1.697489e-09 
146.6178131 2.161979e-09 
145.2602021 1.681276e-09 
146.6178989 1.968239e-09 
147.9755297 2.096075e-09 
149.3331562 2.676195e-09 
150.690871 2.776938e-09 
149.3331956 1.835369e-09 
150.6909065 1.616969e-09 
152.0485119 3.137929e-09 
152.048587 1.654452e-09 
154.763851 2.284655e-09 
154.7638702 3.706534e-09 
153.4062127 3.792898e-09 
156.1215496 4.432932e-09 
156.1215718 3.251532e-09 
157.4791987 5.68237e-09 
158.8368901 7.739654e-09 
157.4792369 1.819436e-09 
160.19452 1.148506e-09 
160.1945515 6.862466e-09 
161.5522008 2.780309e-09 
162.909858 4.37686e-09 
161.5522419 5.104983e-09 
162.9098904 2.386959e-09 
164.2675396 4.789944e-09 
165.625098 8.99299e-10 
166.9827766 1.736639e-09 
165.6251942 3.576173e-09 
166.9828653 1.904182e-09 
168.3404324 3.214205e-09 
168.3404918 6.094319e-10 
171.0556411 1.699353e-09 
171.0557576 2.054427e-09 
169.6981157 2.801173e-09 
172.4133339 3.013909e-09 
172.4134191 1.215588e-09 
173.770983 3.980086e-09 
175.1286699 2.817187e-09 
173.7710331 8.059659e-10 
176.4861934 1.617858e-09 
176.4863003 1.864024e-09 
177.8438852 2.439379e-09 
179.2015168 1.644921e-09 
177.8439529 1.529641e-09 
179.2015645 1.08643e-09 
180.5591853 5.153832e-10 
181.9166887 1.852549e-09 
183.2743626 1.276171e-09 
181.9168023 4.374758e-10 
183.2744376 8.155569e-10 
184.6319767 1.048561e-09 
184.6320483 9.378387e-10 
187.347152 8.062956e-10 
187.3472316 1.023184e-09 
185.9896219 6.109229e-10 
188.7048109 1.99611e-10 
188.7048606 1.288206e-09 
190.0624166 3.125567e-10 
191.4200538 8.375153e-10 
190.0624724 1.041047e-09 
192.7776282 3.374942e-10 
192.7776591 1.406679e-09 
194.1352695 4.547774e-10 
195.4928633 4.50879e-10 
194.1352952 1.468848e-09 
195.4929022 1.744313e-09 
196.8504943 5.689318e-10 
198.2080364 8.838301e-10 
199.5656593 4.105698e-10 
198.2080876 4.935545e-10 
199.5657223 4.6895e-10 
200.9232451 2.598638e-10 
200.9233156 1.657906e-10 
203.6383835 6.144283e-10 
202.2808705 8.336392e-11 
203.6384597 9.845735e-11 
204.9960079 8.473543e-10 
204.9960931 8.688882e-11 
206.3535748 8.837223e-10 
206.3536601 2.912103e-10 
108.6017188 2.869046e-09 
108.6019979 4.551225e-10 
111.3173189 5.96258e-10 
111.317591 1.53751e-09 
114.0326409 1.434323e-09 
114.0329077 6.336304e-10 
116.7482263 1.34034e-09 
116.7484748 7.74887e-10 
119.4635449 1.01029e-09 
119.4637919 7.380533e-10 
122.1791166 7.753262e-10 
122.1793245 2.913192e-10 
124.8944511 2.181285e-10 
124.8946587 1.991427e-10 
127.6099985 2.03518e-10 
127.6101667 3.941235e-11 
130.3253328 3.217163e-10 
130.3255123 7.446672e-11 
133.0408409 3.818531e-10 
133.0409952 5.094765e-11 
135.7561842 1.374823e-10 
135.7563184 1.0374e-10 
138.4716495 1.736688e-10 
138.4717771 8.896721e-11 
141.1870228 5.62317e-10 
141.1870923 6.047758e-10 
143.9024401 1.773408e-09 
143.9025311 1.11671e-09 
146.6178012 1.751316e-09 
146.617842 1.82194e-09 
149.3331697 2.478478e-09 
149.3332498 2.139649e-09 
152.0485066 2.492444e-09 
152.0485341 2.38513e-09 
154.7638546 4.350732e-09 
154.763911 1.440272e-09 
157.4791953 1.723833e-09 
157.4792087 6.039888e-09 
160.1945374 5.671451e-09 
160.1945643 2.682914e-09 
162.9098206 8.994364e-10 
162.9098827 5.816023e-09 
165.6251532 3.536254e-09 
165.6252012 1.39544e-09 
168.3403668 8.774717e-10 
168.3404819 2.442931e-09 
171.0557056 3.676019e-09 
171.0557655 4.702811e-10 
173.7709193 2.055088e-09 
173.7710291 2.385187e-09 
176.4862561 2.993994e-09 
176.4863 1.255893e-09 
179.2014503 1.314164e-09 
179.20156 8.024164e-10 
181.9167546 1.220527e-09 
181.9168155 6.972092e-10 
184.6319192 1.401103e-09 
184.6320217 1.010385e-09 
187.347193 2.885656e-10 
187.3472629 1.156052e-09 
190.0623928 5.762439e-10 
190.0624404 9.284604e-10 
192.7776433 8.091264e-10 
192.7776843 1.42068e-09 
195.4928462 3.505146e-10 
195.4928778 1.415621e-09 
198.2080637 1.953985e-10 
198.2081154 9.933761e-10 
200.9232101 6.225823e-10 
200.9232794 9.7425e-11 
203.6384198 2.29551e-10 
203.638502 1.104327e-10 
206.3535418 2.706181e-09 
206.3536155 2.396165e-10 
109.9595439 1.507082e-09 
108.6018572 4.591273e-10 
109.9598164 1.133399e-09 
108.602142 2.501361e-09 
111.3171835 1.842233e-09 
111.3174544 4.236597e-10 
114.0327758 1.050194e-09 
112.6751324 5.532206e-10 
114.0330373 9.789903e-10 
115.3904525 1.204587e-09 
115.3907143 8.935029e-10 
116.7480926 1.322009e-09 
118.1060269 1.237041e-09 
116.7483542 8.503136e-10 
119.4636723 1.284431e-09 
119.4639033 5.991426e-10 
120.82135 7.27198e-10 
122.1789982 6.228724e-10 
122.1792262 4.271604e-10 
120.8215818 6.139798e-10 
123.5369077 5.197782e-10 
126.2522474 8.910312e-11 
124.8945605 3.959766e-10 
126.2524371 9.485645e-11 
124.8947454 5.538363e-11 
127.6098969 1.632675e-10 
127.6100902 8.071433e-11 
130.3254268 3.426394e-10 
128.9677784 1.750148e-10 
130.3255859 6.118695e-11 
131.6831101 3.570556e-10 
131.6832796 3.121212e-11 
133.0407606 3.474876e-10 
134.3986036 2.890614e-10 
133.0409227 1.334118e-10 
135.7562485 1.194326e-10 
135.7563916 1.13832e-10 
137.1139414 1.626027e-10 
138.4716077 2.88143e-10 
138.4717081 7.731063e-11 
137.1140723 8.556693e-11 
139.8293954 3.364246e-10 
142.5447637 9.887608e-10 
141.1870511 9.705647e-10 
142.5448308 9.658809e-10 
141.1871557 2.842611e-10 
143.9024254 7.710292e-10 
143.9024734 1.460535e-09 
146.6178168 2.061581e-09 
145.2601668 1.94557e-09 
146.6178965 1.972833e-09 
147.9755242 2.183393e-09 
147.975561 1.793245e-09 
149.3331617 2.391881e-09 
150.6908764 2.499317e-09 
149.3331951 1.912394e-09 
152.0485149 2.984343e-09 
152.0485841 1.69285e-09 
153.406213 3.314304e-09 
154.763856 2.021224e-09 
154.7638689 3.899118e-09 
153.406239 2.025971e-09 
156.12155 6.230554e-09 
158.8368839 4.158526e-09 
157.4792001 5.738764e-09 
158.8369062 5.030452e-09 
157.4792345 1.987034e-09 
160.1945229 1.071852e-09 
160.1945499 7.212499e-09 
162.9098579 4.523849e-09 
161.5522231 6.933225e-09 
162.909889 2.531471e-09 
164.2674967 1.917795e-09 
164.2675634 3.618343e-09 
165.6250987 8.529502e-10 
166.9828336 3.503563e-09 
165.6251929 3.814809e-09 
168.3404314 3.277748e-09 
168.3404911 6.312675e-10 
169.6980521 1.985808e-09 
171.0556406 1.488416e-09 
171.0557565 2.214958e-09 
169.6981468 1.201078e-09 
172.4133925 2.91948e-09 
175.1286145 3.146845e-09 
173.7709818 3.894819e-09 
175.1286876 1.718517e-09 
173.7710323 8.221425e-10 
176.4861936 1.338501e-09 
176.4862987 1.998624e-09 
179.2015159 1.470129e-09 
177.8439364 1.701036e-09 
179.2015634 1.073288e-09 
180.5591331 1.593142e-09 
180.5592045 7.966643e-10 
181.9166899 1.630122e-09 
183.2744096 4.973941e-10 
181.9168005 4.650012e-10 
184.6319758 9.368968e-10 
184.632047 8.622837e-10 
185.9895841 3.644542e-10 
187.3471538 6.281756e-10 
187.3472294 1.023192e-09 
185.9896516 1.347077e-09 
188.7048324 4.812834e-10 
191.4200433 6.259549e-10 
190.062416 3.681517e-10 
191.420073 1.140652e-09 
190.0624708 1.032522e-09 
192.7776306 3.17596e-10 
192.7776575 1.519414e-09 
195.4928636 5.186055e-10 
194.1352781 1.156449e-09 
195.4929013 1.770199e-09 
196.8504764 2.586725e-10 
196.850515 1.254898e-09 
198.2080376 8.934598e-10 
198.2080871 5.273277e-10 
199.5656905 1.655907e-10 
200.9232451 2.470256e-10 
200.9233154 1.634528e-10 
202.280831 2.810519e-10 
203.6383835 6.211e-10 
203.6384597 9.371065e-11 
202.2809112 1.233431e-10 
204.9960482 1.808062e-10 
206.3535753 9.027738e-10 
206.3536601 2.95444e-10 
109.9596769 1.683395e-10 
112.6750009 1.237473e-09 
112.6752681 8.759253e-10 
115.3905826 1.08834e-09 
118.1059005 1.156844e-09 
118.1061521 8.783922e-10 
120.8214676 9.688217e-10 
123.5368 3.396826e-10 
123.5370097 2.53114e-10 
126.252347 2.313343e-10 
128.9676847 1.917507e-10 
128.9678634 2.879e-11 
131.6831985 3.121601e-10 
134.3985273 3.43923e-10 
134.3986834 9.437598e-11 
137.1140025 6.121322e-11 
139.8293566 4.325794e-10 
139.8294545 2.327275e-10 
142.5447875 1.271553e-09 
145.2601573 1.422356e-09 
145.2602019 1.708424e-09 
147.9755319 2.111527e-09 
150.6908755 2.407074e-09 
150.6909052 1.623224e-09 
153.4062139 3.811277e-09 
156.1215532 4.279865e-09 
156.12157 3.358134e-09 
158.8368901 7.863476e-09 
161.5522025 2.819283e-09 
161.5522402 5.260534e-09 
164.2675387 4.904623e-09 
166.9827765 1.697847e-09 
166.9828643 1.95781e-09 
169.6981143 2.876091e-09 
172.4133327 2.759573e-09 
172.4134181 1.251323e-09 
175.1286683 2.819739e-09 
177.8438843 2.054719e-09 
177.8439519 1.558059e-09 
180.5591839 5.088869e-10 
183.2743622 1.050222e-09 
183.2744364 7.511064e-10 
185.9896203 6.432078e-10 
188.7048113 1.572077e-10 
188.704859 1.214335e-09 
191.4200528 9.218624e-10 
194.1352709 4.791181e-10 
194.1352941 1.504094e-09 
196.8504942 6.099305e-10 
199.56566 4.170757e-10 
199.5657218 4.887441e-10 
202.2808703 8.288103e-11 
204.9960081 8.628837e-10 
204.996093 7.706614e-11 
108.6017183 2.766615e-09 
109.9595434 1.501025e-09 
108.6019981 4.337891e-10 
109.9598162 1.11112e-09 
111.3173187 6.655271e-10 
111.3175914 1.503922e-09 
114.0326403 1.429251e-09 
112.6751319 6.237924e-10 
114.0329079 6.684649e-10 
115.3904518 1.270383e-09 
115.3907144 8.934075e-10 
116.7482261 1.452388e-09 
118.1060266 1.262637e-09 
116.7484754 7.741892e-10 
119.4635441 1.076293e-09 
119.4637924 7.364818e-10 
120.8213491 7.780266e-10 
122.1791166 8.366288e-10 
120.8215823 5.959067e-10 
122.1793252 2.929969e-10 
123.5369079 4.976125e-10 
124.8944503 2.430697e-10 
126.2522465 1.113977e-10 
124.8946595 1.694103e-10 
126.252438 7.018087e-11 
127.6099989 2.285097e-10 
127.6101674 4.233688e-11 
130.3253323 3.814886e-10 
128.9677791 1.762546e-10 
130.3255136 5.869241e-11 
131.6831096 4.427999e-10 
131.683281 2.477449e-11 
133.0408424 4.253542e-10 
134.3986051 3.136716e-10 
133.0409957 7.430102e-11 
135.7561848 2.234109e-10 
135.7563202 9.178533e-11 
137.1139419 2.242885e-10 
138.4716524 1.722518e-10 
137.1140739 7.91693e-11 
138.4717769 1.005711e-10 
139.8293977 3.30435e-10 
141.1870252 4.478181e-10 
142.5447658 8.407548e-10 
141.1870941 6.108944e-10 
142.5448321 9.511851e-10 
143.9024443 1.669893e-09 
143.9025299 1.064165e-09 
146.6178055 1.477e-09 
145.2601697 1.905405e-09 
146.6178434 1.823561e-09 
147.9755277 1.811322e-09 
147.9755617 1.726692e-09 
149.3331745 2.238822e-09 
150.6908794 2.401782e-09 
149.3332477 2.014027e-09 
152.0485121 2.191231e-09 
152.0485347 2.344314e-09 
153.4062172 3.048608e-09 
154.7638585 4.21502e-09 
153.4062389 1.941169e-09 
154.7639084 1.434259e-09 
156.1215521 6.158052e-09 
157.4792003 1.589592e-09 
158.8368877 4.199266e-09 
157.4792084 6.112523e-09 
158.8369053 4.985689e-09 
160.1945399 5.750726e-09 
160.1945619 2.800609e-09 
162.9098242 9.438779e-10 
161.5522241 6.894843e-09 
162.9098818 5.91195e-09 
164.2674992 2.010429e-09 
164.2675623 3.557657e-09 
165.6251542 3.567682e-09 
166.9828337 3.440373e-09 
165.6251994 1.433191e-09 
168.3403688 7.985537e-10 
168.3404809 2.46492e-09 
169.6980531 1.868494e-09 
171.0557057 3.522892e-09 
169.6981459 1.149617e-09 
171.0557641 4.696868e-10 
172.4133919 2.810292e-09 
173.7709206 1.805386e-09 
175.1286147 2.789817e-09 
173.7710281 2.399012e-09 
175.1286869 1.691504e-09 
176.4862563 2.708439e-09 
176.4862987 1.266436e-09 
179.2014519 1.086127e-09 
177.843936 1.568461e-09 
179.2015591 8.002203e-10 
180.5591333 1.321267e-09 
180.5592041 7.305315e-10 
181.9167549 1.079337e-09 
183.2744093 5.364816e-10 
181.9168143 6.094129e-10 
184.6319211 1.201684e-09 
184.6320205 9.973474e-10 
185.9895848 2.656412e-10 
187.3471934 2.552536e-10 
185.9896509 1.250431e-09 
187.3472613 1.057759e-09 
188.7048324 5.175004e-10 
190.0623957 4.722508e-10 
191.4200452 6.085769e-10 
190.0624393 9.271459e-10 
191.4200724 1.077279e-09 
192.7776445 8.640598e-10 
192.7776831 1.419032e-09 
195.4928485 3.512745e-10 
194.1352789 1.165113e-09 
195.4928775 1.451506e-09 
196.850478 2.663505e-10 
196.8505148 1.275965e-09 
198.2080643 2.088864e-10 
199.5656908 1.818455e-10 
198.208115 1.00946e-09 
200.9232106 6.385095e-10 
200.9232792 1.025211e-10 
202.2808314 2.954556e-10 
203.6384199 2.33564e-10 
202.2809109 1.211559e-10 
203.638502 9.572462e-11 
204.9960484 1.933273e-10 
206.3535422 2.715185e-09 
206.353616 2.50548e-10 
108.601857 4.839722e-10 
108.602142 2.460018e-09 
111.3171834 1.797784e-09 
111.317454 4.321358e-10 
114.0327753 1.133681e-09 
114.0330373 9.803945e-10 
116.7480924 1.3382e-09 
116.7483537 8.353e-10 
119.4636716 1.306425e-09 
119.4639035 5.999737e-10 
122.1789973 6.170484e-10 
122.179226 3.898708e-10 
124.8945596 3.841269e-10 
124.894746 4.459168e-11 
127.6098954 1.69555e-10 
127.6100903 5.603165e-11 
130.3254261 3.92914e-10 
130.3255868 6.883023e-11 
133.0407593 4.173359e-10 
133.0409235 1.506057e-10 
135.756249 1.566935e-10 
135.7563924 1.447074e-10 
138.4716074 2.917221e-10 
138.4717095 6.795591e-11 
141.1870533 8.893655e-10 
141.187156 2.689668e-10 
143.9024267 6.378465e-10 
143.9024754 1.399686e-09 
146.6178205 1.866889e-09 
146.6178961 1.807007e-09 
149.3331644 2.1819e-09 
149.3331972 1.779185e-09 
152.0485192 2.759359e-09 
152.048583 1.508992e-09 
154.7638598 1.88348e-09 
154.7638703 3.714187e-09 
157.4792039 5.662451e-09 
157.4792327 1.954062e-09 
160.1945272 1.120616e-09 
160.1945504 7.044667e-09 
162.9098608 4.518145e-09 
162.909887 2.535037e-09 
165.6251026 9.144787e-10 
165.6251927 3.660131e-09 
168.3404333 3.130773e-09 
168.3404893 6.114255e-10 
171.0556434 1.403499e-09 
171.055756 2.082428e-09 
173.7709831 3.581634e-09 
173.7710309 8.290115e-10 
176.4861956 1.194388e-09 
176.4862987 1.872629e-09 
179.2015173 1.268473e-09 
179.2015625 1.036719e-09 
181.9166916 1.521835e-09 
181.9168008 4.314322e-10 
184.6319772 9.250595e-10 
184.632046 7.499548e-10 
187.3471559 5.240378e-10 
187.3472295 9.882562e-10 
190.0624179 3.514723e-10 
190.0624699 9.556385e-10 
192.777633 2.598389e-10 
192.777658 1.46291e-09 
195.4928651 4.996458e-10 
195.492901 1.778932e-09 
198.2080385 9.324668e-10 
198.2080872 5.247199e-10 
200.9232454 2.702809e-10 
200.9233152 1.707976e-10 
203.6383839 6.223063e-10 
203.6384598 9.165151e-11 
206.3535755 8.9468e-10 
206.3536607 2.869768e-10 
108.6017187 2.737316e-09 
108.6019975 4.294929e-10 
109.9596762 2.00897e-10 
111.3173182 7.10538e-10 
111.317591 1.516905e-09 
112.6750004 1.269707e-09 
114.0326408 1.426372e-09 
114.0329069 6.419228e-10 
112.6752677 8.692126e-10 
115.3905819 1.086699e-09 
118.1058998 1.158472e-09 
116.7482253 1.434751e-09 
118.1061518 8.550561e-10 
116.7484749 7.850908e-10 
119.463544 1.032605e-09 
119.4637913 6.876037e-10 
122.1791153 7.660904e-10 
120.821467 9.089661e-10 
122.1793251 2.803618e-10 
123.5367988 3.034287e-10 
123.5370098 2.267299e-10 
124.8944491 1.915512e-10 
126.2523464 2.005611e-10 
124.8946586 1.430372e-10 
127.609997 2.268187e-10 
127.6101679 3.320353e-11 
130.3253304 3.885966e-10 
128.9676831 2.294627e-10 
130.3255129 7.224183e-11 
128.967864 1.580716e-11 
131.6831981 3.566802e-10 
134.3985258 3.991738e-10 
133.0408406 4.893423e-10 
134.3986844 1.085206e-10 
133.0409966 8.406524e-11 
135.7561827 2.166474e-10 
135.7563202 1.2614e-10 
138.4716516 1.421541e-10 
137.1140028 7.737306e-11 
138.471778 1.258488e-10 
139.8293561 4.042533e-10 
139.8294559 2.24624e-10 
141.1870235 4.450776e-10 
141.1870951 5.458137e-10 
142.5447891 1.187712e-09 
143.902445 1.542908e-09 
143.9025309 9.713512e-10 
145.2601581 1.235284e-09 
146.6178045 1.447242e-09 
146.6178455 1.666824e-09 
145.2602037 1.621187e-09 
147.9755347 1.973308e-09 
150.6908775 2.172336e-09 
149.3331765 2.096756e-09 
150.690907 1.473072e-09 
149.3332486 1.802666e-09 
152.048512 2.172864e-09 
152.0485371 2.110783e-09 
154.7638613 4.065703e-09 
153.406217 3.629344e-09 
154.7639086 1.265671e-09 
156.1215562 4.250668e-09 
156.121571 3.154227e-09 
157.4792019 1.663103e-09 
157.4792102 5.744519e-09 
158.8368927 7.662719e-09 
160.194543 5.650877e-09 
160.1945612 2.690982e-09 
161.5522061 2.953075e-09 
162.9098274 1.032108e-09 
162.9098827 5.56651e-09 
161.5522402 5.034271e-09 
164.2675405 4.708388e-09 
166.9827795 1.742325e-09 
165.625157 3.424728e-09 
166.9828637 1.80125e-09 
165.6251982 1.374881e-09 
168.3403721 8.646828e-10 
168.3404812 2.214626e-09 
171.055708 3.281856e-09 
169.6981152 2.680013e-09 
171.055763 4.547909e-10 
172.4133345 2.595641e-09 
172.4134177 1.164916e-09 
173.7709231 1.822068e-09 
173.7710286 2.176385e-09 
175.128669 2.583798e-09 
176.4862584 2.489132e-09 
176.4862983 1.25615e-09 
177.8438854 1.848804e-09 
179.2014533 1.108874e-09 
179.2015604 6.62935e-10 
177.8439522 1.460574e-09 
180.5591848 4.384869e-10 
183.2743631 9.916442e-10 
181.9167568 1.088623e-09 
183.2744369 6.846925e-10 
181.9168142 5.577117e-10 
184.6319219 1.211197e-09 
184.6320219 9.990313e-10 
187.3471956 2.688878e-10 
185.9896215 7.100592e-10 
187.3472612 9.778553e-10 
188.704813 1.247225e-10 
188.7048593 1.128343e-09 
190.0623967 4.402582e-10 
191.4200546 8.700056e-10 
190.0624409 8.361496e-10 
192.7776466 7.596411e-10 
192.7776833 1.379773e-09 
195.4928489 3.464377e-10 
194.1352729 4.22697e-10 
195.4928786 1.359541e-09 
194.1352946 1.452546e-09 
196.8504955 5.884129e-10 
199.5656608 4.548817e-10 
198.208065 2.270989e-10 
199.5657218 5.057277e-10 
198.208115 1.021592e-09 
200.9232109 6.688731e-10 
200.9232793 1.123803e-10 
203.63842 2.377552e-10 
202.2808705 9.308312e-11 
203.6385022 8.632807e-11 
204.9960085 8.498086e-10 
204.9960931 6.863303e-11 
206.3535423 2.661786e-09 
206.3536162 2.385382e-10 
109.9595431 1.526111e-09 
109.9598158 1.124015e-09 
112.6751312 6.034396e-10 
115.3904516 1.249599e-09 
115.3907138 8.711333e-10 
118.1060258 1.171781e-09 
120.8213486 6.831641e-10 
120.8215817 5.709029e-10 
123.5369067 4.332481e-10 
126.252245 8.111705e-11 
126.2524377 5.97678e-11 
128.9677775 1.91055e-10 
131.6831075 4.600325e-10 
131.683281 3.245794e-11 
134.3986035 3.714772e-10 
137.1139397 1.93268e-10 
137.1140744 1.072695e-10 
139.8293969 2.799364e-10 
142.5447639 8.119616e-10 
142.5448335 8.892056e-10 
145.2601704 1.755891e-09 
147.9755266 1.782115e-09 
147.975564 1.591e-09 
150.6908813 2.241008e-09 
153.4062172 3.055434e-09 
153.4062413 1.741085e-09 
156.1215547 5.900092e-09 
158.8368894 4.292383e-09 
158.8369069 4.665572e-09 
161.5522267 6.613108e-09 
164.2675022 2.088268e-09 
164.2675629 3.299848e-09 
166.9828357 3.188958e-09 
169.6980559 1.886363e-09 
169.6981459 1.020373e-09 
172.4133936 2.569728e-09 
175.1286168 2.760591e-09 
175.1286875 1.581158e-09 
177.8439378 1.387553e-09 
180.5591346 1.375526e-09 
180.5592052 6.544117e-10 
183.2744113 5.692764e-10 
185.9895861 3.052835e-10 
185.9896521 1.24357e-09 
188.7048348 5.015493e-10 
191.4200468 5.239364e-10 
191.4200738 1.003603e-09 
194.1352809 1.049172e-09 
196.8504787 2.684157e-10 
196.8505156 1.246978e-09 
199.5656915 1.922208e-10 
202.2808318 3.11743e-10 
202.2809111 1.247918e-10 
204.9960484 1.914775e-10 
