# c_kinat vs. Position.Y (2660 data points):
# Position.Y c_kinat
1.3462907 4.003938e-10 
1.3467879 1.104195e-10 
2.7040301 8.822176e-11 
2.7045358 6.928171e-11 
4.0618385 1.120043e-10 
5.4195983 8.389091e-11 
4.062341 1.478412e-11 
6.7768867 7.210719e-11 
6.7774018 1.499344e-11 
8.134643 3.437843e-11 
9.4924451 4.656108e-12 
8.1351526 2.959374e-12 
9.4929436 8.235162e-12 
10.8501935 2.284491e-11 
12.2074637 1.124985e-10 
13.5652118 1.944955e-10 
12.2079913 7.61223e-11 
13.565732 1.217228e-10 
14.9230144 4.408845e-10 
14.9235228 4.331036e-11 
17.6380147 5.801437e-10 
16.2807641 5.559234e-10 
17.6385711 4.98641e-10 
18.9957708 7.493989e-10 
18.9963194 5.21528e-10 
20.3535853 1.116924e-09 
21.7113462 1.086517e-09 
20.3541171 3.434421e-10 
23.0685889 6.808641e-10 
24.426353 9.783644e-10 
23.0691608 8.692009e-10 
24.4269165 7.306319e-10 
25.7841694 1.160366e-09 
25.7847189 7.543545e-10 
28.4991829 1.074724e-09 
27.1419367 1.043008e-09 
28.4997555 1.003521e-09 
29.8569466 1.177405e-09 
29.8575176 1.022935e-09 
31.2147641 1.040264e-09 
32.5725371 9.581191e-10 
31.2153262 1.26869e-09 
33.9297931 1.546416e-09 
33.9303635 1.259098e-09 
35.2875611 6.629113e-10 
36.6453886 7.108914e-10 
35.2881294 1.851944e-09 
36.6459411 2.269767e-09 
38.0031634 1.012102e-09 
39.3604443 9.985005e-10 
40.7182155 3.661987e-10 
39.3609905 1.377469e-09 
40.7187523 1.857392e-09 
42.0760441 3.094177e-10 
42.0765591 2.439137e-09 
44.7911255 1.255835e-09 
43.4338106 2.838553e-10 
44.7916262 7.122073e-10 
46.1488942 6.194022e-10 
46.1493825 1.36232e-09 
47.5067127 1.379297e-10 
48.8644735 1.826727e-10 
47.5071865 2.201811e-09 
50.2218183 1.780969e-09 
50.2222813 5.920345e-10 
51.5795926 9.677654e-10 
52.9374075 5.256698e-10 
51.5800353 1.318715e-09 
52.9378434 1.899517e-09 
54.2951652 7.001083e-10 
55.6525413 1.657511e-09 
57.0103185 1.106024e-09 
55.6529707 9.001488e-10 
57.0107193 1.037878e-09 
58.3681305 1.150269e-09 
58.3685295 1.429432e-09 
61.0832861 1.59318e-09 
59.7258806 1.479509e-09 
61.0836832 1.258873e-09 
62.4410563 1.633283e-09 
62.4414328 7.226516e-10 
63.7988642 1.383856e-09 
65.1566167 1.205658e-09 
63.7992455 8.320189e-10 
66.5140355 1.030892e-09 
66.5144219 8.599203e-10 
67.8718059 7.365233e-10 
69.2296168 7.66768e-10 
67.8721802 6.704651e-10 
69.2299916 4.298926e-10 
70.5873767 8.0346e-10 
71.9448015 1.850846e-10 
73.302571 2.393265e-10 
71.9451834 7.51842e-10 
73.3029409 6.273051e-10 
74.6603837 4.515754e-10 
74.660748 3.793808e-10 
77.3755752 7.723083e-11 
76.0181412 6.492655e-10 
77.3759515 6.238751e-10 
78.7333384 4.875389e-10 
78.733709 4.756475e-10 
80.0911568 6.837293e-10 
81.4489183 1.009884e-09 
80.0915197 2.824961e-10 
82.8063558 6.431769e-10 
82.8067373 8.390798e-10 
84.1641257 1.324517e-09 
85.5219521 1.769138e-09 
84.1644983 4.167306e-10 
85.5223064 1.499244e-10 
86.8797196 1.52344e-09 
88.2371629 1.761519e-09 
89.5949374 2.205684e-09 
88.2375345 1.060441e-09 
89.5952912 4.402345e-10 
90.9527588 2.27382e-09 
90.9530885 2.146147e-10 
93.667982 1.697688e-09 
92.3105206 2.003133e-09 
93.6683246 1.558995e-09 
95.025748 2.312406e-09 
95.0260743 1.049362e-09 
96.3835596 2.645565e-09 
97.7413117 2.943406e-09 
96.3838659 4.796671e-10 
99.0988008 1.466163e-09 
99.0991096 2.477967e-09 
100.4565565 2.431994e-09 
101.8143585 3.21326e-09 
100.4568511 1.903708e-09 
101.8146393 8.885096e-10 
103.172101 3.374767e-09 
104.5296248 1.31624e-09 
105.887369 2.199839e-09 
104.5298909 2.895598e-09 
105.887624 1.794854e-09 
107.2451564 2.820084e-09 
107.2454054 8.420856e-10 
1.3465394 1.178415e-10 
1.3470346 6.048157e-11 
2.7042843 1.128347e-10 
4.0615824 1.251472e-10 
5.4193411 8.651571e-11 
4.0620916 7.517857e-11 
5.4198507 2.860232e-11 
6.7771473 4.616501e-11 
6.7776499 4.914228e-12 
9.4921813 1.41674e-11 
8.1349016 1.233765e-11 
9.4927009 5.588061e-12 
10.8499324 3.787856e-11 
10.8504437 1.92559e-11 
12.2077324 1.422157e-10 
13.5654788 2.058784e-10 
12.2082316 8.665521e-12 
14.9227388 3.618359e-10 
14.9232799 2.444232e-10 
16.2804891 4.660763e-10 
17.6382978 8.21683e-10 
16.2810237 3.170866e-10 
17.6388184 1.573564e-10 
18.9960533 9.113758e-10 
20.3532981 6.899467e-10 
21.7110596 9.187643e-10 
20.353865 7.262956e-10 
21.7116174 6.511038e-10 
23.0688763 1.194985e-09 
24.4266408 1.087372e-09 
23.0694174 5.672686e-10 
25.7838848 7.371788e-10 
25.7844571 9.468504e-10 
27.1416488 1.087627e-09 
28.4994644 1.120766e-09 
27.1422162 8.305146e-10 
28.5000216 9.634049e-10 
29.8572344 9.902178e-10 
31.2144842 1.500772e-09 
32.5722492 1.023632e-09 
31.2150569 1.102693e-09 
32.5728217 1.399195e-09 
33.9300713 8.759648e-10 
33.9306328 1.764382e-09 
36.6451128 1.228729e-09 
35.2878465 1.010213e-09 
36.6456752 1.435126e-09 
38.0028835 4.167666e-10 
38.0034399 2.066459e-09 
39.3607138 5.492277e-10 
40.7184853 7.182256e-10 
39.36125 2.492494e-09 
42.0757831 1.025943e-09 
42.0763074 1.03944e-09 
43.433553 4.137599e-10 
44.7913765 9.995356e-11 
43.4340658 1.517973e-09 
44.7918702 2.298982e-09 
46.1491392 7.938765e-11 
47.5064694 1.545664e-09 
48.8642399 8.677026e-10 
47.5069497 5.832032e-10 
48.8647049 1.351663e-09 
50.2220556 3.412902e-10 
50.2225107 2.064737e-09 
52.9371753 1.805309e-09 
51.5798155 4.121168e-10 
52.9376222 6.644795e-10 
54.2949527 9.717373e-10 
54.2953737 1.18719e-09 
55.6527668 7.51175e-10 
57.0105207 1.099864e-09 
55.6531834 1.684736e-09 
58.3679127 1.555006e-09 
58.3683245 1.194471e-09 
59.7256866 1.449557e-09 
61.0834959 1.460486e-09 
59.7260718 8.818928e-10 
61.0838831 1.110363e-09 
62.4412452 1.506871e-09 
63.7986596 1.460528e-09 
65.1564287 1.303356e-09 
63.7990487 1.045011e-09 
65.1568029 6.408449e-10 
66.5142375 1.041771e-09 
66.5146161 5.948799e-10 
69.2294162 5.116408e-10 
67.8719947 9.387522e-10 
69.2298013 7.962177e-10 
70.5871878 3.565341e-10 
70.5875603 6.76791e-10 
71.9449998 5.838394e-10 
73.302759 7.074548e-10 
71.9453689 3.6842e-10 
74.6601886 5.624775e-11 
74.6605663 6.764743e-10 
76.0179542 3.058531e-10 
77.3757685 4.552646e-10 
76.0183226 5.349064e-10 
77.3761311 3.465158e-10 
78.7335265 7.549387e-10 
80.090963 2.421426e-10 
81.448728 8.17182e-10 
80.0913416 6.848654e-10 
81.4491014 4.585392e-10 
82.8065514 1.201268e-09 
82.8069126 2.075535e-10 
85.5217561 1.300898e-09 
84.1643171 1.311246e-09 
85.5221361 9.572041e-10 
86.8795302 1.904832e-09 
86.8798958 3.674227e-10 
88.2373557 2.149982e-09 
89.5951216 1.722211e-09 
88.2376985 1.468265e-10 
90.9525723 1.880937e-09 
90.9529307 1.24159e-09 
92.3103436 2.316121e-09 
93.6681599 2.404387e-09 
92.3106838 6.580274e-10 
93.6684774 3.2729e-10 
95.0259169 2.427133e-09 
96.3833909 1.574692e-09 
97.7411517 2.396424e-09 
96.3837174 1.979387e-09 
97.7414634 1.505507e-09 
99.0989589 2.989353e-09 
99.0992535 6.795487e-10 
101.8142122 1.40726e-09 
100.4567063 3.322507e-09 
101.8145008 2.847719e-09 
103.1719626 2.37946e-09 
103.1722378 2.013968e-09 
104.5297579 3.144899e-09 
105.8874957 3.036073e-09 
104.530023 9.745914e-10 
107.2450363 1.245382e-09 
107.2452796 2.5538e-09 
2.7040304 9.00451e-11 
2.7045357 6.77044e-11 
5.4195984 8.428874e-11 
8.1346431 3.381978e-11 
8.1351527 3.210406e-12 
10.8501936 2.435217e-11 
13.5652119 1.987037e-10 
13.565732 1.18893e-10 
16.2807641 5.551954e-10 
18.995771 7.551548e-10 
18.9963193 5.156954e-10 
21.7113461 1.077787e-09 
24.426353 9.822481e-10 
24.4269164 7.361685e-10 
27.1419365 1.047546e-09 
29.8569463 1.188936e-09 
29.8575176 1.033558e-09 
32.572537 9.663137e-10 
35.2875607 6.654518e-10 
35.2881293 1.856283e-09 
38.0031632 1.00985e-09 
40.7182153 3.52632e-10 
40.7187522 1.850954e-09 
43.4338105 2.78253e-10 
46.1488941 6.121163e-10 
46.1493824 1.348603e-09 
48.8644734 1.83136e-10 
51.5795925 9.733398e-10 
51.5800353 1.307183e-09 
54.2951652 6.968226e-10 
57.0103183 1.104136e-09 
57.0107193 1.031461e-09 
59.7258805 1.472271e-09 
62.4410562 1.61365e-09 
62.4414328 7.167067e-10 
65.1566166 1.206693e-09 
67.871806 7.279954e-10 
67.8721802 6.567454e-10 
70.5873766 8.114306e-10 
73.3025712 2.439385e-10 
73.3029408 6.196068e-10 
76.0181412 6.567936e-10 
78.7333385 4.929609e-10 
78.7337089 4.722778e-10 
81.4489183 1.018998e-09 
84.1641256 1.355159e-09 
84.1644983 4.093045e-10 
86.8797196 1.53257e-09 
89.5949373 2.255152e-09 
89.5952913 4.28083e-10 
92.3105206 2.001113e-09 
95.0257479 2.350394e-09 
95.0260744 1.034331e-09 
97.7413117 2.92987e-09 
100.4565564 2.442241e-09 
100.4568512 1.893761e-09 
103.172101 3.357526e-09 
105.8873689 2.185531e-09 
105.887624 1.801025e-09 
1.346291 3.91935e-10 
1.346788 1.107958e-10 
2.7042844 1.158277e-10 
5.4193413 8.75178e-11 
4.0618387 1.137635e-10 
5.4198507 2.898537e-11 
4.062341 1.417711e-11 
6.7768868 7.09855e-11 
6.7774019 1.528679e-11 
9.4924453 5.321607e-12 
8.1349017 1.254819e-11 
9.4929435 7.715148e-12 
10.8499324 3.852005e-11 
10.8504438 1.694687e-11 
12.2074638 1.124112e-10 
12.2079913 7.441724e-11 
13.5654789 2.047784e-10 
14.9230145 4.451179e-10 
14.9235227 4.328791e-11 
16.2804892 4.749646e-10 
17.638015 5.840891e-10 
17.6385709 4.902581e-10 
16.2810237 3.083687e-10 
18.9960532 9.016999e-10 
21.7110595 9.224092e-10 
20.3535852 1.106008e-09 
21.7116173 6.510789e-10 
20.354117 3.530853e-10 
23.0685891 6.816243e-10 
24.4266407 1.089569e-09 
23.0691604 8.718278e-10 
25.7841692 1.156679e-09 
25.7847189 7.704132e-10 
28.4991827 1.078158e-09 
27.1416485 1.095497e-09 
28.4997553 1.019862e-09 
27.1422162 8.402523e-10 
29.8572344 1.005646e-09 
32.5722488 1.032148e-09 
31.2147637 1.047747e-09 
32.5728218 1.401204e-09 
31.2153262 1.274953e-09 
33.9297927 1.53905e-09 
33.9303635 1.269162e-09 
36.6453883 7.135381e-10 
35.2878465 1.019496e-09 
36.6459412 2.260291e-09 
38.0028832 4.146634e-10 
38.0034401 2.054243e-09 
39.3604439 9.762143e-10 
40.7184853 7.142029e-10 
39.3609905 1.371599e-09 
42.0760439 3.013639e-10 
42.0765592 2.417854e-09 
44.7911252 1.231075e-09 
43.4335529 4.017494e-10 
44.7916262 7.000851e-10 
43.4340659 1.496149e-09 
46.1491392 7.570341e-11 
48.8642399 8.631711e-10 
47.5067126 1.364148e-10 
48.8647049 1.331181e-09 
47.5071865 2.179731e-09 
50.2218181 1.773438e-09 
50.2222814 5.822882e-10 
52.9374074 5.248078e-10 
51.5798156 4.107851e-10 
52.9378436 1.882796e-09 
54.2949527 9.682227e-10 
54.2953739 1.176606e-09 
55.6525409 1.653815e-09 
57.0105209 1.092384e-09 
55.6529708 8.911569e-10 
58.3681304 1.132382e-09 
58.3685297 1.418371e-09 
61.0832858 1.569983e-09 
59.7256865 1.425119e-09 
61.0836834 1.251227e-09 
59.726072 8.782435e-10 
62.4412454 1.498362e-09 
65.1564287 1.277003e-09 
63.7988641 1.364827e-09 
65.1568031 6.303897e-10 
63.7992456 8.172099e-10 
66.5140353 1.007596e-09 
66.514422 8.509196e-10 
69.2296167 7.686023e-10 
67.8719948 9.355999e-10 
69.2299917 4.170875e-10 
70.5871878 3.546698e-10 
70.5875604 6.637248e-10 
71.9448015 1.865824e-10 
73.302759 7.049846e-10 
71.9451834 7.448116e-10 
74.6603837 4.538103e-10 
74.660748 3.753948e-10 
77.3755752 7.853598e-11 
76.0179543 3.043158e-10 
77.3759515 6.209167e-10 
76.0183226 5.262071e-10 
78.7335264 7.525562e-10 
81.448728 8.235067e-10 
80.0911568 6.899712e-10 
81.4491015 4.504893e-10 
80.0915197 2.78126e-10 
82.8063557 6.655538e-10 
82.8067373 8.365419e-10 
85.5219521 1.792128e-09 
84.1643171 1.316686e-09 
85.5223064 1.472102e-10 
86.87953 1.928979e-09 
86.879896 3.623252e-10 
88.2371626 1.812732e-09 
89.5951216 1.72314e-09 
88.2375346 1.053382e-09 
90.9527588 2.292608e-09 
90.9530885 2.182157e-10 
93.6679816 1.742312e-09 
92.3103434 2.337664e-09 
93.6683247 1.549083e-09 
92.310684 6.578929e-10 
95.0259169 2.418401e-09 
97.7411514 2.401617e-09 
96.3835595 2.649619e-09 
97.7414636 1.508013e-09 
96.3838659 4.856487e-10 
99.0988005 1.487555e-09 
99.0991096 2.470847e-09 
101.8143584 3.202513e-09 
100.4567063 3.309113e-09 
101.8146392 8.919484e-10 
103.1719624 2.364918e-09 
103.1722379 2.021193e-09 
104.5296247 1.310672e-09 
105.8874956 3.038251e-09 
104.5298908 2.898699e-09 
107.2451562 2.81357e-09 
107.2454054 8.513617e-10 
1.3465395 1.205247e-10 
1.3470346 5.838357e-11 
4.0615826 1.239634e-10 
4.0620916 7.620571e-11 
6.7771475 4.59553e-11 
6.7776498 5.070892e-12 
9.4921813 1.230466e-11 
9.4927008 4.849904e-12 
12.2077324 1.442288e-10 
12.2082315 7.021864e-12 
14.9227389 3.658084e-10 
14.9232797 2.36578e-10 
17.6382976 8.140672e-10 
17.6388183 1.612561e-10 
20.3532981 6.917197e-10 
20.3538647 7.254603e-10 
23.068876 1.186191e-09 
23.0694174 5.76798e-10 
25.7838845 7.36124e-10 
25.784457 9.625873e-10 
28.4994641 1.128055e-09 
28.5000217 9.671073e-10 
31.2144838 1.492555e-09 
31.2150569 1.115478e-09 
33.9300711 8.898072e-10 
33.930633 1.754434e-09 
36.6451123 1.208332e-09 
36.6456753 1.429944e-09 
39.3607137 5.551492e-10 
39.3612502 2.470581e-09 
42.0757828 9.968517e-10 
42.0763076 1.022127e-09 
44.7913765 9.729369e-11 
44.7918703 2.273817e-09 
47.5064692 1.518391e-09 
47.5069499 5.691027e-10 
50.2220557 3.393645e-10 
50.2225109 2.042891e-09 
52.937175 1.799898e-09 
52.9376225 6.564122e-10 
55.6527669 7.383812e-10 
55.6531836 1.671823e-09 
58.3679123 1.543898e-09 
58.3683248 1.187236e-09 
61.0834959 1.433367e-09 
61.0838834 1.100623e-09 
63.7986591 1.431481e-09 
63.7990489 1.034396e-09 
66.5142374 1.029057e-09 
66.5146163 5.836434e-10 
69.2294159 5.051249e-10 
69.2298014 7.82986e-10 
71.9449997 5.811193e-10 
71.9453691 3.628386e-10 
74.6601884 5.850407e-11 
74.6605663 6.660197e-10 
77.3757684 4.499053e-10 
77.3761311 3.403827e-10 
80.0909628 2.44407e-10 
80.0913416 6.769867e-10 
82.8065513 1.20365e-09 
82.8069126 2.030749e-10 
85.5217557 1.314743e-09 
85.5221362 9.550932e-10 
88.2373556 2.150231e-09 
88.2376985 1.527424e-10 
90.9525719 1.893768e-09 
90.9529308 1.242928e-09 
93.6681598 2.393936e-09 
93.6684775 3.452123e-10 
96.3833905 1.576752e-09 
96.3837174 1.984229e-09 
99.0989587 2.975057e-09 
99.0992535 6.93407e-10 
101.8142119 1.395977e-09 
101.8145007 2.854279e-09 
104.5297577 3.138411e-09 
104.530023 9.824664e-10 
107.2450361 1.228843e-09 
107.2452795 2.572948e-09 
1.3462909 3.804475e-10 
1.346788 1.120484e-10 
2.7040306 9.305084e-11 
2.7045358 6.688917e-11 
4.0618387 1.161042e-10 
5.4195984 8.607095e-11 
4.062341 1.425258e-11 
6.7768869 7.001701e-11 
6.7774019 1.664315e-11 
8.1346431 3.265234e-11 
9.4924453 5.152898e-12 
8.1351527 3.801117e-12 
9.4929434 6.5802e-12 
10.8501937 2.348272e-11 
12.2074638 1.130773e-10 
13.5652119 2.036878e-10 
12.2079911 6.896432e-11 
13.565732 1.114098e-10 
14.9230143 4.397847e-10 
14.9235226 4.360536e-11 
17.6380149 5.88343e-10 
16.2807641 5.464774e-10 
17.6385707 4.870882e-10 
18.9957708 7.605205e-10 
18.9963193 5.112312e-10 
20.3535849 1.09748e-09 
21.7113459 1.075449e-09 
20.354117 3.558214e-10 
23.0685888 6.789059e-10 
24.4263527 9.851864e-10 
23.0691603 8.830912e-10 
24.4269164 7.417636e-10 
25.7841689 1.159693e-09 
25.784719 7.674041e-10 
28.4991823 1.071094e-09 
27.1419364 1.061274e-09 
28.4997553 1.030897e-09 
29.856946 1.193677e-09 
29.8575178 1.034838e-09 
31.2147637 1.059983e-09 
32.5725371 9.81186e-10 
31.2153264 1.264309e-09 
33.9297923 1.521286e-09 
33.9303637 1.266379e-09 
35.2875605 6.694718e-10 
36.6453884 7.295793e-10 
35.2881296 1.844007e-09 
36.6459414 2.242701e-09 
38.0031634 1.015316e-09 
39.3604436 9.594056e-10 
40.7182152 3.521753e-10 
39.3609908 1.355792e-09 
40.7187525 1.827901e-09 
42.076044 3.093079e-10 
42.0765593 2.399396e-09 
44.7911251 1.204369e-09 
43.4338107 2.747951e-10 
44.7916265 6.848572e-10 
46.1488942 6.035379e-10 
46.1493826 1.325774e-09 
47.5067129 1.34172e-10 
48.8644737 1.801213e-10 
47.5071867 2.162592e-09 
50.221818 1.754922e-09 
50.2222817 5.749647e-10 
51.5795926 9.659064e-10 
52.9374077 5.180295e-10 
51.5800355 1.292869e-09 
52.9378437 1.870671e-09 
54.2951655 6.941429e-10 
55.6525407 1.653253e-09 
57.0103184 1.085933e-09 
55.6529712 8.885073e-10 
57.0107196 1.028503e-09 
58.3681306 1.113363e-09 
58.3685299 1.413765e-09 
61.0832854 1.554982e-09 
59.7258809 1.463993e-09 
61.0836837 1.245525e-09 
62.4410562 1.583059e-09 
62.4414331 7.13506e-10 
63.7988642 1.347445e-09 
65.1566169 1.196916e-09 
63.7992458 8.134586e-10 
66.5140349 9.965852e-10 
66.5144222 8.393226e-10 
67.8718059 7.153393e-10 
69.2296166 7.590436e-10 
67.8721804 6.479762e-10 
69.2299918 4.16299e-10 
70.5873767 8.000885e-10 
71.9448011 1.880626e-10 
73.3025711 2.401726e-10 
71.9451835 7.327346e-10 
73.3029409 6.105602e-10 
74.6603835 4.442098e-10 
74.6607481 3.710355e-10 
77.3755749 7.682866e-11 
76.0181412 6.439983e-10 
77.3759515 6.083115e-10 
78.7333384 4.858171e-10 
78.733709 4.618582e-10 
80.0911567 6.798803e-10 
81.4489183 1.012376e-09 
80.0915198 2.724824e-10 
82.8063554 6.562323e-10 
82.8067374 8.312169e-10 
84.1641255 1.35146e-09 
85.521952 1.775424e-09 
84.1644985 4.055383e-10 
85.5223064 1.495428e-10 
86.8797197 1.531761e-09 
88.2371622 1.786412e-09 
89.594937 2.24679e-09 
88.2375347 1.059976e-09 
89.5952915 4.360738e-10 
90.9527587 2.264499e-09 
90.9530885 2.358095e-10 
93.6679813 1.710484e-09 
92.3105207 1.996148e-09 
93.6683247 1.564582e-09 
95.0257475 2.336041e-09 
95.0260747 1.052282e-09 
96.3835594 2.624302e-09 
97.7413117 2.923946e-09 
96.3838659 5.092016e-10 
99.0988002 1.458949e-09 
99.0991095 2.486809e-09 
100.4565561 2.423091e-09 
101.8143582 3.19325e-09 
100.4568514 1.909528e-09 
101.8146393 9.031698e-10 
103.172101 3.359969e-09 
104.5296245 1.291236e-09 
105.8873688 2.17009e-09 
104.5298907 2.913665e-09 
105.8876241 1.819409e-09 
107.2451561 2.824497e-09 
107.2454054 8.578943e-10 
2.7042844 1.17495e-10 
5.4193413 8.993143e-11 
5.4198507 2.971539e-11 
8.1349017 1.384456e-11 
10.8499324 3.799966e-11 
10.8504437 1.421751e-11 
13.5654788 1.980407e-10 
16.280489 4.780429e-10 
16.2810237 3.036628e-10 
18.9960531 8.978582e-10 
21.7110593 9.228947e-10 
21.7116174 6.531549e-10 
24.4266407 1.0984e-09 
27.1416483 1.095353e-09 
27.1422164 8.391316e-10 
29.8572345 1.015828e-09 
32.5722487 1.030559e-09 
32.5728221 1.391087e-09 
35.2878468 1.028308e-09 
38.0028832 4.217292e-10 
38.0034403 2.035713e-09 
40.7184856 7.177371e-10 
43.4335529 4.047477e-10 
43.4340661 1.478956e-09 
46.1491395 7.312221e-11 
48.8642401 8.541301e-10 
48.8647051 1.320111e-09 
51.5798159 4.089355e-10 
54.2949529 9.55696e-10 
54.2953741 1.174087e-09 
57.0105212 1.090748e-09 
59.7256867 1.404407e-09 
59.7260723 8.799349e-10 
62.4412457 1.491816e-09 
65.1564286 1.264295e-09 
65.1568034 6.298945e-10 
67.8719949 9.22138e-10 
70.5871876 3.483308e-10 
70.5875607 6.624527e-10 
73.302759 6.876273e-10 
76.017954 2.955292e-10 
76.0183228 5.18494e-10 
78.7335264 7.370429e-10 
81.4487278 8.0838e-10 
81.4491016 4.455542e-10 
84.1643172 1.307904e-09 
86.8795298 1.897328e-09 
86.8798961 3.703526e-10 
89.5951217 1.71784e-09 
92.3103432 2.297031e-09 
92.3106842 6.811366e-10 
95.0259169 2.417409e-09 
97.7411512 2.369427e-09 
97.7414637 1.534627e-09 
100.4567063 3.316673e-09 
103.1719622 2.348833e-09 
103.172238 2.03848e-09 
105.8874956 3.057079e-09 
1.3465393 1.203181e-10 
1.3470347 5.907946e-11 
2.7040304 9.307423e-11 
2.7045358 6.794595e-11 
4.0615825 1.258328e-10 
4.0620916 7.737173e-11 
5.4195984 8.675906e-11 
6.7771474 4.692604e-11 
6.7776498 5.057338e-12 
8.1346431 3.246355e-11 
9.4921814 9.387629e-12 
9.4927007 3.905851e-12 
8.1351526 3.965864e-12 
10.8501935 2.151571e-11 
13.5652118 2.024723e-10 
12.2077322 1.398709e-10 
13.565732 1.09696e-10 
12.2082314 6.308647e-12 
14.9227388 3.697827e-10 
14.9232796 2.329828e-10 
17.6382973 8.070706e-10 
16.280764 5.420125e-10 
17.6388184 1.611323e-10 
18.9957706 7.576871e-10 
18.9963194 5.139673e-10 
20.3532978 6.892379e-10 
20.3538647 7.333718e-10 
21.7113459 1.08303e-09 
24.4263526 9.833918e-10 
23.0688758 1.189784e-09 
24.4269166 7.391758e-10 
23.0694175 5.682024e-10 
25.7838842 7.312273e-10 
25.7844571 9.687456e-10 
28.4994641 1.13387e-09 
27.1419366 1.064744e-09 
28.5000219 9.522806e-10 
29.8569461 1.185481e-09 
29.8575179 1.024719e-09 
31.2144835 1.479135e-09 
32.5725373 9.818067e-10 
31.2150572 1.110615e-09 
33.9300714 9.010061e-10 
33.9306331 1.741083e-09 
36.6451123 1.200364e-09 
35.2875607 6.695624e-10 
36.6456756 1.41807e-09 
35.2881298 1.832211e-09 
38.0031636 1.020855e-09 
40.7182153 3.653711e-10 
39.360714 5.706977e-10 
40.7187526 1.820021e-09 
39.3612503 2.461992e-09 
42.0757828 9.926681e-10 
42.0763078 1.011712e-09 
44.7913768 1.033404e-10 
43.4338109 2.784948e-10 
44.7918704 2.270231e-09 
46.1488943 6.053472e-10 
46.1493827 1.325285e-09 
47.5064693 1.501657e-09 
48.8644739 1.778868e-10 
47.5069501 5.644563e-10 
50.2220561 3.34278e-10 
50.222511 2.039697e-09 
52.937175 1.795071e-09 
51.5795928 9.559739e-10 
52.9376227 6.580269e-10 
51.5800356 1.295817e-09 
54.2951658 6.956475e-10 
57.0103186 1.076686e-09 
55.6527673 7.309139e-10 
57.0107197 1.032944e-09 
55.6531836 1.67215e-09 
58.3679122 1.545834e-09 
58.3683251 1.189266e-09 
61.0834962 1.426124e-09 
59.7258811 1.465891e-09 
61.0838835 1.103928e-09 
62.4410562 1.582473e-09 
62.4414333 7.174158e-10 
63.7986589 1.431482e-09 
65.156617 1.190655e-09 
63.7990492 1.030226e-09 
66.5142375 1.021791e-09 
66.5146164 5.91538e-10 
69.2294155 5.066211e-10 
67.8718058 7.154086e-10 
69.2298016 7.764144e-10 
67.8721806 6.560641e-10 
70.5873768 7.854048e-10 
73.3025708 2.324387e-10 
71.9449996 5.693277e-10 
73.3029412 6.127494e-10 
71.9453692 3.657367e-10 
74.660188 5.697575e-11 
74.6605663 6.562893e-10 
77.3757682 4.390289e-10 
76.0181412 6.287001e-10 
77.3761312 3.367011e-10 
78.7333382 4.753394e-10 
78.7337092 4.590576e-10 
80.0909625 2.347416e-10 
81.4489183 9.993675e-10 
80.0913416 6.683634e-10 
82.8065513 1.182159e-09 
82.8069126 2.033297e-10 
85.5217556 1.272839e-09 
84.1641254 1.319032e-09 
85.5221362 9.586451e-10 
84.1644986 4.109615e-10 
86.8797197 1.521872e-09 
89.594937 2.192513e-09 
88.2373556 2.11224e-09 
89.5952915 4.537238e-10 
88.2376985 1.621523e-10 
90.9525718 1.830697e-09 
90.9529307 1.260662e-09 
93.6681598 2.358076e-09 
92.3105207 1.995336e-09 
93.6684774 3.652393e-10 
95.0257475 2.289586e-09 
95.0260747 1.078721e-09 
96.3833904 1.526262e-09 
97.7413117 2.934087e-09 
96.3837174 2.006752e-09 
99.0989586 2.958942e-09 
99.0992535 7.083735e-10 
101.8142118 1.366469e-09 
100.456556 2.401578e-09 
101.8145007 2.870997e-09 
100.4568514 1.929116e-09 
103.1721009 3.379006e-09 
105.8873688 2.174936e-09 
104.5297576 3.147773e-09 
105.8876241 1.823776e-09 
104.5300231 9.865457e-10 
107.2450361 1.223047e-09 
107.2452795 2.580905e-09 
1.3462906 3.814703e-10 
1.3467879 1.124742e-10 
4.0618385 1.157752e-10 
4.0623411 1.491095e-11 
6.7768869 7.057252e-11 
6.7774018 1.719502e-11 
9.4924451 4.394585e-12 
9.4929434 6.359819e-12 
12.2074637 1.137495e-10 
12.207991 6.731387e-11 
14.923014 4.323158e-10 
14.9235227 4.362786e-11 
17.6380146 5.85962e-10 
17.6385707 4.933274e-10 
20.3535848 1.103608e-09 
20.3541172 3.476174e-10 
23.0685885 6.757302e-10 
23.0691606 8.869357e-10 
25.7841691 1.165388e-09 
25.7847191 7.495197e-10 
28.4991822 1.063391e-09 
28.4997556 1.020885e-09 
31.214764 1.059934e-09 
31.2153264 1.251405e-09 
33.9297925 1.518037e-09 
33.9303639 1.254528e-09 
36.6453888 7.369727e-10 
36.6459414 2.24169e-09 
39.3604438 9.710174e-10 
39.360991 1.351974e-09 
42.0760443 3.224916e-10 
42.0765593 2.408992e-09 
44.7911252 1.212981e-09 
44.7916266 6.874621e-10 
47.5067131 1.341928e-10 
47.5071867 2.174426e-09 
50.2218182 1.750711e-09 
50.2222818 5.801184e-10 
52.937408 5.149451e-10 
52.9378437 1.879734e-09 
55.6525409 1.656757e-09 
55.6529713 8.959352e-10 
58.3681309 1.118377e-09 
58.3685298 1.421563e-09 
61.0832855 1.568458e-09 
61.0836838 1.249811e-09 
63.7988644 1.355408e-09 
63.7992458 8.265647e-10 
66.5140348 1.010619e-09 
66.5144223 8.408891e-10 
69.2296166 7.51865e-10 
69.2299918 4.286896e-10 
71.9448008 1.861958e-10 
71.9451835 7.323777e-10 
74.6603835 4.358524e-10 
74.6607482 3.728156e-10 
77.3755746 7.357105e-11 
77.3759515 6.037635e-10 
80.0911566 6.674026e-10 
80.0915198 2.737256e-10 
82.8063553 6.28362e-10 
82.8067373 8.309556e-10 
85.521952 1.74193e-09 
85.5223063 1.539294e-10 
88.2371624 1.71991e-09 
88.2375346 1.071449e-09 
90.9527587 2.228811e-09 
90.9530885 2.430608e-10 
93.6679815 1.647534e-09 
93.6683246 1.584196e-09 
96.3835593 2.604353e-09 
96.3838659 5.174733e-10 
99.0988003 1.420954e-09 
99.0991095 2.503554e-09 
101.8143582 3.198478e-09 
101.8146393 9.061378e-10 
104.5296245 1.284458e-09 
104.5298908 2.919172e-09 
107.2451562 2.837675e-09 
107.2454055 8.520847e-10 
1.3465391 1.174089e-10 
1.3470347 6.162591e-11 
2.7042842 1.155192e-10 
4.0615823 1.281426e-10 
5.4193412 9.040848e-11 
4.0620915 7.709643e-11 
5.4198507 2.978501e-11 
6.7771472 4.774641e-11 
6.7776498 4.872815e-12 
9.4921814 9.291402e-12 
8.1349016 1.441986e-11 
9.4927006 3.905809e-12 
10.8499323 3.692294e-11 
10.8504436 1.466393e-11 
12.2077321 1.351971e-10 
13.5654787 1.950063e-10 
12.2082314 7.317366e-12 
14.9227385 3.674559e-10 
14.9232796 2.382744e-10 
16.2804888 4.710481e-10 
17.6382973 8.10825e-10 
16.2810237 3.090679e-10 
17.6388185 1.570438e-10 
18.9960531 9.052231e-10 
20.3532976 6.854707e-10 
21.7110592 9.199769e-10 
20.353865 7.386457e-10 
21.7116176 6.5401e-10 
23.068876 1.200979e-09 
24.4266408 1.101342e-09 
23.0694177 5.535578e-10 
25.7838843 7.293174e-10 
25.7844574 9.566592e-10 
27.1416484 1.087264e-09 
28.4994645 1.129706e-09 
27.1422165 8.287395e-10 
28.5000219 9.396577e-10 
29.8572347 1.006527e-09 
31.2144839 1.479014e-09 
32.572249 1.020991e-09 
31.2150573 1.095251e-09 
32.5728221 1.382796e-09 
33.9300717 8.941149e-10 
33.930633 1.742508e-09 
36.6451127 1.216202e-09 
35.287847 1.024576e-09 
36.6456757 1.416077e-09 
38.0028835 4.284587e-10 
38.0034403 2.036672e-09 
39.3607143 5.747548e-10 
40.7184857 7.241924e-10 
39.3612502 2.478558e-09 
42.0757831 1.018758e-09 
42.0763078 1.022623e-09 
43.4335531 4.189196e-10 
44.7913769 1.099522e-10 
43.4340662 1.489993e-09 
44.7918703 2.293243e-09 
46.1491396 7.517555e-11 
47.5064695 1.518538e-09 
48.8642401 8.525285e-10 
47.5069501 5.753633e-10 
48.8647052 1.333591e-09 
50.2220561 3.328574e-10 
50.2225109 2.059547e-09 
52.9371753 1.797219e-09 
51.579816 4.093311e-10 
52.9376226 6.67107e-10 
54.2949531 9.52033e-10 
54.2953741 1.183153e-09 
55.6527674 7.390324e-10 
57.0105213 1.096678e-09 
55.6531835 1.685132e-09 
58.3679125 1.55674e-09 
58.368325 1.197875e-09 
59.7256868 1.414903e-09 
61.0834963 1.448376e-09 
59.7260722 8.84576e-10 
61.0838833 1.115985e-09 
62.4412457 1.496283e-09 
63.7986592 1.45976e-09 
65.1564286 1.281631e-09 
63.799049 1.037671e-09 
65.1568034 6.400774e-10 
66.5142376 1.029965e-09 
66.5146163 6.080293e-10 
69.2294156 5.143565e-10 
67.871995 9.169289e-10 
69.2298015 7.852952e-10 
70.5871874 3.468543e-10 
70.5875608 6.749238e-10 
71.9449996 5.64848e-10 
73.302759 6.791952e-10 
71.9453691 3.734664e-10 
74.660188 5.439573e-11 
74.6605663 6.609476e-10 
76.0179538 2.9174e-10 
77.3757683 4.37859e-10 
76.0183229 5.227947e-10 
77.3761312 3.405123e-10 
78.7335265 7.299005e-10 
80.0909626 2.277044e-10 
81.4487277 7.933051e-10 
80.0913416 6.710531e-10 
81.4491017 4.509038e-10 
82.8065513 1.166326e-09 
82.8069126 2.077944e-10 
85.5217558 1.233839e-09 
84.1643172 1.297019e-09 
85.5221361 9.63266e-10 
86.8795299 1.853815e-09 
86.879896 3.805015e-10 
88.2373556 2.088953e-09 
89.5951217 1.713947e-09 
88.2376984 1.616024e-10 
90.9525721 1.779852e-09 
90.9529306 1.269994e-09 
92.3103433 2.250712e-09 
93.6681598 2.346348e-09 
92.3106841 6.955218e-10 
93.6684774 3.590845e-10 
95.0259169 2.425338e-09 
96.3833907 1.493368e-09 
97.7411513 2.34434e-09 
96.3837173 2.015502e-09 
97.7414636 1.548233e-09 
99.0989587 2.962757e-09 
99.0992535 7.033046e-10 
101.814212 1.359286e-09 
100.4567062 3.334395e-09 
101.8145008 2.874227e-09 
103.1719623 2.353519e-09 
103.172238 2.0414e-09 
104.5297578 3.159795e-09 
105.8874957 3.066216e-09 
104.5300231 9.81209e-10 
107.2450362 1.235713e-09 
107.2452797 2.566454e-09 
2.7040301 8.993824e-11 
2.7045358 6.944178e-11 
5.4195983 8.541047e-11 
8.134643 3.355709e-11 
8.1351526 3.385173e-12 
10.8501934 2.108031e-11 
13.5652117 1.966955e-10 
13.565732 1.158606e-10 
16.280764 5.47823e-10 
18.9957706 7.511476e-10 
18.9963195 5.201544e-10 
21.7113461 1.08972e-09 
24.4263528 9.79211e-10 
24.4269166 7.323504e-10 
27.1419367 1.053396e-09 
29.8569464 1.175143e-09 
29.8575178 1.017544e-09 
32.5725374 9.67732e-10 
35.287561 6.654927e-10 
35.2881296 1.837037e-09 
38.0031637 1.018973e-09 
40.7182155 3.743022e-10 
40.7187525 1.838398e-09 
43.4338109 2.841456e-10 
46.1488943 6.151652e-10 
46.1493827 1.347689e-09 
48.8644738 1.794112e-10 
51.5795928 9.569197e-10 
51.5800355 1.311762e-09 
54.2951656 6.994116e-10 
57.0103187 1.08929e-09 
57.0107195 1.038708e-09 
59.7258809 1.475163e-09 
62.4410563 1.612608e-09 
62.4414331 7.231047e-10 
65.1566169 1.19591e-09 
67.8718058 7.290319e-10 
67.8721805 6.700794e-10 
70.5873768 7.872338e-10 
73.3025708 2.322926e-10 
73.3029411 6.233162e-10 
76.0181412 6.319235e-10 
78.7333381 4.769429e-10 
78.7337092 4.676649e-10 
81.4489184 9.976536e-10 
84.1641255 1.302402e-09 
84.1644984 4.17914e-10 
86.8797197 1.517057e-09 
89.5949372 2.167143e-09 
89.5952913 4.560578e-10 
92.3105206 1.999536e-09 
95.0257478 2.274956e-09 
95.0260744 1.076667e-09 
97.7413117 2.945903e-09 
100.4565562 2.406812e-09 
100.4568512 1.9253e-09 
103.172101 3.387727e-09 
105.8873689 2.193405e-09 
105.887624 1.808517e-09 
1.3462905 3.936262e-10 
1.3467879 1.114561e-10 
2.7042842 1.12669e-10 
5.419341 8.828352e-11 
4.0618384 1.132176e-10 
5.4198507 2.909224e-11 
4.0623411 1.524402e-11 
6.7768868 7.186472e-11 
6.7774017 1.61433e-11 
9.492445 4.089669e-12 
8.1349015 1.344971e-11 
9.4929435 7.330948e-12 
10.8499323 3.686529e-11 
10.8504436 1.771188e-11 
12.2074636 1.130251e-10 
12.2079911 7.157696e-11 
13.5654787 1.997825e-10 
14.9230141 4.330899e-10 
14.9235228 4.339789e-11 
16.2804889 4.6382e-10 
17.6380145 5.808083e-10 
17.638571 5.002731e-10 
16.2810237 3.174189e-10 
18.9960533 9.133787e-10 
21.7110594 9.17521e-10 
20.353585 1.11577e-09 
21.7116176 6.530516e-10 
20.3541173 3.400784e-10 
23.0685886 6.771732e-10 
24.4266409 1.094557e-09 
23.0691608 8.783091e-10 
25.7841694 1.165555e-09 
25.7847191 7.416369e-10 
28.4991826 1.065558e-09 
27.1416487 1.082193e-09 
28.4997557 1.004269e-09 
27.1422164 8.236701e-10 
29.8572347 9.910505e-10 
32.5722493 1.016562e-09 
31.2147642 1.047657e-09 
32.5728219 1.387878e-09 
31.2153263 1.254118e-09 
33.929793 1.533599e-09 
33.9303638 1.250283e-09 
36.6453889 7.255186e-10 
35.2878468 1.013553e-09 
36.6459412 2.258122e-09 
38.0028837 4.253549e-10 
38.0034401 2.05555e-09 
39.3604443 9.95292e-10 
40.7184856 7.243414e-10 
39.3609908 1.365371e-09 
42.0760444 3.226654e-10 
42.0765592 2.433698e-09 
44.7911255 1.244312e-09 
43.4335531 4.245644e-10 
44.7916264 7.043281e-10 
43.434066 1.514263e-09 
46.1491394 7.902217e-11 
48.86424 8.610253e-10 
47.506713 1.365668e-10 
48.864705 1.352976e-09 
47.5071866 2.198545e-09 
50.2218184 1.767147e-09 
50.2222816 5.905368e-10 
52.9374079 5.194976e-10 
51.5798157 4.112537e-10 
52.9378435 1.89759e-09 
54.2949529 9.616268e-10 
54.2953739 1.191263e-09 
55.6525412 1.658582e-09 
57.0105209 1.102513e-09 
55.652971 9.032313e-10 
58.3681308 1.141455e-09 
58.3685296 1.431366e-09 
61.0832859 1.591568e-09 
59.7256868 1.443267e-09 
61.0836835 1.257831e-09 
59.7260719 8.857718e-10 
62.4412454 1.505341e-09 
65.1564287 1.306428e-09 
63.7988644 1.377866e-09 
65.1568031 6.47019e-10 
63.7992455 8.381066e-10 
66.5140352 1.032573e-09 
66.5144221 8.533994e-10 
69.2296167 7.565005e-10 
67.8719948 9.268188e-10 
69.2299917 4.372596e-10 
70.5871875 3.523687e-10 
70.5875605 6.83811e-10 
71.9448011 1.85226e-10 
73.302759 6.913807e-10 
71.9451834 7.441559e-10 
74.6603836 4.404858e-10 
74.6607481 3.778858e-10 
77.3755748 7.463012e-11 
76.0179539 2.985422e-10 
77.3759515 6.133319e-10 
76.0183228 5.327794e-10 
78.7335265 7.407535e-10 
81.4487279 7.988703e-10 
80.0911567 6.69855e-10 
81.4491015 4.588197e-10 
80.0915197 2.797162e-10 
82.8063556 6.209205e-10 
82.8067373 8.358818e-10 
85.5219521 1.738142e-09 
84.1643172 1.299196e-09 
85.5223063 1.538955e-10 
86.8795301 1.858092e-09 
86.8798958 3.783527e-10 
88.2371628 1.704658e-09 
89.5951216 1.716667e-09 
88.2375345 1.07158e-09 
90.9527588 2.234634e-09 
90.9530884 2.296139e-10 
93.6679819 1.639546e-09 
92.3103436 2.26228e-09 
93.6683245 1.580479e-09 
92.3106838 6.809772e-10 
95.0259169 2.431124e-09 
97.7411516 2.360778e-09 
96.3835595 2.617346e-09 
97.7414634 1.530103e-09 
96.3838659 4.989686e-10 
99.0988007 1.425041e-09 
99.0991095 2.49794e-09 
101.8143584 3.210494e-09 
100.4567063 3.337919e-09 
101.8146393 8.971556e-10 
103.1719625 2.37207e-09 
103.1722378 2.026625e-09 
104.5296247 1.299839e-09 
105.8874957 3.052955e-09 
104.5298909 2.907916e-09 
107.2451564 2.834973e-09 
107.2454055 8.425938e-10 
1.3465392 1.160018e-10 
1.3470346 6.249449e-11 
4.0615822 1.277286e-10 
4.0620915 7.573553e-11 
6.7771472 4.72554e-11 
6.7776499 4.782858e-12 
9.4921813 1.214081e-11 
9.4927007 4.927426e-12 
12.2077322 1.366608e-10 
12.2082315 8.838777e-12 
14.9227385 3.627636e-10 
14.9232798 2.453898e-10 
17.6382976 8.196813e-10 
17.6388185 1.548825e-10 
20.3532977 6.866782e-10 
20.3538652 7.344577e-10 
23.0688763 1.203908e-09 
23.0694176 5.530335e-10 
25.7838846 7.330864e-10 
25.7844574 9.435106e-10 
28.4994646 1.12169e-09 
28.5000217 9.465415e-10 
31.2144843 1.492246e-09 
31.2150571 1.090473e-09 
33.9300717 8.78623e-10 
33.9306328 1.756822e-09 
36.6451131 1.233655e-09 
36.6456754 1.426671e-09 
39.3607141 5.613684e-10 
39.36125 2.497311e-09 
42.0757833 1.039477e-09 
42.0763076 1.039659e-09 
44.7913768 1.078073e-10 
44.7918702 2.311132e-09 
47.5064696 1.545425e-09 
47.5069498 5.871195e-10 
50.2220559 3.371674e-10 
50.2225107 2.074706e-09 
52.9371755 1.803903e-09 
52.9376223 6.709951e-10 
55.6527671 7.516241e-10 
55.6531833 1.693394e-09 
58.3679129 1.562042e-09 
58.3683246 1.201072e-09 
61.0834961 1.470551e-09 
61.0838831 1.119745e-09 
63.7986596 1.479123e-09 
63.7990487 1.046836e-09 
66.5142376 1.041836e-09 
66.5146161 6.099288e-10 
69.2294161 5.183936e-10 
69.2298013 7.976268e-10 
71.9449997 5.738276e-10 
71.945369 3.749137e-10 
74.6601883 5.47436e-11 
74.6605663 6.732673e-10 
77.3757684 4.478717e-10 
77.3761311 3.463155e-10 
80.0909629 2.324537e-10 
80.0913416 6.810443e-10 
82.8065514 1.178345e-09 
82.8069126 2.102286e-10 
85.5217561 1.25075e-09 
85.5221361 9.620522e-10 
88.2373557 2.112057e-09 
88.2376984 1.520567e-10 
90.9525725 1.810215e-09 
90.9529306 1.258114e-09 
93.6681599 2.374921e-09 
93.6684774 3.357257e-10 
96.383391 1.522396e-09 
96.3837173 1.99854e-09 
99.0989589 2.981643e-09 
99.0992535 6.857423e-10 
101.8142123 1.384299e-09 
101.8145009 2.860226e-09 
104.529758 3.157809e-09 
104.5300231 9.742236e-10 
107.2450363 1.249849e-09 
107.2452797 2.549886e-09 
109.960445 1.264376e-09 
108.6028898 2.517005e-09 
109.9606675 1.971019e-09 
111.3181765 1.789711e-09 
111.3183959 9.704288e-10 
112.6759483 2.026925e-09 
114.033675 1.704408e-09 
112.6761692 3.038535e-10 
115.3912545 1.502276e-09 
115.3914421 9.607678e-10 
116.7489776 1.752783e-09 
118.1067394 1.548815e-09 
116.7491652 4.170791e-10 
118.1069324 7.775644e-11 
119.4644589 1.180752e-09 
120.8220572 1.063945e-09 
122.1797727 1.07038e-09 
120.8222209 4.683111e-10 
122.1799348 1.891803e-10 
123.5375294 6.945725e-10 
123.5376977 9.819387e-11 
126.2528329 1.71986e-10 
124.8952393 5.123668e-10 
126.2529975 3.804681e-10 
127.6105392 1.798638e-10 
127.6107015 2.738039e-10 
128.96829 3.272712e-10 
130.3259928 3.696835e-10 
128.9684563 1.816202e-10 
131.6835724 1.245112e-10 
131.6837436 5.318137e-10 
133.0412722 3.564721e-10 
134.3990164 6.156941e-10 
133.0414417 4.114436e-10 
134.3991839 3.081108e-10 
135.7567179 8.561479e-10 
137.1143011 1.312714e-10 
138.4719923 5.615133e-10 
137.1144615 9.779378e-10 
138.4721571 6.510598e-10 
139.8297313 8.346637e-10 
139.8298884 6.288493e-10 
142.5450129 1.144105e-09 
141.1874279 1.196347e-09 
142.5451667 1.019889e-09 
143.9026904 1.225682e-09 
143.9028542 7.392014e-10 
145.2604248 1.485202e-09 
146.6181106 1.486052e-09 
145.2605755 6.553861e-10 
147.9757039 1.323838e-09 
147.9758417 1.021966e-09 
149.3333725 9.610904e-10 
150.691097 7.545916e-10 
149.3335147 8.669686e-10 
150.6912233 1.051881e-09 
152.0487716 7.071609e-10 
153.4063865 9.10675e-10 
154.7640481 6.76735e-10 
153.4064857 9.37932e-10 
154.7641429 1.18447e-09 
156.1217527 4.180119e-10 
156.1218341 2.063085e-09 
158.8370372 1.592524e-09 
157.4794107 4.923586e-10 
158.8370997 9.414465e-10 
160.1946867 6.344256e-10 
160.1947366 1.528316e-09 
161.552372 1.690165e-10 
162.9100067 2.535022e-10 
161.5524093 2.163297e-09 
164.2676517 9.297358e-10 
164.2676753 8.487613e-10 
165.6252884 1.803677e-10 
166.9829605 2.497534e-10 
165.6252915 1.81624e-09 
166.9829543 2.380756e-09 
168.3405742 9.729839e-10 
169.6982454 7.23351e-10 
171.055869 4.850012e-10 
169.6982288 1.71862e-09 
171.0558312 2.108827e-09 
172.413525 7.033707e-10 
172.4134879 2.397527e-09 
175.1287963 1.422587e-09 
173.7711242 1.173448e-09 
175.128765 1.341961e-09 
176.4864073 9.326736e-10 
176.4863618 1.317857e-09 
177.8440494 1.072327e-09 
179.2016429 1.088654e-09 
177.8440123 1.269523e-09 
180.5593062 9.742555e-10 
180.5592777 9.534672e-10 
181.9169081 8.519215e-10 
183.2745456 1.125815e-09 
181.9168767 9.336163e-10 
183.274526 7.181811e-10 
184.6321396 8.840356e-10 
185.9897977 8.408285e-10 
187.347392 8.021866e-10 
185.9897771 5.852506e-10 
187.3473794 4.316672e-10 
188.705028 7.213663e-10 
188.7050306 2.113567e-10 
191.4202542 5.285231e-10 
190.0626238 3.965708e-10 
191.4202664 1.556059e-10 
192.7778474 4.178961e-10 
192.7778719 5.175691e-11 
194.1354842 2.042221e-10 
195.4930867 8.126277e-11 
194.1355265 2.925211e-11 
196.8506755 1.300327e-10 
196.8507339 1.381906e-11 
198.2082788 4.258548e-11 
199.5659213 4.013994e-11 
198.2083437 6.651503e-12 
199.5659954 1.528552e-12 
200.9235318 1.951966e-11 
202.2811047 6.832539e-11 
203.6387168 8.95075e-11 
202.2811767 3.649005e-11 
203.6387866 3.692424e-11 
204.9963635 1.012295e-10 
204.9964262 3.887727e-11 
206.3539496 2.410577e-10 
108.6027739 1.955913e-09 
109.9605529 2.383413e-09 
108.60301 1.380789e-09 
109.9607874 5.735268e-10 
111.3182828 2.040364e-09 
112.6758506 1.369797e-09 
114.0335773 1.746925e-09 
112.6760546 1.41391e-09 
114.0337809 6.755079e-10 
115.3913432 1.800249e-09 
115.3915508 1.496971e-10 
118.1066572 1.455826e-09 
116.7490666 1.468866e-09 
118.1068306 6.607807e-10 
119.4643767 1.582009e-09 
119.4645495 2.454648e-10 
120.8221357 1.177047e-09 
122.1798506 8.658148e-10 
120.8223146 6.607167e-11 
123.5374501 5.05284e-10 
123.537611 4.082303e-10 
124.8951608 4.77358e-10 
126.2529149 3.628821e-10 
124.8953199 2.385756e-10 
126.2530796 1.545746e-10 
127.6106205 3.140968e-10 
128.9682054 1.26238e-10 
130.3259081 2.275975e-10 
128.9683754 4.046522e-10 
130.3260759 3.291265e-10 
131.6836554 4.739388e-10 
131.6838246 2.247888e-10 
134.3989371 8.867303e-11 
133.0413574 6.127371e-10 
134.3991042 7.795687e-10 
135.7566335 4.81349e-10 
135.7568014 5.333372e-10 
137.1143749 7.205306e-10 
138.4720753 1.075973e-09 
137.1145378 4.659382e-10 
139.82966 4.915053e-10 
139.8298164 1.066774e-09 
141.1873445 8.3597e-10 
142.5450813 1.189391e-09 
141.1875094 7.380426e-10 
142.5452358 7.037922e-10 
143.9027732 1.422368e-09 
145.2603591 1.54974e-09 
146.6180316 1.335491e-09 
145.2605089 1.06012e-09 
146.6181896 7.982768e-10 
147.9757623 1.291672e-09 
147.975905 7.396638e-10 
150.6910466 9.411982e-10 
149.3334429 1.169605e-09 
150.6911669 9.403834e-10 
152.0487126 6.530335e-10 
152.0488325 9.762867e-10 
153.406428 4.573243e-10 
154.7640958 5.400098e-10 
153.406533 1.602003e-09 
156.121717 1.282623e-09 
156.1217975 1.028663e-09 
157.4793734 8.095974e-10 
158.8370674 3.910363e-10 
157.4794452 1.435139e-09 
158.8371265 2.244295e-09 
160.1947143 3.65088e-10 
161.5523471 1.411891e-09 
162.9099903 3.228451e-10 
161.5523918 7.956658e-10 
162.9100179 1.607679e-09 
164.2676687 5.667413e-11 
164.2676843 2.172327e-09 
166.9829518 6.433623e-10 
165.6252925 5.080708e-10 
166.9829537 1.288625e-09 
168.3405824 2.775227e-10 
168.3405622 2.128472e-09 
169.6982468 5.293581e-10 
171.0558526 1.2031e-09 
169.698222 2.609798e-09 
172.4135273 1.100584e-09 
172.4134999 1.674696e-09 
173.7711445 7.474955e-10 
175.1287923 8.854611e-10 
173.7710984 1.734351e-09 
175.1287516 1.817492e-09 
176.4863876 1.12532e-09 
177.8440543 1.311382e-09 
179.2016606 9.194242e-10 
177.8440239 1.090061e-09 
179.2016211 1.100654e-09 
180.5592994 1.165514e-09 
180.5592704 9.5271e-10 
183.2745543 8.350056e-10 
181.9168931 1.037292e-09 
183.2745285 8.110482e-10 
184.6321524 8.427489e-10 
184.6321294 7.289125e-10 
185.989789 9.854454e-10 
187.3473838 6.617175e-10 
185.9897794 4.600316e-10 
188.7050318 7.359619e-10 
188.7050236 3.433439e-10 
190.0626244 6.376823e-10 
191.42026 4.223155e-10 
190.0626271 1.830193e-10 
191.4202799 7.149506e-11 
192.7778586 2.018145e-10 
194.1354665 3.059861e-10 
195.493064 1.883704e-10 
194.135504 5.516568e-11 
195.4931121 2.036604e-11 
196.8507032 8.184121e-11 
196.8507673 1.4812e-11 
199.5658877 6.631798e-11 
198.2083102 1.219964e-11 
199.5659573 6.694618e-12 
200.9234967 4.730651e-11 
200.9235672 4.960996e-12 
202.2811415 6.720868e-11 
203.6387536 7.27502e-11 
202.2812121 1.020758e-11 
204.9963235 1.86495e-10 
204.9963964 7.028799e-11 
206.3539113 2.111425e-10 
206.3539818 1.018932e-10 
108.6028897 2.522065e-09 
111.3181765 1.776829e-09 
111.3183959 9.960422e-10 
114.0336748 1.733167e-09 
116.7489775 1.759771e-09 
116.7491651 4.36691e-10 
119.4644587 1.20764e-09 
122.1797725 1.083817e-09 
122.1799347 1.99055e-10 
124.895239 5.215096e-10 
127.6105389 1.835958e-10 
127.6107015 2.85286e-10 
130.3259925 3.778991e-10 
133.0412718 3.731095e-10 
133.0414417 4.259616e-10 
135.7567176 8.880832e-10 
138.4719917 5.864982e-10 
138.4721573 6.730307e-10 
141.1874278 1.238067e-09 
143.9026898 1.244784e-09 
143.9028545 7.592962e-10 
146.6181107 1.508628e-09 
149.333372 9.775982e-10 
149.3335151 8.761449e-10 
152.0487719 7.292064e-10 
154.7640478 7.034402e-10 
154.7641433 1.20197e-09 
157.479411 5.268545e-10 
160.1946865 6.540891e-10 
160.1947369 1.550637e-09 
162.910007 2.65956e-10 
165.6252883 1.749388e-10 
165.6252918 1.832442e-09 
168.3405744 9.608926e-10 
171.055869 4.755262e-10 
171.0558314 2.118629e-09 
173.7711244 1.171259e-09 
176.4864073 9.298827e-10 
176.4863619 1.332045e-09 
179.2016432 1.10746e-09 
181.9169081 8.407001e-10 
181.9168769 9.503726e-10 
184.6321399 8.960487e-10 
187.3473921 7.871154e-10 
187.3473795 4.397635e-10 
190.0626241 4.026835e-10 
192.7778477 4.157167e-10 
192.7778721 5.450031e-11 
195.4930871 8.284825e-11 
198.2082789 4.666866e-11 
198.2083439 6.126967e-12 
200.9235318 2.038635e-11 
203.6387168 9.101308e-11 
203.6387865 3.843551e-11 
206.3539497 2.465262e-10 
109.9604449 1.249506e-09 
108.6027738 1.939282e-09 
109.9606673 1.995849e-09 
108.6030101 1.40503e-09 
111.3182828 2.071002e-09 
114.0335774 1.743448e-09 
112.6759481 2.039517e-09 
114.0337809 6.994727e-10 
112.6761692 3.166645e-10 
115.3912544 1.495066e-09 
115.391442 9.851895e-10 
118.1067392 1.567031e-09 
116.7490666 1.496487e-09 
118.1069323 8.214164e-11 
119.4643768 1.588546e-09 
119.4645494 2.543097e-10 
120.8220571 1.068127e-09 
122.1798505 8.710606e-10 
120.8222207 4.779769e-10 
123.5375292 6.96296e-10 
123.5376976 1.022955e-10 
126.2528327 1.7276e-10 
124.8951609 4.780226e-10 
126.2529973 3.864984e-10 
124.8953198 2.463252e-10 
127.6106203 3.097425e-10 
130.325908 2.241402e-10 
128.9682897 3.229654e-10 
130.3260757 3.383253e-10 
128.9684563 1.894121e-10 
131.6835721 1.221958e-10 
131.6837434 5.433261e-10 
134.3990159 6.24271e-10 
133.0413571 6.138713e-10 
134.399184 3.189474e-10 
135.7566333 4.7874e-10 
135.7568012 5.451211e-10 
137.1143007 1.325266e-10 
138.4720749 1.089836e-09 
137.1144613 1.004105e-09 
139.8297308 8.509158e-10 
139.8298886 6.477307e-10 
142.5450123 1.162799e-09 
141.1873441 8.356453e-10 
142.5451666 1.053012e-09 
141.1875093 7.553275e-10 
143.9027729 1.442402e-09 
146.618031 1.339546e-09 
145.2604243 1.495258e-09 
146.6181897 8.108084e-10 
145.2605758 6.750166e-10 
147.9757031 1.347363e-09 
147.9758417 1.046839e-09 
150.6910965 7.690235e-10 
149.3334428 1.188951e-09 
150.6912236 1.071047e-09 
152.0487119 6.545406e-10 
152.0488327 9.816257e-10 
153.4063857 9.093489e-10 
154.7640957 5.656626e-10 
153.4064858 9.652449e-10 
156.1217523 4.473037e-10 
156.1218344 2.084061e-09 
158.8370365 1.577561e-09 
157.4793729 8.075743e-10 
158.8370998 9.675991e-10 
157.4794454 1.43767e-09 
160.1947143 3.836626e-10 
162.90999 3.180686e-10 
161.5523717 1.865718e-10 
162.910018 1.604525e-09 
161.5524095 2.178826e-09 
164.2676512 9.227207e-10 
164.2676753 8.532072e-10 
166.9829602 2.445792e-10 
165.6252925 5.014506e-10 
166.9829544 2.391545e-09 
168.3405821 2.670344e-10 
168.3405623 2.116301e-09 
169.698245 7.176527e-10 
171.0558525 1.185213e-09 
169.6982288 1.701923e-09 
172.4135247 6.996567e-10 
172.4134881 2.402038e-09 
175.1287959 1.411454e-09 
173.7711441 7.351517e-10 
175.128765 1.332118e-09 
173.7710985 1.722343e-09 
176.4863876 1.122072e-09 
179.2016603 9.02783e-10 
177.8440492 1.083115e-09 
179.2016214 1.099137e-09 
177.8440124 1.270741e-09 
180.5593059 9.677535e-10 
180.5592778 9.58515e-10 
183.2745455 1.127164e-09 
181.9168931 1.037609e-09 
183.2745261 7.18138e-10 
184.6321521 8.209657e-10 
184.6321296 7.268633e-10 
185.9897973 8.355473e-10 
187.3473839 6.609029e-10 
185.9897772 5.849793e-10 
188.7050279 7.170254e-10 
188.7050307 2.116306e-10 
191.420254 5.228454e-10 
190.0626243 6.239254e-10 
191.4202665 1.547656e-10 
190.0626273 1.837442e-10 
192.7778589 2.032981e-10 
195.493064 1.879367e-10 
194.1354843 2.076895e-10 
195.4931123 2.054746e-11 
194.1355266 2.920499e-11 
196.8506754 1.32491e-10 
196.8507342 1.434688e-11 
199.5659213 4.426515e-11 
198.2083104 1.342255e-11 
199.5659955 1.419538e-12 
200.9234967 4.977836e-11 
200.9235672 5.002388e-12 
202.2811046 7.121555e-11 
203.6387536 7.368775e-11 
202.2811767 3.763471e-11 
204.9963635 1.012551e-10 
204.9964262 4.198289e-11 
206.3539117 2.089341e-10 
206.3539819 1.07909e-10 
109.9605528 2.394909e-09 
109.9607873 5.847148e-10 
112.6758505 1.354584e-09 
112.6760546 1.438637e-09 
115.3913431 1.814381e-09 
115.3915508 1.538477e-10 
118.1066572 1.449125e-09 
118.1068306 6.672339e-10 
120.8221358 1.173691e-09 
120.8223146 6.707566e-11 
123.5374502 5.067176e-10 
123.537611 4.063156e-10 
126.2529149 3.507336e-10 
126.2530795 1.600254e-10 
128.9682057 1.232682e-10 
128.9683752 4.021137e-10 
131.6836554 4.59166e-10 
131.6838244 2.299152e-10 
134.3989375 8.102478e-11 
134.3991039 7.735579e-10 
137.1143747 7.038263e-10 
137.1145376 4.734349e-10 
139.8296602 4.975516e-10 
139.8298161 1.06952e-09 
142.545081 1.181721e-09 
142.5452357 7.131359e-10 
145.260359 1.578105e-09 
145.2605086 1.072749e-09 
147.9757618 1.292351e-09 
147.9759051 7.4644e-10 
150.6910461 9.507175e-10 
150.6911668 9.55014e-10 
153.4064275 4.63865e-10 
153.4065332 1.601601e-09 
156.1217165 1.248063e-09 
156.1217974 1.038309e-09 
158.837067 3.954443e-10 
158.8371267 2.236862e-09 
161.5523466 1.378596e-09 
161.5523917 7.949336e-10 
164.2676684 5.674757e-11 
164.2676844 2.161135e-09 
166.9829514 6.283417e-10 
166.9829536 1.269809e-09 
169.6982465 5.2393e-10 
169.6982221 2.594451e-09 
172.4135269 1.077041e-09 
172.4134997 1.648068e-09 
175.1287919 8.818061e-10 
175.1287517 1.800612e-09 
177.8440538 1.285942e-09 
177.8440238 1.075545e-09 
180.559299 1.156855e-09 
180.5592706 9.399313e-10 
183.2745538 8.263491e-10 
183.2745285 8.006434e-10 
185.9897887 9.738073e-10 
185.9897796 4.515638e-10 
188.7050314 7.287141e-10 
188.7050236 3.377482e-10 
191.4202599 4.187734e-10 
191.4202801 6.953027e-11 
194.1354663 2.997434e-10 
194.1355042 5.534151e-11 
196.8507032 8.476431e-11 
196.8507675 1.457967e-11 
199.5658875 6.725608e-11 
199.5659573 7.135955e-12 
202.2811415 6.771802e-11 
202.281212 1.106121e-11 
204.9963239 1.828929e-10 
204.9963964 7.368709e-11 
109.9604448 1.238226e-09 
108.6028897 2.546218e-09 
109.9606673 2.012329e-09 
111.3181765 1.771984e-09 
111.3183959 1.016064e-09 
112.6759481 2.052654e-09 
114.0336749 1.758976e-09 
112.6761692 3.18101e-10 
115.3912545 1.482467e-09 
115.3914421 9.870795e-10 
116.7489777 1.758266e-09 
118.1067394 1.559405e-09 
116.7491651 4.416426e-10 
118.1069323 7.898344e-11 
119.4644588 1.207345e-09 
120.8220573 1.061147e-09 
122.1797728 1.077508e-09 
120.8222209 4.685719e-10 
122.1799347 2.003864e-10 
123.5375295 6.779535e-10 
123.5376975 1.039503e-10 
126.2528332 1.725844e-10 
124.895239 5.08884e-10 
126.2529973 3.77725e-10 
127.6105392 1.75298e-10 
127.6107013 2.878314e-10 
128.9682901 3.072031e-10 
130.3259924 3.652189e-10 
128.9684561 1.904526e-10 
131.683573 1.13947e-10 
131.6837432 5.244598e-10 
133.041272 3.515274e-10 
134.3990162 5.882382e-10 
133.0414414 4.272659e-10 
134.3991837 3.173526e-10 
135.7567173 8.672724e-10 
137.1143016 1.253153e-10 
138.4719918 5.579145e-10 
137.114461 9.726598e-10 
138.472157 6.751125e-10 
139.8297309 8.145911e-10 
139.8298882 6.432525e-10 
142.545013 1.17651e-09 
141.1874275 1.22631e-09 
142.5451662 1.033607e-09 
143.9026896 1.230324e-09 
143.9028543 7.653118e-10 
145.2604242 1.480147e-09 
146.6181103 1.515961e-09 
145.2605755 6.690956e-10 
147.9757034 1.365676e-09 
147.9758414 1.045145e-09 
149.3333715 9.664128e-10 
150.6910962 7.622614e-10 
149.333515 8.802902e-10 
150.6912236 1.058032e-09 
152.0487715 7.432776e-10 
153.4063856 8.883888e-10 
154.7640471 6.755152e-10 
153.4064856 9.583063e-10 
154.7641433 1.190352e-09 
156.1217519 4.275134e-10 
156.1218344 2.05572e-09 
158.8370363 1.526882e-09 
157.4794107 5.324736e-10 
158.8370996 9.499739e-10 
160.194686 6.292943e-10 
160.1947369 1.528964e-09 
161.5523715 1.729014e-10 
162.9100068 2.635278e-10 
161.5524095 2.148254e-09 
164.267651 8.956556e-10 
164.2676752 8.334221e-10 
165.6252879 1.681965e-10 
166.98296 2.446175e-10 
165.6252918 1.803726e-09 
166.9829544 2.359434e-09 
168.3405742 9.466564e-10 
169.6982447 6.958361e-10 
171.0558685 4.653958e-10 
169.6982286 1.676913e-09 
171.0558314 2.085768e-09 
172.4135244 6.946242e-10 
172.4134881 2.370095e-09 
175.1287956 1.378031e-09 
173.7711242 1.153674e-09 
175.1287649 1.306896e-09 
176.4864068 9.105385e-10 
176.486362 1.307763e-09 
177.8440488 1.064733e-09 
179.201643 1.090502e-09 
177.8440126 1.245578e-09 
180.5593054 9.463282e-10 
180.5592777 9.358289e-10 
181.9169076 8.186528e-10 
183.274545 1.10546e-09 
181.916877 9.322299e-10 
183.2745263 7.002024e-10 
184.6321397 8.803664e-10 
185.9897969 8.32716e-10 
187.3473916 7.71356e-10 
185.9897771 5.700591e-10 
187.3473796 4.296609e-10 
188.7050276 7.084919e-10 
188.7050308 2.037796e-10 
191.4202538 5.144179e-10 
190.062624 3.981931e-10 
191.4202666 1.519959e-10 
192.7778475 4.064788e-10 
192.7778722 5.317361e-11 
194.1354842 2.049905e-10 
195.4930871 8.36183e-11 
194.1355267 2.81162e-11 
196.8506752 1.260601e-10 
196.8507342 1.567133e-11 
198.2082788 4.644669e-11 
199.5659212 4.355453e-11 
198.2083439 6.575968e-12 
199.5659955 1.422129e-12 
200.9235318 1.99709e-11 
202.2811047 6.851212e-11 
203.638717 8.921641e-11 
202.2811767 3.785514e-11 
203.6387865 4.012171e-11 
204.9963636 9.758604e-11 
204.9964262 4.526481e-11 
206.3539498 2.485945e-10 
108.6027738 1.939629e-09 
108.6030101 1.415632e-09 
111.3182829 2.088346e-09 
114.0335776 1.744402e-09 
114.0337809 6.961593e-10 
116.7490668 1.49091e-09 
119.4643771 1.57545e-09 
119.4645495 2.473117e-10 
122.1798507 8.500384e-10 
124.8951613 4.659669e-10 
124.8953197 2.424318e-10 
127.6106204 2.957613e-10 
130.3259085 2.062026e-10 
130.3260754 3.325228e-10 
133.041357 5.853817e-10 
135.7566338 4.369844e-10 
135.7568008 5.351285e-10 
138.4720747 1.045712e-09 
141.1873444 8.002677e-10 
141.1875088 7.445452e-10 
143.9027725 1.419194e-09 
146.618031 1.320945e-09 
146.6181893 8.091022e-10 
149.3334423 1.191562e-09 
152.0487116 6.231192e-10 
152.0488324 9.71881e-10 
154.7640952 5.564195e-10 
157.4793725 7.603946e-10 
157.4794452 1.405718e-09 
160.1947139 3.681026e-10 
162.9099896 3.002615e-10 
162.9100179 1.567817e-09 
165.6252922 4.948739e-10 
168.3405817 2.67542e-10 
168.3405622 2.076821e-09 
171.0558522 1.173998e-09 
173.7711437 7.236243e-10 
173.7710985 1.686164e-09 
176.4863873 1.098682e-09 
179.2016597 8.834604e-10 
179.2016214 1.068252e-09 
181.9168928 1.007932e-09 
184.6321515 8.121876e-10 
184.6321296 7.038203e-10 
187.3473836 6.459634e-10 
190.0626239 6.161401e-10 
190.0626274 1.757539e-10 
192.7778587 1.99529e-10 
195.4930637 1.821694e-10 
195.4931123 2.090681e-11 
198.2083103 1.362153e-11 
200.9234966 4.798268e-11 
200.9235672 4.704025e-12 
203.6387536 7.230708e-11 
206.3539118 2.106473e-10 
206.353982 1.10022e-10 
109.9605529 2.407803e-09 
108.6028898 2.556144e-09 
109.9607874 5.814468e-10 
111.3181766 1.78153e-09 
111.3183959 1.002698e-09 
112.6758506 1.350771e-09 
114.0336751 1.7451e-09 
112.6760547 1.431496e-09 
115.3913434 1.807509e-09 
115.3915508 1.46334e-10 
118.1066574 1.43785e-09 
116.7489779 1.750864e-09 
118.1068308 6.512253e-10 
116.7491652 4.248584e-10 
119.4644591 1.180747e-09 
122.1797731 1.059247e-09 
120.8221362 1.149807e-09 
122.1799347 1.913257e-10 
120.8223145 6.436245e-11 
123.5374507 5.016813e-10 
123.5376112 3.93446e-10 
126.2529155 3.39118e-10 
124.8952393 4.926553e-10 
126.2530793 1.585109e-10 
127.6105396 1.66975e-10 
127.6107012 2.781435e-10 
128.9682064 1.216243e-10 
130.3259926 3.504125e-10 
128.9683753 3.865039e-10 
131.683656 4.342578e-10 
131.6838241 2.238575e-10 
134.3989386 7.173093e-11 
133.0412726 3.230303e-10 
134.3991038 7.356359e-10 
133.0414412 4.136719e-10 
135.7567174 8.234672e-10 
138.4719925 5.176287e-10 
137.1143753 6.555953e-10 
138.4721565 6.544326e-10 
137.1145372 4.615177e-10 
139.8296614 4.952376e-10 
139.8298158 1.02161e-09 
142.5450814 1.147908e-09 
141.1874274 1.178012e-09 
142.5452353 6.948935e-10 
143.9026901 1.204434e-09 
143.9028538 7.488932e-10 
145.26036 1.583354e-09 
146.6181099 1.498078e-09 
145.2605083 1.046029e-09 
147.9757619 1.280796e-09 
147.9759047 7.272853e-10 
150.6910467 9.464271e-10 
149.3333717 9.452447e-10 
150.6911665 9.387035e-10 
149.3335145 8.735985e-10 
152.048771 7.30206e-10 
154.7640471 6.328527e-10 
153.4064273 4.37371e-10 
154.7641429 1.16588e-09 
153.406533 1.567824e-09 
156.1217168 1.213008e-09 
156.1217971 1.006275e-09 
158.8370668 3.588624e-10 
157.4794102 5.013606e-10 
158.8371265 2.194677e-09 
160.1946859 5.953994e-10 
160.1947366 1.493273e-09 
161.5523467 1.344443e-09 
162.9100064 2.493712e-10 
161.5523915 7.657114e-10 
164.2676683 4.935894e-11 
164.2676843 2.122307e-09 
166.9829514 6.117645e-10 
165.6252878 1.703036e-10 
166.9829535 1.253101e-09 
165.6252915 1.770835e-09 
168.3405739 9.497294e-10 
171.0558683 4.691707e-10 
169.6982463 5.282775e-10 
171.0558312 2.055334e-09 
169.698222 2.556822e-09 
172.4135268 1.054399e-09 
172.4134996 1.632273e-09 
175.1287917 8.676253e-10 
173.7711238 1.144563e-09 
175.1287518 1.770539e-09 
176.4864065 9.010829e-10 
176.4863619 1.27896e-09 
177.8440536 1.260255e-09 
179.2016426 1.060987e-09 
177.8440237 1.051825e-09 
180.5592987 1.128577e-09 
180.5592707 9.179789e-10 
183.2745535 8.198296e-10 
181.9169071 8.16911e-10 
183.2745284 7.778539e-10 
181.9168769 9.043816e-10 
184.6321393 8.580029e-10 
187.3473913 7.768303e-10 
185.9897884 9.615209e-10 
187.3473796 4.154039e-10 
185.9897796 4.386705e-10 
188.7050312 7.28951e-10 
188.7050235 3.304554e-10 
191.4202598 4.140776e-10 
190.0626237 3.889494e-10 
191.4202802 6.541657e-11 
192.7778471 4.027826e-10 
192.7778722 4.967983e-11 
194.1354662 2.909241e-10 
195.4930868 8.261731e-11 
194.1355041 5.610603e-11 
196.850703 8.00912e-11 
196.8507675 1.50069e-11 
199.5658875 6.27029e-11 
198.2082786 4.213211e-11 
199.5659572 6.755321e-12 
198.2083438 7.446847e-12 
200.9235317 1.885172e-11 
203.6387171 8.653235e-11 
202.2811415 6.485614e-11 
203.6387866 3.959134e-11 
202.281212 1.13064e-11 
204.9963241 1.827887e-10 
204.9963964 7.349783e-11 
206.3539499 2.442515e-10 
109.9604449 1.246059e-09 
109.9606675 1.997628e-09 
112.6759484 2.047219e-09 
112.6761692 3.06348e-10 
115.3912546 1.482542e-09 
115.3914423 9.634212e-10 
118.1067398 1.537084e-09 
118.1069323 7.287344e-11 
120.8220576 1.051855e-09 
120.8222212 4.535945e-10 
123.53753 6.651539e-10 
123.5376975 1.010004e-10 
126.2528337 1.722446e-10 
126.2529976 3.670457e-10 
128.9682906 3.02931e-10 
128.9684559 1.833316e-10 
131.6835737 1.120934e-10 
131.6837433 5.023719e-10 
134.3990169 5.588343e-10 
134.3991834 3.056047e-10 
137.1143026 1.202063e-10 
137.114461 9.280048e-10 
139.8297316 7.781594e-10 
139.8298878 6.219692e-10 
142.5450141 1.166095e-09 
142.5451661 9.895788e-10 
145.2604246 1.462942e-09 
145.2605751 6.45891e-10 
147.9757043 1.353566e-09 
147.9758411 1.020144e-09 
150.6910965 7.463076e-10 
150.6912232 1.030938e-09 
153.4063864 8.761904e-10 
153.4064853 9.268475e-10 
156.1217521 3.879374e-10 
156.1218341 2.018439e-09 
158.8370369 1.511008e-09 
158.8370994 9.132945e-10 
161.5523716 1.481651e-10 
161.5524093 2.113596e-09 
164.2676514 8.857966e-10 
164.267675 8.176526e-10 
166.9829601 2.506669e-10 
166.9829543 2.329133e-09 
169.6982449 6.881966e-10 
169.6982285 1.678343e-09 
172.4135245 6.956555e-10 
172.413488 2.346072e-09 
175.1287957 1.368211e-09 
175.1287648 1.301412e-09 
177.8440488 1.043581e-09 
177.8440126 1.229079e-09 
180.5593055 9.389819e-10 
180.5592776 9.166634e-10 
183.2745449 1.091481e-09 
183.2745263 6.890313e-10 
185.989797 8.363828e-10 
185.989777 5.610354e-10 
188.7050275 7.076418e-10 
188.7050308 1.987298e-10 
191.4202538 5.150387e-10 
191.4202664 1.511481e-10 
194.135484 2.003513e-10 
194.1355267 2.754781e-11 
196.8506752 1.198282e-10 
196.850734 1.602836e-11 
199.5659211 3.902728e-11 
199.5659954 1.541424e-12 
202.2811049 6.408987e-11 
202.2811767 3.680492e-11 
204.9963637 9.528117e-11 
204.9964263 4.403305e-11 
108.6027739 1.956436e-09 
109.9605531 2.404276e-09 
108.6030101 1.397462e-09 
109.9607875 5.684061e-10 
111.318283 2.068469e-09 
112.6758507 1.363751e-09 
114.0335777 1.748114e-09 
112.6760549 1.402887e-09 
114.033781 6.705502e-10 
115.3913436 1.788712e-09 
115.3915508 1.378894e-10 
118.1066575 1.438822e-09 
116.749067 1.459549e-09 
118.106831 6.349233e-10 
119.4643772 1.561787e-09 
119.4645495 2.344149e-10 
120.8221364 1.139003e-09 
122.179851 8.323999e-10 
120.8223145 6.174048e-11 
123.5374508 4.979676e-10 
123.5376114 3.874479e-10 
124.8951615 4.588397e-10 
126.2529157 3.442952e-10 
124.8953198 2.325238e-10 
126.2530793 1.523003e-10 
127.6106207 2.921149e-10 
128.9682066 1.245329e-10 
130.3259089 1.999561e-10 
128.9683755 3.791955e-10 
130.3260754 3.200376e-10 
131.6836564 4.335084e-10 
131.683824 2.153176e-10 
134.3989389 7.359557e-11 
133.0413573 5.674524e-10 
134.399104 7.183112e-10 
135.7566343 4.151894e-10 
135.7568007 5.175421e-10 
137.1143758 6.425604e-10 
138.4720749 1.005993e-09 
137.114537 4.470159e-10 
139.8296619 4.860672e-10 
139.829816 9.902433e-10 
141.187345 7.793257e-10 
142.5450819 1.135124e-09 
141.1875086 7.21224e-10 
142.5452351 6.748991e-10 
143.9027725 1.386739e-09 
145.2603607 1.556893e-09 
146.6180315 1.306632e-09 
145.2605083 1.01851e-09 
146.618189 7.959214e-10 
147.9757624 1.273614e-09 
147.9759045 7.087171e-10 
150.6910475 9.327612e-10 
149.3334422 1.175104e-09 
150.6911664 9.15094e-10 
152.048712 6.039701e-10 
152.048832 9.606291e-10 
153.4064278 4.162289e-10 
154.764095 5.261509e-10 
153.4065327 1.547572e-09 
156.1217175 1.223334e-09 
156.121797 9.77711e-10 
157.4793727 7.340264e-10 
158.8370672 3.330531e-10 
157.4794449 1.384307e-09 
158.8371263 2.176651e-09 
160.1947137 3.40995e-10 
161.5523473 1.356361e-09 
162.9099897 2.950043e-10 
161.5523914 7.493598e-10 
162.9100176 1.548216e-09 
164.2676686 4.58448e-11 
164.2676841 2.108852e-09 
166.9829518 6.156693e-10 
165.625292 4.985667e-10 
166.9829534 1.262174e-09 
168.3405818 2.789022e-10 
168.340562 2.064875e-09 
169.6982466 5.372374e-10 
171.055852 1.185655e-09 
169.6982219 2.549561e-09 
172.4135272 1.063001e-09 
172.4134996 1.649731e-09 
173.7711437 7.291844e-10 
175.128792 8.639008e-10 
173.7710983 1.675741e-09 
175.1287516 1.768344e-09 
176.4863871 1.088419e-09 
177.8440539 1.269647e-09 
179.2016597 8.888341e-10 
177.8440237 1.052395e-09 
179.2016212 1.051007e-09 
180.5592989 1.120726e-09 
180.5592705 9.171138e-10 
183.2745539 8.239148e-10 
181.9168925 9.900462e-10 
183.2745283 7.746091e-10 
184.6321514 8.290697e-10 
184.6321294 6.914536e-10 
185.9897885 9.667429e-10 
187.3473833 6.378667e-10 
185.9897795 4.391038e-10 
188.7050316 7.356479e-10 
188.7050234 3.318312e-10 
190.0626238 6.253779e-10 
191.4202598 4.157999e-10 
190.0626272 1.701253e-10 
191.4202801 6.477266e-11 
192.7778584 1.962712e-10 
194.1354663 2.918783e-10 
195.4930635 1.794777e-10 
194.1355039 5.658681e-11 
195.4931121 2.105151e-11 
196.8507029 7.467171e-11 
196.8507673 1.55579e-11 
199.5658877 5.913664e-11 
198.20831 1.260764e-11 
199.5659571 6.078889e-12 
200.9234966 4.451877e-11 
200.9235671 4.478462e-12 
202.2811416 6.26716e-11 
203.6387537 7.048218e-11 
202.281212 1.05873e-11 
204.996324 1.866641e-10 
204.9963965 6.99195e-11 
206.3539116 2.143412e-10 
206.353982 1.051325e-10 
108.6028899 2.538061e-09 
111.3181766 1.792376e-09 
111.3183959 9.745313e-10 
114.0336752 1.711666e-09 
116.7489778 1.747476e-09 
116.7491652 4.100447e-10 
119.4644591 1.164188e-09 
122.179773 1.0558e-09 
122.1799348 1.845195e-10 
124.8952394 4.949651e-10 
127.6105396 1.703906e-10 
127.6107014 2.695613e-10 
130.3259929 3.531591e-10 
133.0412728 3.263846e-10 
133.0414413 4.040968e-10 
135.7567178 8.168362e-10 
138.4719928 5.19696e-10 
138.4721566 6.398121e-10 
141.1874277 1.160354e-09 
143.9026906 1.200914e-09 
143.9028538 7.331744e-10 
146.6181101 1.480418e-09 
149.3333723 9.424193e-10 
149.3335144 8.654018e-10 
152.0487711 7.08681e-10 
154.7640477 6.337969e-10 
154.7641427 1.162675e-09 
157.4794103 4.771002e-10 
160.1946863 5.986386e-10 
160.1947364 1.492994e-09 
162.9100064 2.440948e-10 
165.6252881 1.780312e-10 
165.6252914 1.778282e-09 
168.3405739 9.665345e-10 
171.0558686 4.81303e-10 
171.0558311 2.069693e-09 
173.7711238 1.157479e-09 
176.4864068 9.151633e-10 
176.4863618 1.285199e-09 
179.2016425 1.060523e-09 
181.9169074 8.376588e-10 
181.9168767 9.0522e-10 
184.6321393 8.608152e-10 
187.3473915 7.960153e-10 
187.3473794 4.165495e-10 
190.0626236 3.883655e-10 
192.7778471 4.10199e-10 
192.777872 4.883101e-11 
195.4930866 8.134227e-11 
198.2082786 3.992474e-11 
198.2083436 7.499093e-12 
200.9235317 1.858142e-11 
203.638717 8.683472e-11 
203.6387866 3.759737e-11 
206.3539497 2.396904e-10 
109.960445 1.262111e-09 
108.6027739 1.966798e-09 
109.9606676 1.972277e-09 
108.6030101 1.376254e-09 
111.318283 2.039255e-09 
114.0335775 1.749486e-09 
112.6759484 2.031501e-09 
114.033781 6.578404e-10 
112.6761693 2.976672e-10 
115.3912546 1.495038e-09 
115.3914424 9.475476e-10 
118.1067398 1.530354e-09 
116.7490669 1.446247e-09 
118.1069324 7.214464e-11 
119.464377 1.565984e-09 
119.4645496 2.334037e-10 
120.8220575 1.054514e-09 
122.1798509 8.41583e-10 
120.8222211 4.532122e-10 
123.5375299 6.756356e-10 
123.5376976 9.744431e-11 
126.2528335 1.722905e-10 
124.8951612 4.661172e-10 
126.2529976 3.684157e-10 
124.8953199 2.300148e-10 
127.6106207 3.029337e-10 
130.3259086 2.125411e-10 
128.9682906 3.149381e-10 
130.3260757 3.17837e-10 
128.9684561 1.780213e-10 
131.6835733 1.186013e-10 
131.6837436 5.064376e-10 
134.399017 5.751469e-10 
133.0413575 5.835905e-10 
134.3991835 3.001282e-10 
135.7566341 4.413682e-10 
135.756801 5.164431e-10 
137.1143023 1.232251e-10 
138.4720752 1.024224e-09 
137.1144613 9.312155e-10 
139.8297318 7.899574e-10 
139.8298879 6.131497e-10 
142.545014 1.144742e-09 
141.1873451 8.000236e-10 
142.5451664 9.815184e-10 
141.1875089 7.171727e-10 
143.9027729 1.388383e-09 
146.6180319 1.31407e-09 
145.2604251 1.465309e-09 
146.6181891 7.893027e-10 
145.2605751 6.377221e-10 
147.9757046 1.327249e-09 
147.9758413 1.006354e-09 
150.691097 7.415628e-10 
149.3334425 1.161391e-09 
150.6912231 1.026929e-09 
152.0487126 6.214894e-10 
152.048832 9.631991e-10 
153.4063869 8.886204e-10 
154.7640953 5.159893e-10 
153.4064854 9.148269e-10 
156.1217525 3.821963e-10 
156.1218339 2.023132e-09 
158.8370374 1.550579e-09 
157.4793733 7.636984e-10 
158.8370994 9.084111e-10 
157.4794449 1.402638e-09 
160.1947139 3.392192e-10 
162.9099902 3.083808e-10 
161.5523719 1.460166e-10 
162.9100176 1.572336e-09 
161.5524091 2.12271e-09 
164.2676518 9.066662e-10 
164.2676751 8.27351e-10 
166.9829604 2.540466e-10 
165.6252921 5.068617e-10 
166.9829542 2.34227e-09 
168.3405822 2.845664e-10 
168.3405619 2.096596e-09 
169.6982453 7.044525e-10 
171.0558522 1.203834e-09 
169.6982286 1.7043e-09 
172.4135249 7.016447e-10 
172.4134879 2.363017e-09 
175.1287962 1.395603e-09 
173.7711442 7.439568e-10 
175.1287649 1.323441e-09 
173.7710982 1.705557e-09 
176.4863873 1.105069e-09 
179.2016602 9.109535e-10 
177.8440492 1.048606e-09 
179.2016211 1.070811e-09 
177.8440124 1.243503e-09 
180.5593059 9.562843e-10 
180.5592776 9.279605e-10 
183.2745453 1.104398e-09 
181.9168926 1.008448e-09 
183.2745261 7.002372e-10 
184.632152 8.475918e-10 
184.6321293 7.069465e-10 
185.9897975 8.408661e-10 
187.3473835 6.480026e-10 
185.989777 5.706789e-10 
188.7050278 7.163279e-10 
188.7050307 2.032852e-10 
191.4202541 5.236023e-10 
190.0626241 6.388264e-10 
191.4202664 1.535052e-10 
190.0626271 1.745541e-10 
192.7778583 1.976944e-10 
195.4930636 1.833367e-10 
194.135484 2.001439e-10 
195.493112 2.066817e-11 
194.1355265 2.825442e-11 
196.8506754 1.223184e-10 
196.8507338 1.490996e-11 
199.5659212 3.703749e-11 
198.20831 1.170559e-11 
199.5659953 1.613477e-12 
200.9234967 4.415363e-11 
200.9235671 4.638171e-12 
202.2811049 6.405104e-11 
203.6387536 7.077962e-11 
202.2811767 3.596212e-11 
204.9963636 9.758224e-11 
204.9964263 4.00821e-11 
206.3539113 2.144597e-10 
206.3539819 1.002254e-10 
109.9605531 2.389692e-09 
109.9607874 5.636435e-10 
112.6758507 1.37511e-09 
112.6760549 1.392154e-09 
115.3913435 1.784378e-09 
115.3915508 1.397936e-10 
118.1066574 1.450081e-09 
118.1068308 6.409092e-10 
120.8221361 1.15544e-09 
120.8223146 6.26776e-11 
123.5374504 5.002969e-10 
123.5376113 3.96037e-10 
126.2529154 3.586305e-10 
126.2530795 1.498183e-10 
128.968206 1.269178e-10 
128.9683755 3.899181e-10 
131.6836561 4.572098e-10 
131.6838243 2.158963e-10 
134.398938 8.3477e-11 
134.3991043 7.447822e-10 
137.1143756 6.815592e-10 
137.1145374 4.496512e-10 
139.8296611 4.838066e-10 
139.8298164 1.017619e-09 
142.5450819 1.159359e-09 
142.5452354 6.801225e-10 
145.2603602 1.535932e-09 
145.2605087 1.026446e-09 
147.9757626 1.278731e-09 
147.9759046 7.164832e-10 
150.6910474 9.297975e-10 
150.6911667 9.157916e-10 
153.4064281 4.271695e-10 
153.4065327 1.568126e-09 
156.1217177 1.266446e-09 
156.1217973 9.916039e-10 
158.8370675 3.519692e-10 
158.8371263 2.207036e-09 
161.5523475 1.397865e-09 
161.5523916 7.67294e-10 
164.2676688 4.968231e-11 
164.2676841 2.139825e-09 
166.982952 6.352393e-10 
166.9829536 1.283855e-09 
169.6982469 5.375563e-10 
169.6982219 2.582068e-09 
172.4135275 1.091455e-09 
172.4134998 1.675785e-09 
175.1287923 8.745489e-10 
175.1287515 1.797194e-09 
177.8440543 1.301686e-09 
177.8440238 1.075987e-09 
180.5592993 1.142835e-09 
180.5592704 9.385426e-10 
183.2745544 8.333962e-10 
183.2745284 7.951944e-10 
185.9897889 9.813723e-10 
185.9897793 4.523529e-10 
188.7050319 7.399e-10 
188.7050235 3.398121e-10 
191.4202599 4.206914e-10 
191.4202799 6.847271e-11 
194.1354665 3.010159e-10 
194.1355038 5.596493e-11 
196.850703 7.558948e-11 
196.8507672 1.540656e-11 
199.5658878 6.129438e-11 
199.5659571 6.041502e-12 
202.2811416 6.410361e-11 
202.281212 9.923922e-12 
204.9963236 1.886765e-10 
204.9963965 6.802839e-11 
