# c_kinat vs. Position.Y (2660 data points):
# Position.Y c_kinat
1.3391432 6.998555e-09 
2.696431 6.204289e-09 
2.6966335 6.591719e-09 
4.0540485 5.710567e-09 
5.411585 4.784688e-09 
4.054297 4.117853e-09 
5.4118667 2.320834e-09 
6.7692436 2.612959e-09 
8.1265293 2.074828e-09 
9.4841853 1.03655e-09 
8.1268205 1.449678e-09 
9.4845309 4.677423e-10 
10.8417678 4.548939e-10 
10.8421621 4.103398e-10 
13.5567416 5.263778e-11 
12.1994711 2.066428e-10 
13.5570986 3.188173e-10 
14.9144396 6.423493e-11 
14.9148397 5.301494e-10 
16.2720577 4.750943e-11 
17.6297811 1.865989e-10 
16.2725049 1.232213e-09 
20.3447929 1.201222e-09 
18.9870801 1.205606e-09 
18.9874276 1.393563e-09 
20.3451673 2.558504e-09 
21.7024157 1.529118e-09 
21.7028434 5.275323e-09 
24.4175006 4.755403e-09 
23.0601358 2.737645e-09 
24.417787 3.768566e-09 
25.7752144 6.321239e-09 
25.7755305 3.965228e-09 
27.1328415 5.145135e-09 
28.4905762 4.645298e-09 
27.133232 4.052494e-09 
29.8479904 6.878122e-09 
29.8482575 2.246223e-09 
31.205733 6.709847e-09 
32.5634021 4.613272e-09 
31.2060405 1.245205e-09 
32.5637902 1.118324e-09 
33.921189 4.476633e-09 
36.6363958 4.023339e-09 
35.2785904 3.251106e-09 
35.2789256 3.974947e-09 
36.6367577 3.593573e-09 
37.9941304 4.807821e-09 
37.9945408 2.60664e-09 
40.7093183 4.533534e-09 
39.3519695 4.81465e-09 
40.7097432 3.441387e-09 
42.0671733 3.507321e-09 
42.0675889 2.134749e-09 
43.4249465 1.886682e-09 
44.7827968 5.889759e-10 
43.4253694 1.976799e-09 
46.1401178 2.605481e-09 
46.1405742 6.877516e-10 
47.4979764 4.346716e-10 
48.8557542 1.799587e-10 
47.498409 2.356114e-09 
48.856189 4.018282e-09 
50.2135977 1.085779e-09 
52.9287909 1.438406e-10 
51.5709389 1.259975e-10 
51.5713879 1.846673e-09 
52.9292384 2.510367e-09 
54.2865877 4.926098e-10 
54.2870584 1.688713e-09 
57.0018283 5.960811e-10 
55.6444578 1.339671e-09 
57.0023002 1.584855e-09 
58.3597139 1.827548e-09 
58.3602016 2.932873e-09 
59.7175684 4.50578e-09 
61.0754967 6.566769e-09 
59.7180761 1.919076e-09 
62.4328667 7.604257e-09 
62.4333946 6.465112e-09 
63.7908137 1.039526e-08 
65.1487218 1.18444e-08 
63.7913309 4.487607e-09 
65.1492152 1.624987e-09 
66.5066817 7.410418e-09 
69.2220107 1.079288e-08 
67.8640377 1.546175e-08 
67.8645801 2.69876e-09 
69.2224949 3.738856e-10 
70.5799136 5.245961e-09 
70.5803353 2.112422e-09 
73.295224 6.596916e-09 
71.9378421 9.577821e-10 
73.2956886 1.801765e-09 
74.6531574 2.122578e-09 
74.6535583 5.531996e-09 
76.0110082 2.459089e-09 
77.3688838 5.564981e-09 
76.0113642 7.363972e-09 
78.7263463 7.670027e-10 
78.7266974 7.985245e-09 
80.0842223 3.240204e-09 
81.4420455 5.84192e-09 
80.0845652 6.870109e-09 
81.4424001 4.290975e-09 
82.7999144 4.920445e-09 
85.515322 4.306511e-09 
84.1574554 5.302108e-09 
84.1577607 3.175447e-09 
85.5156788 1.770058e-09 
86.8731768 2.974051e-09 
86.873578 2.024084e-09 
89.5886461 3.661026e-09 
88.2310882 1.149352e-09 
89.5889927 1.157645e-09 
90.9465488 1.841274e-09 
90.946956 1.942689e-09 
92.3044497 1.877434e-09 
93.6623965 1.895197e-09 
92.3048872 2.02445e-09 
95.0199176 2.460089e-09 
95.0203206 2.605029e-09 
96.3778498 3.406692e-09 
97.7357605 5.059289e-09 
96.3782819 3.645209e-09 
97.7361911 4.320198e-09 
99.0937044 7.512097e-09 
101.8091239 8.360784e-09 
100.4511899 5.538869e-09 
100.4516033 9.386512e-09 
101.8095327 1.153013e-08 
103.1670149 1.030149e-08 
103.1674039 1.170677e-08 
105.8824264 5.669064e-09 
104.5249402 1.208483e-08 
105.882812 1.191804e-08 
107.2403558 6.622533e-09 
107.2407206 1.017075e-08 
1.3390475 8.059272e-09 
1.3392429 6.634339e-09 
2.6965275 6.961394e-09 
2.6967501 4.929043e-09 
5.4114706 4.504957e-09 
4.0541676 5.322162e-09 
5.411717 3.95497e-09 
6.7691045 3.268486e-09 
6.7694023 1.574836e-09 
8.1266623 2.064752e-09 
9.4843444 7.394994e-10 
8.1270041 7.888189e-10 
10.8416181 3.45867e-10 
10.8419495 3.970439e-10 
12.1992974 9.987621e-11 
13.5569015 5.764463e-11 
12.1996803 3.983194e-10 
13.5573331 5.105418e-10 
14.9146197 1.432384e-10 
16.2718973 5.441163e-10 
17.629607 2.872428e-10 
16.2722608 5.862327e-10 
17.6300039 1.104204e-09 
18.9872305 3.046173e-10 
20.3449532 9.665396e-10 
18.9876751 3.094584e-09 
21.7022827 2.529438e-09 
21.7026011 2.777759e-09 
23.0599954 3.498713e-09 
24.4176173 3.578294e-09 
23.0603389 4.054744e-09 
24.4180239 5.899425e-09 
25.7753397 4.378089e-09 
27.1327361 6.927582e-09 
28.4904587 7.883532e-09 
27.1330012 3.368493e-09 
28.4907595 2.394753e-09 
29.8481013 5.395307e-09 
29.8484839 1.758403e-09 
32.563276 5.166345e-09 
31.2058578 4.3933e-09 
32.5635658 2.490231e-09 
33.9210469 5.078475e-09 
33.9213744 2.14362e-09 
35.2787488 4.73984e-09 
36.636564 5.392297e-09 
35.2791453 2.078358e-09 
37.993943 3.505255e-09 
37.9943238 4.893689e-09 
39.3517768 4.152685e-09 
40.7095361 3.955383e-09 
39.3521669 3.581145e-09 
40.709952 2.133467e-09 
42.0673844 2.684072e-09 
43.4247165 4.220308e-09 
44.7825763 1.747594e-09 
43.4251623 1.355349e-09 
44.7830011 1.616752e-09 
46.1403535 2.755193e-10 
46.1407777 3.217028e-09 
48.8555273 7.582462e-10 
47.4981973 3.69977e-10 
48.8559768 1.596968e-09 
50.213378 4.594046e-11 
50.2138126 3.095506e-09 
51.5711602 5.020154e-10 
52.9290097 1.271204e-09 
51.5716077 3.35764e-09 
54.2863706 5.319982e-11 
54.2868219 1.224492e-09 
55.6442318 3.112883e-10 
57.0020538 1.198592e-09 
55.6446949 1.934731e-09 
57.0025445 1.119656e-09 
58.3599509 2.992678e-09 
59.7173277 2.768972e-09 
61.075243 5.480138e-09 
59.717825 3.912338e-09 
61.075749 4.519436e-09 
62.4331289 9.073937e-09 
62.4336369 2.421566e-09 
65.1484425 1.280163e-08 
65.1489865 5.966438e-09 
63.7910793 8.767996e-09 
66.5064098 1.254774e-08 
66.5069183 2.197995e-09 
67.8643239 9.818598e-09 
69.2222746 3.315995e-09 
67.864785 8.675222e-10 
70.5796371 1.255768e-08 
70.5801501 2.682536e-10 
71.9375966 5.845492e-09 
73.2954752 1.967746e-09 
71.9380403 1.75399e-09 
73.2958579 5.121455e-09 
74.6533746 2.388364e-09 
76.0107931 1.553284e-09 
77.3686947 1.535949e-09 
76.0111978 5.770414e-09 
77.3690581 7.939871e-09 
78.7265245 4.775394e-09 
78.7268708 6.742181e-09 
81.4418958 3.145795e-09 
80.0843884 6.695175e-09 
81.4422111 6.360991e-09 
82.7997591 4.625311e-09 
82.8001002 3.768415e-09 
84.1575922 4.71756e-09 
85.5154792 2.38067e-09 
84.1579676 2.314479e-09 
86.873038 5.249502e-09 
86.8733563 1.251795e-09 
88.2309201 2.959359e-09 
89.5888006 1.946721e-09 
88.2313016 1.584419e-09 
89.5892239 2.262824e-09 
90.9467338 1.135519e-09 
92.3042774 2.367061e-09 
93.6621984 1.853224e-09 
92.3046552 1.605373e-09 
93.6626235 2.142416e-09 
95.0201099 2.759852e-09 
95.0205487 2.074434e-09 
97.7355594 3.784117e-09 
96.3780594 3.833994e-09 
97.7359741 5.186948e-09 
99.0934953 5.99406e-09 
99.0939202 7.321417e-09 
100.4513973 8.148074e-09 
101.8093312 1.111726e-08 
100.4518087 8.513289e-09 
103.1668127 6.324242e-09 
103.1672137 1.249162e-08 
104.5247435 8.589683e-09 
105.8826257 9.616387e-09 
104.5251292 1.290412e-08 
105.8829896 1.127589e-08 
107.2405462 9.484015e-09 
2.6964319 6.217724e-09 
2.6966331 6.690653e-09 
5.4115852 4.817058e-09 
5.4118664 2.342866e-09 
8.1265296 2.0637e-09 
8.1268208 1.440555e-09 
10.8417681 4.3611e-10 
10.842163 4.210174e-10 
13.5567414 5.709661e-11 
13.5570998 3.252091e-10 
16.2720584 4.726203e-11 
16.2725066 1.218833e-09 
18.9870803 1.230997e-09 
18.987429 1.365643e-09 
21.7024167 1.487236e-09 
21.7028445 5.314015e-09 
24.4175019 4.872673e-09 
24.4177877 3.784493e-09 
27.1328425 5.29869e-09 
27.1332315 4.152033e-09 
29.8479933 7.25031e-09 
29.8482571 2.390471e-09 
32.563403 5.005045e-09 
32.5637878 1.135371e-09 
35.2785941 3.566613e-09 
35.2789239 4.121273e-09 
37.9941308 4.991053e-09 
37.9945368 2.611407e-09 
40.7093218 4.373625e-09 
40.7097403 3.533137e-09 
43.424946 1.813521e-09 
43.4253646 2.127504e-09 
46.1401207 2.296165e-09 
46.1405707 8.321833e-10 
48.8557531 1.488523e-10 
48.8561839 4.174104e-09 
51.5709411 5.535823e-11 
51.5713842 1.90756e-09 
54.2865862 4.187353e-10 
54.2870535 1.710655e-09 
57.0018298 5.132912e-10 
57.0022966 1.475344e-09 
59.7175669 4.253588e-09 
59.718072 1.906895e-09 
62.4328678 7.204064e-09 
62.4333915 6.340626e-09 
65.1487205 1.15042e-08 
65.149212 1.648776e-09 
67.8640384 1.492659e-08 
67.8645777 2.649941e-09 
70.5799125 5.034361e-09 
70.580333 2.104011e-09 
73.2952244 6.333833e-09 
73.295687 1.778176e-09 
76.0110074 2.424793e-09 
76.0113629 7.26862e-09 
78.7263465 7.759379e-10 
78.7266965 7.921641e-09 
81.4420452 5.82683e-09 
81.4423995 4.223616e-09 
84.1574559 5.361438e-09 
84.1577605 3.114503e-09 
86.8731774 2.961362e-09 
86.8735781 1.997647e-09 
89.5886475 3.678334e-09 
89.5889934 1.119173e-09 
92.3044515 1.854482e-09 
92.3048877 1.952933e-09 
95.0199199 2.404149e-09 
95.0203222 2.520071e-09 
97.7357631 4.928423e-09 
97.7361918 4.314098e-09 
100.4511924 5.428833e-09 
100.4516051 9.329031e-09 
103.1670173 1.02085e-08 
103.1674045 1.181027e-08 
105.8824282 5.61585e-09 
105.8828133 1.196156e-08 
1.339143 7.13597e-09 
2.6965277 7.034923e-09 
2.6967498 4.935608e-09 
4.054049 5.730118e-09 
5.4114712 4.46519e-09 
5.411717 3.986025e-09 
4.0542968 4.156208e-09 
6.7692438 2.616478e-09 
9.4841857 1.013768e-09 
8.1266627 2.049322e-09 
9.4845316 4.721979e-10 
8.1270043 8.036275e-10 
10.8416184 3.257303e-10 
10.8419503 3.986294e-10 
13.5569024 5.638311e-11 
12.199472 2.074152e-10 
13.5573342 4.997533e-10 
14.9144401 7.332047e-11 
14.9148413 5.30853e-10 
16.2718979 5.631062e-10 
16.2722623 5.664852e-10 
17.6297824 1.742002e-10 
20.3447938 1.193761e-09 
18.9872318 2.88762e-10 
20.3451685 2.554886e-09 
18.9876762 3.059027e-09 
21.7022837 2.540655e-09 
21.7026022 2.761212e-09 
24.4176181 3.624688e-09 
23.0601367 2.743379e-09 
24.418024 5.923618e-09 
25.7752155 6.496417e-09 
25.7755302 4.019472e-09 
27.1327373 7.131174e-09 
27.1330009 3.440562e-09 
28.490576 4.845162e-09 
29.848101 5.645459e-09 
29.8484822 1.797708e-09 
31.2057341 7.16964e-09 
32.5632771 5.516837e-09 
32.5635635 2.584612e-09 
31.2060383 1.315967e-09 
33.9211875 4.77952e-09 
36.6363964 4.317784e-09 
35.2787471 4.97537e-09 
36.6367538 3.650329e-09 
35.2791416 2.054868e-09 
37.9939435 3.519295e-09 
37.9943198 4.925674e-09 
40.7095331 3.938127e-09 
39.3519668 4.966478e-09 
40.709947 2.125496e-09 
42.067173 3.402439e-09 
42.067584 2.240731e-09 
43.424716 3.900522e-09 
43.4251573 1.408539e-09 
44.7827933 6.55653e-10 
46.1403498 2.286296e-10 
46.1407722 3.248875e-09 
47.4979755 3.177257e-10 
48.8555263 5.810664e-10 
48.8559714 1.66645e-09 
47.4984038 2.464101e-09 
50.2135939 1.121923e-09 
52.9287898 1.386549e-10 
51.5711563 4.945199e-10 
52.9292333 2.492722e-09 
51.5716023 3.34986e-09 
54.2863698 4.782383e-11 
54.2868166 1.197841e-09 
57.0020503 1.070909e-09 
55.6444542 1.231459e-09 
57.0025394 1.120117e-09 
58.3597129 1.67083e-09 
58.360197 2.849622e-09 
59.7173273 2.528558e-09 
59.7178203 3.822668e-09 
61.0754936 6.357946e-09 
62.4331262 8.74878e-09 
62.4336325 2.445002e-09 
63.7908129 9.963878e-09 
65.1484425 1.222202e-08 
65.1489828 5.883953e-09 
63.7913271 4.455613e-09 
66.5066792 7.21244e-09 
69.2220101 1.035385e-08 
67.8643218 9.480433e-09 
69.2224919 3.807215e-10 
67.8647815 8.857091e-10 
70.579637 1.203053e-08 
70.5801473 2.459646e-10 
73.2954735 1.835231e-09 
71.9378402 8.781179e-10 
73.2958553 5.071253e-09 
74.6531569 1.984752e-09 
74.6535561 5.490282e-09 
76.010793 1.409842e-09 
76.0111956 5.745516e-09 
77.3688824 5.558476e-09 
78.7265232 4.800579e-09 
78.726869 6.649534e-09 
80.0842219 3.289242e-09 
81.4418957 3.254404e-09 
81.4422096 6.31294e-09 
80.0845639 6.793296e-09 
82.7999138 4.894404e-09 
85.5153223 4.350539e-09 
84.1575917 4.749264e-09 
85.5156783 1.73172e-09 
84.1579666 2.287843e-09 
86.8730385 5.325837e-09 
86.8733559 1.219507e-09 
89.5888011 1.942284e-09 
88.2310885 1.125322e-09 
89.5892237 2.23094e-09 
90.94655 1.846056e-09 
90.9469565 1.891835e-09 
92.3042786 2.358019e-09 
92.3046559 1.550764e-09 
93.6623979 1.833761e-09 
95.0201114 2.685296e-09 
95.0205491 2.032099e-09 
96.3778521 3.318627e-09 
97.7355611 3.696837e-09 
97.7359755 5.109881e-09 
96.3782831 3.575969e-09 
99.0937066 7.385317e-09 
101.8091263 8.235204e-09 
100.4513992 8.00068e-09 
101.8095339 1.152835e-08 
100.4518093 8.563415e-09 
103.1668145 6.226516e-09 
103.1672149 1.244679e-08 
105.8826272 9.541633e-09 
104.524942 1.202565e-08 
105.8829898 1.133519e-08 
107.2403573 6.57974e-09 
107.2407212 1.021482e-08 
1.3390478 8.029505e-09 
1.3392428 6.660588e-09 
4.0541678 5.36376e-09 
6.769105 3.228865e-09 
6.7694025 1.593434e-09 
9.484345 7.373708e-10 
12.1992982 9.183177e-11 
12.1996811 3.983203e-10 
14.9146209 1.399415e-10 
17.6296081 2.890999e-10 
17.630005 1.079496e-09 
20.3449543 9.643764e-10 
23.0599961 3.53312e-09 
23.0603391 4.048629e-09 
25.7753395 4.44824e-09 
28.4904583 8.119499e-09 
28.4907581 2.410667e-09 
31.2058557 4.536124e-09 
33.9210452 5.369337e-09 
33.9213711 2.147655e-09 
36.6365602 5.513843e-09 
39.3517738 4.201171e-09 
39.3521622 3.589765e-09 
42.0673795 2.741018e-09 
44.7825726 1.665485e-09 
44.7829959 1.608407e-09 
47.4981921 3.884138e-10 
50.2133743 2.470941e-11 
50.2138075 3.035046e-09 
52.9290048 1.229606e-09 
55.6442288 2.915686e-10 
55.64469 1.886078e-09 
58.3599467 2.899629e-09 
61.075241 5.263007e-09 
61.0757447 4.507033e-09 
63.7910761 8.612847e-09 
66.5064086 1.213796e-08 
66.5069148 2.202014e-09 
69.222272 3.189132e-09 
71.9375956 5.552092e-09 
71.9380375 1.755471e-09 
74.6533725 2.364558e-09 
77.3686939 1.523508e-09 
77.3690558 7.893611e-09 
80.0843867 6.7113e-09 
82.7997586 4.728194e-09 
82.8000985 3.728046e-09 
85.5154783 2.381808e-09 
88.2309202 3.002096e-09 
88.2313009 1.559482e-09 
90.946734 1.106355e-09 
93.6621992 1.825608e-09 
93.6626238 2.098506e-09 
96.3780604 3.763578e-09 
99.0934966 5.897743e-09 
99.093921 7.285927e-09 
101.8093324 1.099448e-08 
104.5247448 8.490769e-09 
104.5251298 1.285433e-08 
107.240547 9.396198e-09 
1.3391432 7.146278e-09 
2.6964321 6.122738e-09 
2.6966333 6.718493e-09 
4.0540492 5.659912e-09 
5.4115854 4.813756e-09 
4.054297 4.155145e-09 
5.4118666 2.337457e-09 
6.7692442 2.629551e-09 
8.1265299 2.018985e-09 
9.4841864 9.880181e-10 
8.1268211 1.460476e-09 
9.4845318 4.867479e-10 
10.8417687 4.275673e-10 
10.8421633 4.251859e-10 
13.5567422 6.173041e-11 
12.1994726 2.029958e-10 
13.5571005 3.14226e-10 
14.9144412 7.500123e-11 
14.9148414 5.073501e-10 
16.2720596 4.630734e-11 
17.6297832 1.736716e-10 
16.2725069 1.180123e-09 
18.9870814 1.217873e-09 
20.3447946 1.195863e-09 
18.9874299 1.340436e-09 
20.3451685 2.522208e-09 
21.7024177 1.508572e-09 
21.7028446 5.256761e-09 
24.4175024 4.878117e-09 
24.4177879 3.808294e-09 
23.0601368 2.779156e-09 
25.7752147 6.52338e-09 
25.7755296 3.980917e-09 
27.132842 5.379961e-09 
28.4905744 4.827151e-09 
27.1332307 4.127994e-09 
29.8479923 7.399921e-09 
29.8482555 2.403534e-09 
31.2057312 7.200688e-09 
32.5634004 5.081075e-09 
31.2060366 1.26217e-09 
32.5637858 1.129651e-09 
33.9211841 4.707737e-09 
35.2785917 3.624108e-09 
36.6363919 4.311539e-09 
35.2789204 4.07316e-09 
36.6367511 3.600491e-09 
37.9941265 4.966202e-09 
37.9945336 2.55646e-09 
40.7093182 4.190636e-09 
40.7097357 3.479414e-09 
39.3519623 4.946308e-09 
42.0671677 3.411445e-09 
42.0675808 2.145692e-09 
43.4249409 1.769055e-09 
44.7827885 6.448657e-10 
43.4253608 2.011081e-09 
46.1401165 2.118775e-09 
46.1405657 8.09948e-10 
47.4979702 3.24337e-10 
48.8557479 1.484101e-10 
47.4984006 2.300264e-09 
48.8561802 4.042032e-09 
50.2135894 1.062298e-09 
51.5709373 2.92078e-11 
52.9287853 1.346856e-10 
51.5713793 1.882992e-09 
52.9292304 2.405479e-09 
54.2865816 4.078902e-10 
54.2870498 1.669554e-09 
57.0018272 4.716463e-10 
57.0022921 1.473415e-09 
55.6444504 1.225017e-09 
58.3597098 1.659946e-09 
58.3601942 2.888873e-09 
59.7175633 4.128095e-09 
61.0754907 6.360643e-09 
59.7180683 1.944871e-09 
62.4328665 6.898199e-09 
62.4333878 6.308391e-09 
63.7908111 9.839855e-09 
65.148718 1.124501e-08 
63.7913246 4.479665e-09 
65.1492087 1.664859e-09 
66.5066771 7.15199e-09 
67.8640377 1.446472e-08 
69.222009 1.015199e-08 
67.8645748 2.613548e-09 
69.2224898 3.903548e-10 
70.5799106 4.844397e-09 
70.5803303 2.101082e-09 
73.2952239 6.037426e-09 
73.2956845 1.78207e-09 
71.9378384 8.369127e-10 
74.6531559 1.879792e-09 
74.6535541 5.494449e-09 
76.0110057 2.408797e-09 
77.3688807 5.573591e-09 
76.0113606 7.223143e-09 
78.7263461 8.049337e-10 
78.7266943 7.914802e-09 
80.0842212 3.365593e-09 
81.4420439 5.909132e-09 
80.0845619 6.785069e-09 
81.4423977 4.1891e-09 
82.7999123 4.944137e-09 
84.1574557 5.484858e-09 
85.5153217 4.440717e-09 
84.157759 3.110035e-09 
85.5156768 1.726091e-09 
86.8731767 2.99602e-09 
86.873577 2.000629e-09 
89.5886474 3.710321e-09 
89.5889929 1.098584e-09 
88.2310876 1.123847e-09 
90.9465495 1.849182e-09 
90.9469558 1.885884e-09 
92.3044514 1.827935e-09 
93.6623975 1.821444e-09 
92.3048874 1.938413e-09 
95.01992 2.381512e-09 
95.0203224 2.486876e-09 
96.3778516 3.305646e-09 
97.7357635 4.860666e-09 
96.378283 3.578333e-09 
97.736192 4.321504e-09 
99.0937063 7.351938e-09 
100.4511929 5.361342e-09 
101.8091261 8.177844e-09 
100.4516055 9.283933e-09 
101.8095339 1.146813e-08 
103.1670178 1.009637e-08 
103.1674046 1.18202e-08 
105.8824289 5.580236e-09 
105.8828135 1.188525e-08 
104.5249419 1.189172e-08 
107.2403575 6.522447e-09 
107.2407212 1.009052e-08 
2.6965278 6.988294e-09 
2.6967503 4.872899e-09 
5.4114711 4.39586e-09 
5.4117173 3.990559e-09 
8.1266629 2.051676e-09 
8.1270044 8.068923e-10 
10.841619 3.156351e-10 
10.8419504 4.095477e-10 
13.5569031 5.014217e-11 
13.5573337 4.841326e-10 
16.271899 5.559559e-10 
16.2722623 5.436803e-10 
18.9872326 3.105083e-10 
18.9876756 3.004196e-09 
21.7022843 2.486617e-09 
21.7026022 2.771327e-09 
24.4176179 3.66445e-09 
24.4180235 5.826697e-09 
27.1327359 7.062553e-09 
27.1330002 3.420027e-09 
29.8480988 5.543122e-09 
29.8484818 1.745501e-09 
32.5632733 5.398741e-09 
32.5635616 2.459681e-09 
35.2787432 4.783532e-09 
35.2791411 2.042041e-09 
37.9939382 3.372758e-09 
37.994317 4.797235e-09 
40.7095284 3.865587e-09 
40.7099462 1.992496e-09 
43.4247099 3.859166e-09 
43.4251544 1.301225e-09 
46.140345 2.403911e-10 
46.1407716 3.005328e-09 
48.8555205 5.814656e-10 
48.8559687 1.559642e-09 
51.571152 5.013164e-10 
51.5716018 3.200148e-09 
54.2863654 4.829465e-11 
54.2868142 1.202826e-09 
57.002047 1.106758e-09 
57.0025385 1.142834e-09 
59.7173246 2.494194e-09 
59.7178183 3.897304e-09 
62.433124 8.732804e-09 
62.4336313 2.473848e-09 
65.148441 1.211599e-08 
65.1489812 5.890514e-09 
67.8643204 9.410064e-09 
67.8647803 8.815514e-10 
70.5796361 1.187196e-08 
70.5801458 2.491956e-10 
73.2954722 1.798918e-09 
73.2958539 5.082514e-09 
76.0107924 1.342045e-09 
76.011194 5.770464e-09 
78.726522 4.857647e-09 
78.7268675 6.660094e-09 
81.4418953 3.336965e-09 
81.4422081 6.350558e-09 
84.1575906 4.834819e-09 
84.1579652 2.300413e-09 
86.8730379 5.383546e-09 
86.8733547 1.235498e-09 
89.5888 1.9413e-09 
89.5892229 2.256098e-09 
92.3042774 2.365926e-09 
92.304655 1.557009e-09 
95.0201102 2.690238e-09 
95.0205489 2.058013e-09 
97.7355598 3.707584e-09 
97.7359747 5.131546e-09 
100.4513981 7.991124e-09 
100.4518091 8.544579e-09 
103.1668137 6.222871e-09 
103.1672142 1.238334e-08 
105.8826266 9.468059e-09 
105.8829895 1.125355e-08 
1.3390476 7.899192e-09 
1.3392432 6.578518e-09 
2.6964313 6.050076e-09 
2.6966338 6.632357e-09 
5.4115854 4.786831e-09 
4.054168 5.332876e-09 
5.411867 2.311868e-09 
6.7691052 3.190164e-09 
6.7694027 1.609063e-09 
8.1265299 2.004593e-09 
8.126821 1.482314e-09 
9.4843452 7.54464e-10 
10.8417688 4.406768e-10 
10.8421626 4.171408e-10 
12.1992989 8.803788e-11 
13.556743 5.899175e-11 
13.5570998 3.005482e-10 
12.1996806 3.871926e-10 
14.9146209 1.250337e-10 
17.6296088 2.918665e-10 
16.2720597 4.53889e-11 
17.6300041 1.055082e-09 
16.2725055 1.167668e-09 
18.987082 1.183346e-09 
18.9874291 1.352396e-09 
20.3449542 1.002439e-09 
21.7024174 1.562772e-09 
21.7028435 5.179746e-09 
23.0599957 3.518247e-09 
24.4175014 4.770029e-09 
24.4177873 3.805087e-09 
23.0603385 3.998902e-09 
25.7753386 4.417222e-09 
28.4904557 7.944372e-09 
27.1328406 5.275978e-09 
28.4907577 2.318698e-09 
27.1332307 4.012817e-09 
29.8479889 7.117396e-09 
29.848255 2.267949e-09 
32.5633979 4.728664e-09 
31.2058536 4.299259e-09 
32.563787 1.109683e-09 
33.9210408 5.097733e-09 
33.9213707 2.062373e-09 
35.2785866 3.328496e-09 
36.6365574 5.311052e-09 
35.27892 3.898994e-09 
37.9941236 4.759617e-09 
37.9945357 2.524329e-09 
39.3517687 4.140001e-09 
40.7093125 4.21063e-09 
40.7097356 3.360566e-09 
39.3521619 3.486907e-09 
42.0673768 2.689125e-09 
44.7825675 1.772603e-09 
43.4249383 1.803602e-09 
44.7829958 1.398209e-09 
43.4253634 1.796176e-09 
46.140111 2.289092e-09 
46.1405662 6.559014e-10 
48.8557457 1.69073e-10 
47.4981897 3.096582e-10 
48.856183 3.81373e-09 
50.2133698 3.292832e-11 
50.2138077 2.860593e-09 
51.5709327 5.379384e-11 
52.9290028 1.202042e-09 
51.57138 1.808049e-09 
54.2865801 4.613961e-10 
54.2870524 1.628356e-09 
55.6442255 3.145458e-10 
57.0018241 5.000652e-10 
57.002293 1.580362e-09 
55.6446901 1.917173e-09 
58.3599454 3.019349e-09 
61.0752391 5.377577e-09 
59.7175626 4.289762e-09 
61.0757446 4.592269e-09 
59.7180703 1.98467e-09 
62.4328645 7.086204e-09 
62.4333886 6.41259e-09 
65.1487178 1.142107e-08 
63.7910753 8.715898e-09 
65.14921 1.654191e-09 
66.5064076 1.225175e-08 
66.5069146 2.214135e-09 
67.8640366 1.469549e-08 
69.2222715 3.218229e-09 
67.8645754 2.640465e-09 
70.5799104 4.933196e-09 
70.580331 2.108572e-09 
71.9375949 5.557667e-09 
73.2952232 6.107453e-09 
73.2956846 1.80399e-09 
71.938037 1.769982e-09 
74.6533717 2.362549e-09 
77.3686933 1.517269e-09 
76.0110054 2.42974e-09 
77.3690548 7.932454e-09 
76.0113605 7.290324e-09 
78.7263457 8.113875e-10 
78.7266939 7.97548e-09 
81.4420433 5.975861e-09 
80.0843857 6.759675e-09 
81.4423971 4.238589e-09 
82.7997581 4.808416e-09 
82.8000973 3.759292e-09 
84.1574551 5.50748e-09 
85.5154773 2.428833e-09 
84.1577582 3.166269e-09 
86.8731757 3.029675e-09 
86.8735763 2.029945e-09 
88.2309193 3.025221e-09 
89.588646 3.715431e-09 
89.5889918 1.124263e-09 
88.2312998 1.573264e-09 
90.9467328 1.108432e-09 
93.6621976 1.838704e-09 
92.3044496 1.835657e-09 
93.6626229 2.144251e-09 
92.3048869 2.000656e-09 
95.0199178 2.421422e-09 
95.020321 2.553227e-09 
97.7357611 4.951973e-09 
96.3780589 3.822467e-09 
97.7361915 4.331876e-09 
99.0934947 5.947087e-09 
99.0939203 7.293468e-09 
100.4511906 5.432573e-09 
101.809331 1.09738e-08 
100.451604 9.310575e-09 
103.1670158 1.012238e-08 
103.1674041 1.172385e-08 
104.5247435 8.476441e-09 
105.8824275 5.609777e-09 
105.8828124 1.17958e-08 
104.5251292 1.272911e-08 
107.2405464 9.27355e-09 
1.3391435 7.019643e-09 
4.0540489 5.597784e-09 
4.0542974 4.116754e-09 
6.7692442 2.634519e-09 
9.4841865 9.960296e-10 
9.4845313 4.922451e-10 
12.1994722 1.996954e-10 
14.9144415 6.725828e-11 
14.91484 4.913268e-10 
17.6297824 1.868486e-10 
20.3447943 1.207904e-09 
20.3451673 2.506141e-09 
23.060136 2.798954e-09 
25.7752131 6.371584e-09 
25.7755295 3.899298e-09 
28.4905736 4.619279e-09 
31.2057283 6.76168e-09 
31.2060377 1.163086e-09 
33.9211835 4.365602e-09 
36.6363885 4.008949e-09 
36.6367532 3.523897e-09 
39.3519622 4.794386e-09 
42.0671647 3.515285e-09 
42.0675837 1.993488e-09 
44.7827891 5.827699e-10 
47.4979677 4.414453e-10 
47.4984039 2.101671e-09 
50.2135904 9.988697e-10 
52.9287834 1.302908e-10 
52.9292337 2.375774e-09 
55.6444515 1.330661e-09 
58.3597088 1.798786e-09 
58.360197 2.997296e-09 
61.0754919 6.573389e-09 
63.7908107 1.017911e-08 
63.7913269 4.529574e-09 
66.5066783 7.315408e-09 
69.2220089 1.045672e-08 
69.2224914 3.886386e-10 
71.9378392 8.883176e-10 
74.6531558 1.943221e-09 
74.6535549 5.53708e-09 
77.3688809 5.582898e-09 
80.0842211 3.361276e-09 
80.084562 6.858409e-09 
82.799912 5.000856e-09 
85.5153212 4.455835e-09 
85.5156764 1.761804e-09 
88.2310867 1.14616e-09 
90.9465479 1.845681e-09 
90.9469549 1.93379e-09 
93.6623958 1.878562e-09 
96.3778491 3.387264e-09 
96.3782818 3.651622e-09 
99.0937041 7.45964e-09 
101.8091236 8.271033e-09 
101.8095328 1.142778e-08 
104.5249402 1.187163e-08 
107.240356 6.528672e-09 
107.2407206 9.971603e-09 
1.3390472 7.85057e-09 
1.3392435 6.507576e-09 
2.6965277 6.888147e-09 
2.6967509 4.825181e-09 
5.4114704 4.390906e-09 
4.0541681 5.2705e-09 
5.4117175 3.963262e-09 
6.7691048 3.202197e-09 
6.7694026 1.599386e-09 
8.1266627 2.069176e-09 
9.4843447 7.675665e-10 
8.1270042 7.932526e-10 
10.8416191 3.301523e-10 
10.8419497 4.146442e-10 
12.1992986 9.457926e-11 
13.5569026 4.827123e-11 
12.1996794 3.800302e-10 
13.5573322 4.847384e-10 
14.9146198 1.198541e-10 
16.2718992 5.335746e-10 
17.6296082 2.938945e-10 
16.2722609 5.493479e-10 
17.6300025 1.063834e-09 
18.9872317 3.430266e-10 
20.344953 1.031592e-09 
18.987674 3.004486e-09 
21.7022836 2.447467e-09 
21.702601 2.797534e-09 
23.0599947 3.481524e-09 
24.4176169 3.64765e-09 
23.0603379 3.977115e-09 
24.4180231 5.740751e-09 
25.7753383 4.330095e-09 
27.1327337 6.82613e-09 
28.4904545 7.612118e-09 
27.133 3.337691e-09 
28.4907589 2.246226e-09 
29.8480977 5.236992e-09 
29.8484832 1.676663e-09 
32.5632699 4.982707e-09 
31.2058545 4.021027e-09 
32.5635628 2.295756e-09 
33.9210398 4.660544e-09 
33.9213738 2.011758e-09 
35.2787425 4.44511e-09 
36.6365595 5.082806e-09 
35.2791444 2.064397e-09 
37.9939344 3.272384e-09 
37.9943194 4.700086e-09 
39.3517685 4.077308e-09 
40.7095285 3.855026e-09 
39.3521664 3.42148e-09 
40.7099508 1.926934e-09 
42.06738 2.620713e-09 
43.4247067 4.156268e-09 
44.7825681 1.948394e-09 
43.4251576 1.19864e-09 
44.783001 1.284596e-09 
46.1403458 3.133909e-10 
46.1407767 2.828649e-09 
48.855518 7.62806e-10 
47.4981934 2.622757e-10 
48.8559724 1.438139e-09 
50.2133708 8.392154e-11 
50.2138129 2.814341e-09 
51.5711533 5.28465e-10 
52.9290065 1.243904e-09 
51.5716068 3.11779e-09 
54.2863635 5.223356e-11 
54.286818 1.242955e-09 
55.6442265 3.651025e-10 
57.0020485 1.263977e-09 
55.644695 1.991007e-09 
57.0025431 1.160208e-09 
58.3599487 3.196432e-09 
59.7173232 2.706466e-09 
61.0752399 5.676644e-09 
59.7178216 4.037957e-09 
61.0757488 4.66113e-09 
62.4331254 9.050249e-09 
62.4336351 2.469965e-09 
65.1484401 1.262041e-08 
63.7910781 8.939301e-09 
65.1489839 5.981484e-09 
66.5064082 1.273105e-08 
66.506918 2.218722e-09 
67.8643216 9.707258e-09 
69.2222736 3.36557e-09 
67.864783 8.612222e-10 
70.5796356 1.229126e-08 
70.5801478 2.73485e-10 
71.9375954 5.852461e-09 
73.2954731 1.903577e-09 
71.9380395 1.776514e-09 
73.2958557 5.137943e-09 
74.6533734 2.385616e-09 
76.0107921 1.436761e-09 
77.3686937 1.522888e-09 
76.0111953 5.810346e-09 
77.3690565 8.004459e-09 
78.7265225 4.862529e-09 
78.7268684 6.75885e-09 
81.4418951 3.28222e-09 
80.0843868 6.771811e-09 
81.4422086 6.422942e-09 
82.7997581 4.75106e-09 
82.8000982 3.819359e-09 
84.1575905 4.857893e-09 
85.5154775 2.45821e-09 
84.1579655 2.336296e-09 
86.873037 5.347701e-09 
86.8733544 1.277757e-09 
88.2309186 2.998083e-09 
89.5887989 1.94449e-09 
88.2312998 1.609005e-09 
89.5892227 2.308141e-09 
90.9467319 1.138216e-09 
92.3042755 2.380722e-09 
93.6621958 1.875686e-09 
92.3046538 1.615541e-09 
93.6626221 2.215126e-09 
95.020108 2.767912e-09 
95.0205483 2.11614e-09 
97.7355573 3.801984e-09 
96.378057 3.927883e-09 
97.7359729 5.221516e-09 
99.0934922 6.073958e-09 
99.093919 7.336025e-09 
100.4513955 8.13081e-09 
101.809329 1.108398e-08 
100.4518085 8.487165e-09 
103.1668114 6.315788e-09 
103.1672126 1.238191e-08 
104.5247414 8.568065e-09 
105.8826248 9.495136e-09 
104.5251283 1.269462e-08 
105.8829891 1.114474e-08 
107.2405451 9.287934e-09 
2.6964307 6.100227e-09 
2.6966339 6.556353e-09 
5.4115852 4.768065e-09 
5.4118671 2.301934e-09 
8.1265295 2.038108e-09 
8.1268207 1.476665e-09 
10.8417682 4.574106e-10 
10.8421618 4.078127e-10 
13.5567426 5.384513e-11 
13.5570986 3.036914e-10 
16.2720585 4.729684e-11 
16.2725042 1.19975e-09 
18.9870812 1.178202e-09 
18.9874276 1.386773e-09 
21.7024162 1.578798e-09 
21.7028428 5.191637e-09 
24.4175003 4.698293e-09 
24.4177867 3.781561e-09 
27.1328403 5.13328e-09 
27.1332315 3.967821e-09 
29.8479877 6.80337e-09 
29.8482562 2.17356e-09 
32.5633989 4.449254e-09 
32.5637897 1.105648e-09 
35.2785858 3.10552e-09 
35.2789233 3.843723e-09 
37.994126 4.674062e-09 
37.9945401 2.556916e-09 
40.7093125 4.43512e-09 
40.7097403 3.345321e-09 
43.4249417 1.892051e-09 
43.4253687 1.776245e-09 
46.1401118 2.603612e-09 
46.1405714 5.88981e-10 
48.8557496 2.038451e-10 
48.8561885 3.797563e-09 
51.5709338 1.257985e-10 
51.5713854 1.791813e-09 
54.2865838 5.258011e-10 
54.2870577 1.63858e-09 
57.0018247 5.842252e-10 
57.002298 1.654435e-09 
59.7175657 4.530809e-09 
59.7180751 1.968486e-09 
62.4328647 7.527857e-09 
62.4333928 6.515462e-09 
65.1487201 1.179089e-08 
65.149214 1.629339e-09 
67.8640366 1.53104e-08 
67.8645786 2.694076e-09 
70.5799122 5.180974e-09 
70.580334 2.114104e-09 
73.2952233 6.452235e-09 
73.2956872 1.817001e-09 
76.0110069 2.460243e-09 
76.0113628 7.376298e-09 
78.7263458 7.870467e-10 
78.7266958 8.018439e-09 
81.4420443 5.934118e-09 
81.4423986 4.299932e-09 
84.1574549 5.39587e-09 
84.1577593 3.206991e-09 
86.8731757 3.016717e-09 
86.8735769 2.046551e-09 
89.5886452 3.686504e-09 
89.5889916 1.161745e-09 
92.3044486 1.865799e-09 
92.3048867 2.055462e-09 
95.0199162 2.471067e-09 
95.0203198 2.625639e-09 
97.7357593 5.071488e-09 
97.736191 4.330677e-09 
100.4511888 5.541132e-09 
100.4516026 9.374766e-09 
103.1670141 1.024949e-08 
103.1674036 1.165627e-08 
105.882426 5.664784e-09 
105.8828115 1.181185e-08 
1.3391434 6.930497e-09 
2.6965276 6.872048e-09 
2.6967507 4.86089e-09 
4.0540485 5.627165e-09 
5.4114701 4.455315e-09 
5.4117173 3.938464e-09 
4.0542974 4.092322e-09 
6.7692438 2.624502e-09 
9.4841858 1.024912e-09 
8.1266623 2.076784e-09 
9.4845307 4.798903e-10 
8.127004 7.825116e-10 
10.8416185 3.487142e-10 
10.8419491 4.070464e-10 
13.5569016 5.313821e-11 
12.1994712 2.01939e-10 
13.5573319 5.015086e-10 
14.9144405 6.149356e-11 
14.9148389 5.056273e-10 
16.2718981 5.2746e-10 
16.27226 5.754944e-10 
17.6297811 1.951337e-10 
20.3447933 1.213175e-09 
18.9872304 3.392753e-10 
20.3451665 2.528113e-09 
18.9876738 3.059622e-09 
21.7022826 2.472608e-09 
21.7026003 2.803626e-09 
24.4176165 3.596443e-09 
23.0601354 2.776607e-09 
24.4180234 5.788732e-09 
25.7752129 6.249484e-09 
25.77553 3.892503e-09 
27.1327339 6.740399e-09 
28.4905747 4.509685e-09 
27.1330007 3.306106e-09 
29.8480993 5.147348e-09 
29.8484845 1.684876e-09 
31.2057294 6.468893e-09 
32.5632716 4.843461e-09 
32.5635654 2.31407e-09 
31.2060401 1.153233e-09 
33.9211865 4.229496e-09 
36.6363909 3.845808e-09 
35.278746 4.422526e-09 
36.6367573 3.518969e-09 
35.279147 2.083646e-09 
37.9939374 3.368381e-09 
37.9943236 4.757979e-09 
40.7095332 3.917479e-09 
39.3519667 4.720064e-09 
40.7099543 2.008843e-09 
42.0671681 3.593447e-09 
42.0675887 1.986098e-09 
43.4247107 4.39855e-09 
43.4251625 1.229017e-09 
44.7827942 5.569962e-10 
46.140351 3.415438e-10 
46.1407804 2.954277e-09 
47.4979716 5.27291e-10 
48.8555222 8.90474e-10 
48.8559774 1.459319e-09 
47.4984091 2.136012e-09 
50.2135955 1.022176e-09 
52.9287869 1.520446e-10 
51.5711583 5.361951e-10 
52.9292386 2.439343e-09 
51.5716105 3.209721e-09 
54.2863668 7.316763e-11 
54.2868227 1.255887e-09 
57.0020527 1.328244e-09 
55.6444561 1.409223e-09 
57.0025468 1.141373e-09 
58.3597114 1.914058e-09 
58.3602016 3.025718e-09 
59.7173252 2.891954e-09 
59.7178258 4.04808e-09 
61.0754956 6.704303e-09 
62.4331284 9.264554e-09 
62.4336385 2.436057e-09 
63.7908123 1.052827e-08 
65.148441 1.305699e-08 
65.1489872 6.028291e-09 
63.7913307 4.535477e-09 
66.5066811 7.476093e-09 
69.2220099 1.085381e-08 
67.8643237 9.960975e-09 
69.2224945 3.786707e-10 
67.864786 8.51778e-10 
70.5796362 1.272e-08 
70.5801505 2.861918e-10 
73.2954749 2.010596e-09 
71.9378415 9.652116e-10 
73.2958582 5.161471e-09 
74.6531567 2.094051e-09 
74.6535575 5.561141e-09 
76.0107926 1.570656e-09 
77.3688829 5.577911e-09 
76.0111977 5.811028e-09 
78.7265241 4.813812e-09 
78.7268705 6.80836e-09 
80.0842217 3.283686e-09 
81.4418953 3.162938e-09 
81.4422105 6.428935e-09 
80.084564 6.910484e-09 
82.7999134 4.98686e-09 
85.5153214 4.370719e-09 
84.1575915 4.784287e-09 
85.5156776 1.789517e-09 
84.157967 2.343295e-09 
86.8730371 5.262938e-09 
86.8733554 1.289063e-09 
89.5887992 1.94756e-09 
88.2310871 1.162418e-09 
89.5892233 2.31166e-09 
90.9465475 1.84113e-09 
90.9469551 1.970094e-09 
92.3042755 2.382303e-09 
92.3046539 1.644713e-09 
93.6623951 1.922531e-09 
95.0201077 2.810699e-09 
95.0205482 2.127133e-09 
96.377848 3.450264e-09 
97.735557 3.849239e-09 
97.7359725 5.255071e-09 
96.3782812 3.691959e-09 
99.0937029 7.555721e-09 
101.8091222 8.384075e-09 
100.451395 8.224506e-09 
101.809532 1.146816e-08 
100.4518082 8.467413e-09 
103.1668108 6.378987e-09 
103.1672122 1.245072e-08 
105.8826243 9.589176e-09 
104.5249391 1.19944e-08 
105.8829891 1.115739e-08 
107.240355 6.591458e-09 
107.2407202 1.001685e-08 
1.3390472 7.947041e-09 
1.3392433 6.543464e-09 
4.0541678 5.261791e-09 
6.7691043 3.250008e-09 
6.7694023 1.577021e-09 
9.4843442 7.585258e-10 
12.1992976 1.018742e-10 
12.1996792 3.871174e-10 
14.914619 1.301863e-10 
17.629607 2.903229e-10 
17.6300024 1.094586e-09 
20.3449524 1.007603e-09 
23.0599945 3.466158e-09 
23.0603382 4.012406e-09 
25.7753389 4.306749e-09 
28.4904564 7.571236e-09 
28.49076 2.29267e-09 
31.2058571 4.076792e-09 
33.9210436 4.649393e-09 
33.9213761 2.056465e-09 
36.6365636 5.128091e-09 
39.3517735 4.089165e-09 
39.3521694 3.472581e-09 
42.0673847 2.611037e-09 
44.7825736 1.935386e-09 
44.7830042 1.411252e-09 
47.4981981 2.931504e-10 
50.2133759 9.495794e-11 
50.213816 2.954687e-09 
52.9290107 1.283284e-09 
55.6442304 3.694844e-10 
55.6446979 1.998046e-09 
58.3599521 3.17967e-09 
61.0752424 5.746745e-09 
61.0757515 4.613462e-09 
63.7910805 8.970444e-09 
66.5064097 1.292446e-08 
66.5069203 2.207778e-09 
69.2222756 3.426358e-09 
71.9375965 6.036818e-09 
71.9380416 1.768713e-09 
74.6533752 2.40404e-09 
77.3686946 1.537261e-09 
77.3690586 8.00976e-09 
80.0843885 6.731897e-09 
82.7997588 4.637458e-09 
82.8001 3.825098e-09 
85.5154787 2.429848e-09 
88.2309191 2.95625e-09 
88.2313009 1.615234e-09 
90.9467325 1.154383e-09 
93.6621963 1.884622e-09 
93.6626224 2.21341e-09 
96.3780573 3.934083e-09 
99.0934926 6.10202e-09 
99.093919 7.352988e-09 
101.8093291 1.11686e-08 
104.5247414 8.638483e-09 
104.5251282 1.280377e-08 
107.240545 9.421422e-09 
108.5982348 6.642245e-09 
109.9561556 5.423889e-09 
108.598579 7.534875e-09 
111.3136491 2.096396e-09 
111.314026 4.203244e-09 
112.6715831 1.575845e-09 
114.0294654 1.372743e-09 
112.6719345 3.113958e-09 
114.0298025 2.511166e-09 
115.3873894 9.371445e-10 
118.1027754 7.419169e-10 
116.7448427 1.296141e-09 
116.7452656 8.619187e-10 
118.1031699 1.786563e-09 
119.4606519 7.01068e-10 
119.4610372 2.178069e-09 
122.1759427 2.8133e-09 
120.8185618 4.623935e-10 
122.1764221 7.854991e-10 
123.533851 2.069336e-09 
123.5343028 1.515893e-09 
124.8916992 2.506049e-09 
126.2495751 3.235285e-09 
124.892148 2.053016e-09 
127.6069388 5.80635e-10 
127.6074042 4.356466e-09 
128.9648081 6.814897e-10 
130.3226256 1.204718e-09 
128.9652622 5.466816e-09 
130.3230887 5.826967e-09 
131.6804758 1.66579e-09 
134.395752 4.356775e-09 
133.0379083 4.564384e-09 
133.0382899 1.721005e-09 
134.3961497 2.435864e-09 
135.7535632 3.90921e-09 
135.753978 3.129121e-09 
138.4689143 1.329076e-08 
137.1114134 2.664339e-09 
138.4692351 2.019412e-09 
139.8267569 1.166186e-08 
139.8271058 1.827597e-09 
141.1845792 1.068431e-08 
142.5424342 8.187961e-09 
141.1849376 1.291911e-09 
143.8999093 8.17071e-09 
143.9002576 5.873868e-09 
145.2577535 6.333401e-09 
146.6155726 4.897261e-09 
145.2581159 3.774374e-09 
146.6159312 1.485451e-09 
147.97341 2.717795e-09 
150.6886066 1.725532e-10 
149.3307796 8.039423e-10 
149.3312105 1.132911e-09 
150.6890344 3.735038e-10 
152.0463979 5.974488e-11 
152.0468229 3.001566e-10 
154.7614842 1.058489e-10 
153.4042049 4.560125e-10 
154.7619776 1.034915e-09 
156.1192867 4.153611e-10 
156.119778 1.933877e-09 
157.4770526 5.885957e-10 
158.8348485 9.329996e-10 
157.4775536 3.225788e-09 
160.192099 1.466004e-09 
160.1926175 1.393832e-09 
161.5498943 1.361637e-09 
162.9076639 1.717107e-09 
161.550424 1.686552e-09 
162.9082027 2.24326e-09 
164.2654767 2.503847e-09 
166.9805087 4.89904e-09 
165.6227009 3.642664e-09 
165.6232614 3.564412e-09 
166.9810813 2.947468e-09 
168.3383008 5.904542e-09 
168.3388519 2.436139e-09 
171.0532705 4.105632e-09 
169.696128 6.686904e-09 
171.0539132 5.45377e-09 
172.4110869 6.449462e-09 
172.4117175 3.27456e-09 
173.7688861 5.307211e-09 
175.1266951 4.407413e-09 
173.7694491 2.620636e-09 
176.4837409 7.492056e-09 
176.4844469 2.24838e-09 
177.8415439 7.664599e-09 
179.1993196 4.259736e-09 
177.8422025 2.144341e-09 
179.1998816 4.129498e-09 
180.5570842 3.388822e-09 
183.2718695 3.641454e-09 
181.9140971 5.490868e-09 
181.9147904 3.288481e-09 
183.2724967 3.813306e-09 
184.6296075 1.397144e-09 
184.630146 5.256272e-09 
187.3443724 1.283809e-09 
185.9873319 1.063572e-09 
187.3450113 1.53899e-09 
188.7021133 2.615072e-10 
188.7026959 1.359003e-09 
190.0598198 1.821826e-10 
191.4175248 2.514743e-10 
190.0603485 1.261551e-09 
192.7745708 6.047916e-10 
192.7751997 3.544306e-10 
194.1322872 4.674607e-10 
195.4899741 3.038589e-10 
194.1328871 3.321417e-10 
195.4905576 1.919604e-10 
196.8476745 3.432738e-10 
199.5623547 1.847783e-09 
198.2046537 9.056044e-10 
198.2053544 2.790026e-10 
199.5630529 3.115505e-10 
200.9200351 2.552935e-09 
200.9207375 4.934262e-10 
203.6346222 2.955285e-09 
202.2777401 3.422359e-09 
203.6354295 4.383873e-09 
204.9923297 3.707135e-09 
204.9931363 4.896209e-09 
206.3499758 4.882687e-09 
206.3507786 6.103956e-09 
108.5980391 3.8932e-09 
109.9559699 3.763867e-09 
108.5984141 8.227917e-09 
109.9563209 5.925401e-09 
111.3138496 3.451833e-09 
111.3141831 3.932952e-09 
114.0292535 1.138651e-09 
112.6717725 2.434751e-09 
114.0296469 1.914572e-09 
115.3871888 6.226687e-10 
115.3875554 2.289021e-09 
116.7450707 5.600053e-10 
118.1029906 3.117532e-10 
116.745426 2.538808e-09 
119.4604074 2.216018e-09 
119.460862 3.402818e-10 
120.8183306 1.499143e-09 
122.176195 1.595308e-09 
120.8187562 1.089628e-09 
122.1766141 1.493754e-09 
123.5340886 1.713707e-09 
124.8914503 1.969075e-09 
126.2493386 1.58856e-09 
124.8919332 2.592364e-09 
126.2498002 3.574623e-09 
127.6071696 2.267305e-09 
127.6076338 4.126198e-09 
130.3224213 9.89102e-10 
128.9650292 3.218699e-09 
130.3228474 3.904473e-09 
131.6802737 1.24812e-09 
131.6807031 4.803884e-09 
133.0380847 1.270779e-09 
134.3959317 7.986858e-10 
133.0385286 5.246161e-09 
135.7534069 9.87958e-09 
135.7537484 4.756319e-10 
137.111247 8.830998e-09 
138.4690639 8.161357e-09 
137.1116149 9.383803e-10 
138.4694467 1.432526e-09 
139.8269179 6.270218e-09 
141.1844198 1.227728e-08 
142.5422644 1.036353e-08 
141.1847435 4.924567e-09 
142.5426123 3.670842e-09 
143.900089 9.077983e-09 
143.9004385 1.824586e-09 
146.6153644 3.396438e-09 
145.2579386 6.354728e-09 
146.6157534 3.862063e-09 
147.9732025 2.018832e-09 
147.973596 1.986226e-09 
149.3310101 1.129951e-09 
150.6888324 3.532955e-10 
149.3313975 4.742362e-10 
152.0461477 4.429115e-11 
152.0466176 1.734957e-10 
153.4039622 1.608046e-10 
154.7617384 4.854905e-10 
153.4044268 6.315161e-10 
154.7622062 1.654097e-09 
156.1195366 1.196222e-09 
157.476794 4.809496e-10 
158.8345906 5.599453e-10 
157.4773037 1.758325e-09 
158.8351042 2.384315e-09 
160.1923542 6.093305e-10 
160.1928809 3.384397e-09 
162.9073985 2.797358e-09 
161.5501568 8.650736e-10 
162.9079331 1.728788e-09 
164.2651993 3.088281e-09 
164.2657481 1.69579e-09 
165.6229795 4.025061e-09 
166.9808024 5.191526e-09 
165.6235264 1.829807e-09 
168.3379928 3.663703e-09 
168.3385914 5.580517e-09 
169.6958073 5.714224e-09 
171.0536061 6.030399e-09 
169.6964083 3.92874e-09 
171.0541636 2.926845e-09 
172.4114287 5.822799e-09 
173.7685199 5.497382e-09 
175.1263325 7.037279e-09 
173.7692009 3.561404e-09 
175.1269831 2.040239e-09 
176.4841227 4.66097e-09 
176.4846885 2.641525e-09 
179.1989305 7.39703e-09 
177.8419106 3.641278e-09 
179.1996391 2.615544e-09 
180.5567189 6.199339e-09 
180.5573675 3.303699e-09 
181.9144757 3.052647e-09 
183.2722177 2.412483e-09 
181.9150281 5.51342e-09 
184.6292419 2.754736e-09 
184.6299077 2.777418e-09 
185.9869977 1.167276e-09 
187.3447186 3.114749e-10 
185.9875992 2.723944e-09 
187.3452476 3.142076e-09 
188.7024308 2.725959e-10 
190.0594821 8.620716e-10 
191.4172098 3.403071e-10 
190.0601065 6.350719e-10 
191.4177906 5.789925e-10 
192.7749054 3.200731e-10 
192.7754524 3.959334e-10 
195.4896282 3.694655e-10 
194.1326071 2.878158e-10 
195.4902843 1.271726e-10 
196.8473356 7.374916e-10 
196.8479771 4.480521e-11 
198.2050176 8.236248e-10 
199.5627192 1.254486e-09 
198.205656 2.784071e-11 
200.9196484 2.215781e-09 
200.9204037 1.696006e-09 
202.2773483 3.361332e-09 
203.6350326 4.463112e-09 
202.2781072 2.017606e-09 
203.6357949 2.407882e-09 
204.9927444 5.450643e-09 
206.3495531 1.802943e-09 
206.3503918 7.224283e-09 
108.5982359 6.657484e-09 
108.5985792 7.624679e-09 
111.3136498 2.120949e-09 
111.3140262 4.251208e-09 
114.0294651 1.410699e-09 
114.0298018 2.529249e-09 
116.7448425 1.297183e-09 
116.7452644 8.800956e-10 
119.4606506 6.942539e-10 
119.4610356 2.168781e-09 
122.1759423 2.726879e-09 
122.17642 7.707221e-10 
124.8916975 2.456544e-09 
124.8921457 2.027171e-09 
127.6069385 5.901658e-10 
127.6074019 4.277932e-09 
130.3226241 1.244559e-09 
130.3230867 5.732458e-09 
133.0379076 4.61455e-09 
133.0382881 1.679562e-09 
135.7535619 3.920032e-09 
135.753977 3.094792e-09 
138.4689126 1.302602e-08 
138.4692342 2.063103e-09 
141.1845779 1.046386e-08 
141.1849378 1.380127e-09 
143.8999064 7.804906e-09 
143.9002573 5.830522e-09 
146.6155709 4.643312e-09 
146.6159322 1.496979e-09 
149.3307756 7.005359e-10 
149.3312103 1.038962e-09 
152.0463957 4.682846e-11 
152.0468238 2.643553e-10 
154.7614802 1.237615e-10 
154.7619769 1.089956e-09 
157.4770501 6.645984e-10 
157.4775537 3.266804e-09 
160.1920959 1.436821e-09 
160.1926158 1.48337e-09 
162.9076612 1.688496e-09 
162.9082013 2.317217e-09 
165.6226991 3.614456e-09 
165.6232586 3.573908e-09 
168.338298 5.777757e-09 
168.3388491 2.462185e-09 
171.0532695 3.831027e-09 
171.0539096 5.425458e-09 
173.7688833 5.080962e-09 
173.7694455 2.54505e-09 
176.4837399 6.971431e-09 
176.4844431 2.20497e-09 
179.1993165 4.075791e-09 
179.1998783 3.953427e-09 
181.9140952 5.158106e-09 
181.914787 3.211298e-09 
184.6296045 1.359249e-09 
184.6301437 5.052583e-09 
187.34437 1.20931e-09 
187.3450088 1.467013e-09 
190.0598175 1.893282e-10 
190.0603475 1.158108e-09 
192.7745689 6.109521e-10 
192.7751985 3.183317e-10 
195.4899732 2.900161e-10 
195.4905575 1.834351e-10 
198.2046534 8.819882e-10 
198.2053545 2.660447e-10 
200.920036 2.511936e-09 
200.920738 4.901775e-10 
203.6346235 2.87065e-09 
203.6354307 4.381274e-09 
206.3499774 4.892216e-09 
206.3507791 6.149661e-09 
108.5980403 3.887047e-09 
108.5984147 8.226018e-09 
109.9561562 5.433631e-09 
111.3138502 3.467824e-09 
111.3141829 3.953671e-09 
112.6715833 1.593068e-09 
114.0292537 1.160564e-09 
114.0296466 1.929154e-09 
112.6719342 3.138214e-09 
115.3873887 9.546334e-10 
118.1027746 7.365057e-10 
116.7450701 5.723905e-10 
118.1031685 1.781951e-09 
116.7454251 2.53721e-09 
119.4604067 2.179442e-09 
119.4608608 3.360092e-10 
122.1761934 1.586174e-09 
120.81856 4.538533e-10 
122.1766128 1.448261e-09 
123.5338496 2.026988e-09 
123.5343006 1.467616e-09 
124.891449 1.930789e-09 
124.8919313 2.556449e-09 
126.2495728 3.181485e-09 
127.6071675 2.290413e-09 
127.6076324 4.04029e-09 
128.9648064 7.279172e-10 
130.3224191 1.000082e-09 
130.3228454 3.854199e-09 
128.9652601 5.33541e-09 
131.6804737 1.64028e-09 
134.39575 4.333002e-09 
133.0380822 1.246495e-09 
134.3961485 2.38133e-09 
133.038528 5.211781e-09 
135.7534037 9.642155e-09 
135.753747 4.532095e-10 
138.4690615 7.893749e-09 
137.1114119 2.645104e-09 
138.4694472 1.52933e-09 
139.8267545 1.134343e-08 
139.8271058 1.92293e-09 
141.1844156 1.185173e-08 
141.184743 4.842807e-09 
142.5424333 8.046055e-09 
143.9000867 8.746312e-09 
143.9004399 1.870146e-09 
145.2577507 6.008844e-09 
146.6153601 3.202557e-09 
146.6157532 3.730184e-09 
145.2581168 3.79259e-09 
147.9734093 2.575346e-09 
150.6886038 1.290376e-10 
149.331008 1.024562e-09 
150.6890352 3.325154e-10 
149.3313988 4.335445e-10 
152.0461444 4.746554e-11 
152.0466172 1.493426e-10 
154.7617369 5.050459e-10 
153.4042039 4.859799e-10 
154.7622063 1.645543e-09 
156.1192843 4.571787e-10 
156.1197779 1.972216e-09 
157.4767926 4.756949e-10 
157.4773028 1.752297e-09 
158.8348472 9.856611e-10 
160.1923533 5.724684e-10 
160.1928794 3.331518e-09 
161.5498926 1.322463e-09 
162.9073989 2.82051e-09 
162.9079314 1.631438e-09 
161.5504225 1.70442e-09 
164.2654745 2.416925e-09 
166.9805074 4.737055e-09 
165.6229787 3.906813e-09 
166.9810782 2.91735e-09 
165.6235234 1.774931e-09 
168.3379943 3.560611e-09 
168.3385888 5.470025e-09 
171.0536051 5.775869e-09 
169.6961251 6.50073e-09 
171.0541597 2.918592e-09 
172.4110858 6.010365e-09 
172.4117134 3.242578e-09 
173.7685211 5.013408e-09 
173.7691977 3.454606e-09 
175.1266917 4.199202e-09 
176.4841208 4.326205e-09 
176.4846844 2.542961e-09 
177.8415421 7.15135e-09 
179.1989303 6.858099e-09 
179.1996355 2.469437e-09 
177.8421982 2.072439e-09 
180.5570805 3.255455e-09 
183.2718671 3.416479e-09 
181.9144731 2.869245e-09 
183.2724932 3.678706e-09 
181.9150247 5.298718e-09 
184.6292405 2.521509e-09 
184.6299046 2.649775e-09 
187.3447162 2.878593e-10 
185.9873288 1.021715e-09 
187.3452454 2.986227e-09 
188.7021109 2.462922e-10 
188.7026937 1.264339e-09 
190.0594805 8.330449e-10 
190.0601045 5.847497e-10 
191.4175228 2.381383e-10 
192.774904 3.178818e-10 
192.7754514 3.668784e-10 
194.1322857 4.680769e-10 
195.4896273 3.704586e-10 
195.4902836 1.128448e-10 
194.1328861 3.084402e-10 
196.8476739 3.196109e-10 
199.5623549 1.805599e-09 
198.2050176 7.943999e-10 
199.5630531 3.070454e-10 
198.205656 3.333374e-11 
200.9196485 2.18919e-09 
200.9204043 1.685715e-09 
203.6350336 4.501256e-09 
202.2777411 3.417338e-09 
203.6357955 2.409726e-09 
204.9923311 3.70275e-09 
204.9931372 4.936056e-09 
206.3495536 1.785698e-09 
206.3503928 7.347704e-09 
109.9559707 3.743659e-09 
109.956321 5.888018e-09 
112.6717726 2.418101e-09 
115.3871885 6.275869e-10 
115.387555 2.279623e-09 
118.1029898 3.060085e-10 
120.8183294 1.492707e-09 
120.8187553 1.049925e-09 
123.534087 1.700743e-09 
126.2493366 1.610477e-09 
126.249799 3.486833e-09 
128.9650272 3.197001e-09 
131.680271 1.215159e-09 
131.6807023 4.742051e-09 
134.3959298 7.282145e-10 
137.1112438 8.52953e-09 
137.111615 9.836819e-10 
139.8269165 6.068287e-09 
142.542261 9.987639e-09 
142.5426132 3.666387e-09 
145.2579376 6.147107e-09 
147.9731997 1.902715e-09 
147.9735969 1.914826e-09 
150.6888316 3.053883e-10 
153.4039607 1.656162e-10 
153.4044268 6.200411e-10 
156.1195359 1.180061e-09 
158.8345905 5.334718e-10 
158.8351031 2.329616e-09 
161.5501562 7.560525e-10 
164.2652002 3.03205e-09 
164.2657459 1.573425e-09 
166.9808014 5.006614e-09 
169.6958084 5.462929e-09 
169.6964052 3.862769e-09 
172.4114271 5.571552e-09 
175.1263328 6.535955e-09 
175.1269796 1.982831e-09 
177.8419082 3.391376e-09 
180.556718 5.807627e-09 
180.5573641 3.171158e-09 
183.2722151 2.28007e-09 
185.9869963 1.062769e-09 
185.9875967 2.610328e-09 
188.7024288 2.504374e-10 
191.4172087 3.425268e-10 
191.417789 5.551776e-10 
194.1326061 2.813161e-10 
196.8473352 7.19563e-10 
196.8479765 4.401395e-11 
199.5627193 1.238797e-09 
202.2773486 3.396538e-09 
202.2781075 2.019046e-09 
204.9927453 5.56971e-09 
108.5982364 6.612465e-09 
109.9561564 5.346172e-09 
108.598579 7.592693e-09 
111.3136503 2.132685e-09 
111.3140262 4.22366e-09 
112.6715835 1.57817e-09 
114.0294653 1.410938e-09 
112.6719343 3.084689e-09 
114.0298016 2.522897e-09 
115.3873889 9.302724e-10 
116.7448422 1.292324e-09 
118.1027742 7.383934e-10 
116.7452643 8.744713e-10 
118.1031689 1.754762e-09 
119.4606501 6.966808e-10 
119.4610354 2.141789e-09 
122.175941 2.719157e-09 
122.1764194 7.542271e-10 
120.8185598 4.470781e-10 
123.5338483 2.073684e-09 
123.5343011 1.411593e-09 
124.891696 2.508329e-09 
126.2495721 3.211888e-09 
124.8921457 1.940832e-09 
127.606936 5.887147e-10 
127.6074009 4.278568e-09 
128.9648041 7.220806e-10 
130.3226218 1.248755e-09 
128.9652605 5.321172e-09 
130.323087 5.702463e-09 
131.6804726 1.610901e-09 
133.037904 4.439216e-09 
134.3957471 4.104644e-09 
133.0382872 1.665407e-09 
134.3961491 2.432687e-09 
135.7535592 3.687725e-09 
135.753978 3.195919e-09 
138.4689082 1.266945e-08 
138.4692337 1.96126e-09 
137.1114107 2.452177e-09 
139.8267514 1.102514e-08 
139.8271067 1.89807e-09 
141.1845753 1.012395e-08 
142.5424322 7.804311e-09 
141.1849394 1.45098e-09 
143.8999022 7.611663e-09 
143.9002571 5.6738e-09 
145.2577483 5.90684e-09 
146.6155689 4.517901e-09 
145.2581176 3.68345e-09 
146.6159336 1.461301e-09 
147.9734085 2.508499e-09 
149.3307731 7.012265e-10 
150.688603 1.363469e-10 
149.3312101 9.891176e-10 
150.6890352 3.009612e-10 
152.0463949 3.640896e-11 
152.0468241 2.572945e-10 
154.7614803 1.154485e-10 
154.7619766 1.050763e-09 
153.4042037 4.427984e-10 
156.1192855 4.016264e-10 
156.1197771 1.913991e-09 
157.4770507 5.927222e-10 
158.8348476 8.457993e-10 
157.4775525 3.190085e-09 
160.1920983 1.468817e-09 
160.1926154 1.311076e-09 
161.5498952 1.30659e-09 
162.9076627 1.595611e-09 
161.5504213 1.523145e-09 
162.9081991 2.132352e-09 
164.2654753 2.263257e-09 
165.6227027 3.656888e-09 
166.9805105 4.703469e-09 
165.6232579 3.383696e-09 
166.9810769 2.787205e-09 
168.3382995 5.623939e-09 
168.3388462 2.402467e-09 
171.0532729 3.625678e-09 
171.0539084 5.293651e-09 
169.6961259 6.337361e-09 
172.4110883 5.796204e-09 
172.411712 3.202393e-09 
173.7688838 4.786851e-09 
175.1266918 3.976132e-09 
173.7694425 2.566965e-09 
176.4837418 6.553122e-09 
176.4844412 2.049125e-09 
177.8415433 6.854111e-09 
179.1993158 3.806101e-09 
177.8421967 1.992629e-09 
179.1998755 3.855707e-09 
180.5570799 3.063507e-09 
181.9140956 4.844593e-09 
183.2718674 3.255423e-09 
181.9147849 3.048706e-09 
183.2724919 3.582731e-09 
184.6296032 1.259544e-09 
184.6301415 4.914687e-09 
187.3443698 1.114394e-09 
187.3450071 1.395509e-09 
185.9873281 9.577688e-10 
188.7021111 2.208914e-10 
188.7026925 1.252484e-09 
190.0598166 1.832127e-10 
191.4175224 2.47107e-10 
190.0603459 1.119811e-09 
192.7745687 6.082946e-10 
192.7751975 3.169891e-10 
194.132286 4.612145e-10 
195.489973 2.745578e-10 
194.1328853 3.306092e-10 
195.4905568 1.954348e-10 
196.8476738 3.087587e-10 
198.2046532 8.833067e-10 
199.5623548 1.834342e-09 
198.2053545 2.489508e-10 
199.5630527 2.968808e-10 
200.9200361 2.531182e-09 
200.9207381 4.854952e-10 
203.6346229 2.913273e-09 
202.277741 3.473019e-09 
203.6354311 4.437278e-09 
204.9923305 3.858516e-09 
204.9931374 4.976561e-09 
206.3499774 5.033531e-09 
206.3507796 6.215427e-09 
108.5980403 3.885307e-09 
108.5984144 8.132571e-09 
111.3138503 3.433905e-09 
111.3141827 3.894411e-09 
114.0292538 1.151408e-09 
114.0296469 1.906941e-09 
116.7450704 5.554124e-10 
116.7454256 2.532579e-09 
119.4604062 2.199085e-09 
119.4608615 3.154998e-10 
122.1761933 1.637927e-09 
122.176614 1.391245e-09 
124.8914473 1.976452e-09 
124.8919319 2.580936e-09 
127.6071665 2.355433e-09 
127.607634 4.000252e-09 
130.3224163 8.967e-10 
130.3228457 3.90482e-09 
133.0380806 1.111059e-09 
133.0385296 5.310954e-09 
135.7534003 9.397716e-09 
135.7537471 3.991821e-10 
138.4690596 7.628119e-09 
138.4694489 1.615699e-09 
141.1844126 1.176954e-08 
141.1847429 4.682267e-09 
143.9000852 8.663475e-09 
143.9004411 1.830726e-09 
146.6153587 3.286482e-09 
146.6157531 3.677618e-09 
149.3310078 1.077569e-09 
149.331399 4.221487e-10 
152.0461456 5.440337e-11 
152.0466171 1.476026e-10 
154.7617383 4.26569e-10 
154.7622054 1.630011e-09 
157.4767962 4.81538e-10 
157.4773031 1.59382e-09 
160.192356 4.726678e-10 
160.1928781 3.139902e-09 
162.9074037 2.898614e-09 
162.9079323 1.407214e-09 
165.6229821 3.853801e-09 
165.6235222 1.599662e-09 
168.3379988 3.569398e-09 
168.3385899 5.328882e-09 
171.0536079 5.66328e-09 
171.0541587 2.943887e-09 
173.7685244 4.931096e-09 
173.7691984 3.343357e-09 
176.4841225 4.151228e-09 
176.4846836 2.597269e-09 
179.1989322 6.73698e-09 
179.1996357 2.334487e-09 
181.914474 2.752142e-09 
181.9150239 5.279144e-09 
184.6292419 2.435543e-09 
184.6299046 2.578722e-09 
187.3447167 2.498609e-10 
187.3452445 2.994511e-09 
190.0594817 8.147268e-10 
190.0601043 5.933542e-10 
192.7749045 3.181195e-10 
192.7754505 3.935846e-10 
195.4896279 3.673557e-10 
195.4902835 1.203312e-10 
198.2050176 7.9286e-10 
198.2056555 3.462146e-11 
200.9196477 2.24733e-09 
200.9204041 1.691838e-09 
203.6350328 4.614278e-09 
203.6357955 2.421027e-09 
206.349552 1.874036e-09 
206.3503925 7.440744e-09 
109.9559704 3.710609e-09 
108.5982356 6.561605e-09 
109.956321 5.768897e-09 
108.5985788 7.488724e-09 
111.31365 2.113509e-09 
111.3140262 4.162657e-09 
114.0294656 1.372243e-09 
112.6717729 2.36092e-09 
114.0298021 2.499514e-09 
115.3871887 6.090162e-10 
115.3875558 2.252102e-09 
116.7448422 1.293079e-09 
118.1029907 2.809321e-10 
116.7452653 8.537151e-10 
119.4606509 7.067454e-10 
119.461037 2.133682e-09 
120.8183293 1.540637e-09 
122.1759406 2.804651e-09 
122.1764212 7.582515e-10 
120.818757 1.015659e-09 
123.5340879 1.741743e-09 
126.2493357 1.663395e-09 
124.8916968 2.594055e-09 
126.2498009 3.500557e-09 
124.892148 1.911737e-09 
127.6069348 5.821094e-10 
127.6074026 4.359288e-09 
130.322622 1.21914e-09 
128.9650277 3.249572e-09 
130.3230893 5.776136e-09 
131.6802694 1.079882e-09 
131.680704 4.845216e-09 
133.0379025 4.286175e-09 
134.3959297 6.298857e-10 
133.0382883 1.700393e-09 
135.7535589 3.539625e-09 
135.7539796 3.291798e-09 
137.1112421 8.325136e-09 
138.4689072 1.271184e-08 
138.4692342 1.856085e-09 
137.1116162 9.940136e-10 
139.826916 5.861437e-09 
142.5422598 9.987097e-09 
141.1845751 1.013233e-08 
142.5426138 3.52508e-09 
141.1849402 1.402235e-09 
143.8999026 7.85658e-09 
143.9002572 5.618146e-09 
146.6155694 4.687596e-09 
145.2579371 6.088075e-09 
146.6159335 1.423713e-09 
147.9731998 2.005799e-09 
147.9735967 1.858219e-09 
149.3307755 8.039274e-10 
150.6888315 3.167955e-10 
149.3312102 1.047594e-09 
152.0463966 4.520627e-11 
152.0468232 2.869369e-10 
153.4039625 1.18236e-10 
154.7614843 9.57381e-11 
154.7619771 9.804294e-10 
153.404426 6.044444e-10 
156.1195367 1.048095e-09 
158.8345938 4.911996e-10 
157.4770535 4.854325e-10 
158.8351026 2.179719e-09 
157.4775518 3.106015e-09 
160.1921029 1.523095e-09 
160.1926168 1.131298e-09 
162.9076663 1.5774e-09 
161.5501579 6.150722e-10 
162.9081991 1.953648e-09 
164.2652041 3.086841e-09 
164.2657461 1.408326e-09 
165.6227068 3.706153e-09 
166.9808039 4.951734e-09 
165.6232603 3.266992e-09 
168.3383033 5.658997e-09 
168.3388473 2.342954e-09 
169.695812 5.524157e-09 
171.053276 3.758577e-09 
171.0539113 5.240362e-09 
169.6964062 3.810739e-09 
172.4114296 5.506134e-09 
175.1263355 6.56934e-09 
173.768887 4.824553e-09 
175.1269808 1.960258e-09 
173.7694441 2.655101e-09 
176.483744 6.793727e-09 
176.4844438 1.992246e-09 
179.1993185 3.817378e-09 
177.8419102 3.271396e-09 
179.199877 3.968472e-09 
180.5567201 5.79589e-09 
180.5573651 3.130947e-09 
181.9140978 4.970304e-09 
183.2722167 2.20289e-09 
181.914787 3.025765e-09 
184.6296055 1.237184e-09 
184.6301424 5.031147e-09 
185.9869981 1.037236e-09 
187.344372 1.129177e-09 
187.3450086 1.424378e-09 
185.9875972 2.634149e-09 
188.7024299 2.470789e-10 
191.4172102 3.345495e-10 
190.0598183 1.736689e-10 
191.4177889 6.06607e-10 
190.060346 1.197972e-09 
192.7745704 6.004262e-10 
192.7751982 3.520731e-10 
195.4899737 2.785484e-10 
194.1326066 2.971255e-10 
195.4905563 2.115417e-10 
196.8473358 7.255585e-10 
196.8479762 5.422794e-11 
198.2046533 9.089008e-10 
198.2053543 2.515127e-10 
199.5627191 1.252062e-09 
200.9200354 2.583047e-09 
200.9207377 4.849159e-10 
202.2773477 3.519401e-09 
203.6346213 3.025263e-09 
203.6354303 4.476577e-09 
202.2781071 2.019886e-09 
204.9927444 5.671656e-09 
206.3499758 5.11499e-09 
206.3507794 6.208524e-09 
109.9561559 5.277242e-09 
112.6715834 1.547666e-09 
112.6719347 3.033402e-09 
115.3873898 8.957565e-10 
118.1027748 7.49378e-10 
118.1031706 1.745998e-09 
120.8185616 4.53449e-10 
123.5338489 2.151459e-09 
123.5343036 1.424502e-09 
126.249574 3.289882e-09 
128.9648045 6.812601e-10 
128.965263 5.442303e-09 
131.680474 1.624963e-09 
134.3957473 3.996187e-09 
134.3961507 2.516365e-09 
137.1114114 2.354612e-09 
139.826752 1.114796e-08 
139.8271072 1.783413e-09 
142.5424325 7.788717e-09 
145.2577496 6.163198e-09 
145.2581171 3.592089e-09 
147.9734088 2.602502e-09 
150.6886053 1.881184e-10 
150.6890343 3.228043e-10 
153.4042045 3.956616e-10 
156.1192886 3.372903e-10 
156.1197766 1.847288e-09 
158.8348492 7.203636e-10 
161.5498985 1.344281e-09 
161.5504221 1.401546e-09 
164.265478 2.261213e-09 
166.9805137 4.839866e-09 
166.9810793 2.737891e-09 
169.6961293 6.423219e-09 
172.411091 6.091949e-09 
172.4117153 3.203578e-09 
175.1266953 4.038e-09 
177.8415459 7.170163e-09 
177.8422 2.008477e-09 
180.5570833 3.074075e-09 
183.2718702 3.372882e-09 
183.2724946 3.656077e-09 
185.9873309 9.596783e-10 
188.7021137 2.211645e-10 
188.7026941 1.340582e-09 
191.4175242 2.661921e-10 
194.1322876 4.556197e-10 
194.1328858 3.689209e-10 
196.8476743 3.257017e-10 
199.5623546 1.893462e-09 
199.5630524 2.950036e-10 
202.27774 3.514478e-09 
204.9923287 3.961663e-09 
204.9931366 4.962499e-09 
108.598039 3.892625e-09 
109.9559694 3.713657e-09 
108.5984136 8.07384e-09 
109.9563208 5.728547e-09 
111.3138499 3.391289e-09 
111.3141829 3.845604e-09 
114.0292536 1.122882e-09 
112.671773 2.338246e-09 
114.0296475 1.878135e-09 
115.3871891 5.928857e-10 
115.3875568 2.250227e-09 
116.7450713 5.329376e-10 
118.1029921 2.712117e-10 
116.7454268 2.538285e-09 
119.4604065 2.255908e-09 
119.4608632 3.083119e-10 
120.8183305 1.580758e-09 
122.1761949 1.681134e-09 
120.8187589 1.035847e-09 
122.176616 1.402432e-09 
123.5340901 1.778386e-09 
124.8914476 2.050146e-09 
126.2493373 1.677159e-09 
124.8919343 2.629183e-09 
126.2498032 3.59174e-09 
127.6071682 2.376953e-09 
127.6076362 4.057106e-09 
130.3224168 8.221667e-10 
128.96503 3.301344e-09 
130.3228478 3.982837e-09 
131.6802713 1.029272e-09 
131.6807057 4.961484e-09 
133.0380821 1.056656e-09 
134.3959316 6.388684e-10 
133.0385312 5.394239e-09 
135.7534014 9.48748e-09 
135.7537484 3.852878e-10 
137.1112443 8.500705e-09 
138.4690609 7.730057e-09 
137.1116168 9.496714e-10 
138.4694493 1.566484e-09 
139.8269172 5.929447e-09 
141.1844149 1.214805e-08 
142.5422624 1.036758e-08 
141.1847434 4.656555e-09 
142.5426132 3.439449e-09 
143.9000867 8.941769e-09 
143.9004404 1.756786e-09 
146.6153622 3.539217e-09 
145.2579379 6.25681e-09 
146.6157533 3.771808e-09 
147.9732026 2.194671e-09 
147.9735957 1.893644e-09 
149.3310097 1.221693e-09 
150.6888323 3.794742e-10 
149.3313978 4.560286e-10 
152.0461497 6.392185e-11 
152.0466175 1.779831e-10 
153.4039652 9.391478e-11 
154.7617407 3.692623e-10 
153.4044256 6.096623e-10 
154.7622048 1.632543e-09 
156.1195379 9.849269e-10 
157.4767998 4.952283e-10 
158.8345958 4.917904e-10 
157.4773042 1.508001e-09 
158.8351033 2.139759e-09 
160.1923586 4.512066e-10 
160.1928787 3.077603e-09 
162.9074062 2.918755e-09 
161.5501597 6.284267e-10 
162.9079345 1.362792e-09 
164.2652056 3.16896e-09 
164.2657484 1.418904e-09 
165.6229848 3.931293e-09 
166.9808065 5.091388e-09 
165.6235244 1.542446e-09 
168.3380002 3.671564e-09 
168.3385932 5.344676e-09 
169.6958132 5.809401e-09 
171.0536108 5.839324e-09 
169.6964099 3.835803e-09 
171.0541621 2.959508e-09 
172.4114328 5.711453e-09 
173.7685252 5.359719e-09 
175.1263369 7.098143e-09 
173.7692022 3.369446e-09 
175.1269851 1.997916e-09 
176.4841255 4.372185e-09 
176.4846871 2.724778e-09 
179.1989336 7.193911e-09 
177.8419138 3.443528e-09 
179.1996394 2.389591e-09 
180.5567223 6.18132e-09 
180.5573691 3.236083e-09 
181.9144771 2.857605e-09 
183.2722201 2.284197e-09 
181.9150267 5.483384e-09 
184.6292441 2.607949e-09 
184.6299076 2.660279e-09 
185.9870007 1.122134e-09 
187.3447195 2.493369e-10 
185.9876001 2.761837e-09 
187.3452462 3.158198e-09 
188.7024325 2.657372e-10 
190.0594839 8.327753e-10 
191.4172123 3.276999e-10 
190.0601062 6.483061e-10 
191.4177905 6.633872e-10 
192.7749062 3.197219e-10 
192.7754509 4.413504e-10 
195.489629 3.636567e-10 
194.132608 3.128984e-10 
195.4902841 1.38959e-10 
196.8473365 7.458579e-10 
196.8479766 6.126775e-11 
198.2050177 8.212396e-10 
199.5627189 1.279799e-09 
198.2056553 2.96417e-11 
200.9196471 2.308665e-09 
200.9204034 1.710604e-09 
202.2773467 3.559772e-09 
203.6350313 4.645224e-09 
202.2781065 2.023204e-09 
203.635795 2.427534e-09 
204.9927429 5.612666e-09 
206.3495504 1.94611e-09 
206.3503913 7.372743e-09 
108.5982346 6.577761e-09 
108.5985788 7.450784e-09 
111.3136492 2.092593e-09 
111.3140261 4.147371e-09 
114.0294657 1.347335e-09 
114.0298027 2.497517e-09 
116.7448425 1.296519e-09 
116.7452662 8.468825e-10 
119.4606521 7.095366e-10 
119.4610381 2.15791e-09 
122.1759416 2.868023e-09 
122.1764228 7.777259e-10 
124.8916987 2.592926e-09 
124.8921494 1.980352e-09 
127.6069366 5.792529e-10 
127.6074047 4.404299e-09 
130.3226244 1.193038e-09 
130.3230903 5.848881e-09 
133.0379052 4.36066e-09 
133.03829 1.731782e-09 
135.7535614 3.674635e-09 
135.7539796 3.241999e-09 
138.468911 1.309839e-08 
138.4692351 1.888334e-09 
141.1845775 1.047412e-08 
141.1849391 1.302165e-09 
143.8999069 8.207984e-09 
143.9002575 5.738644e-09 
146.6155717 4.924079e-09 
146.6159319 1.439223e-09 
149.3307795 8.728001e-10 
149.3312104 1.140304e-09 
152.0463985 6.494405e-11 
152.0468225 3.16482e-10 
154.7614867 9.296894e-11 
154.7619777 9.726692e-10 
157.4770547 4.830588e-10 
157.4775524 3.128505e-09 
160.1921033 1.519597e-09 
160.1926181 1.176933e-09 
162.9076671 1.646105e-09 
162.9082014 2.017383e-09 
165.6227057 3.694967e-09 
165.6232625 3.370778e-09 
168.3383041 5.825521e-09 
168.3388509 2.357954e-09 
171.0532744 4.057887e-09 
171.0539142 5.332571e-09 
173.7688885 5.146369e-09 
173.7694482 2.684255e-09 
176.4837435 7.379237e-09 
176.4844474 2.110832e-09 
179.1993208 4.096498e-09 
179.1998808 4.137921e-09 
181.9140986 5.369256e-09 
181.9147905 3.172007e-09 
184.6296081 1.320313e-09 
184.6301452 5.244279e-09 
187.3443736 1.232076e-09 
187.3450112 1.511961e-09 
190.0598203 1.727561e-10 
190.0603476 1.287558e-09 
192.7745717 5.975161e-10 
192.7751995 3.74839e-10 
195.4899744 2.96344e-10 
195.4905568 2.096488e-10 
198.2046536 9.212129e-10 
198.2053543 2.70815e-10 
200.9200347 2.59742e-09 
200.9207374 4.908165e-10 
203.6346208 3.050628e-09 
203.6354293 4.445572e-09 
206.3499748 5.016493e-09 
206.3507788 6.140655e-09 
108.5980384 3.898131e-09 
108.5984135 8.129148e-09 
109.9561554 5.323567e-09 
111.3138495 3.405173e-09 
111.3141832 3.868027e-09 
114.0292535 1.114422e-09 
112.6715831 1.548911e-09 
114.0296475 1.882522e-09 
112.6719349 3.050845e-09 
115.3873902 8.995897e-10 
118.1027756 7.508346e-10 
116.7450714 5.351449e-10 
118.1031712 1.76639e-09 
116.745427 2.544152e-09 
119.4604073 2.263356e-09 
119.4608635 3.235988e-10 
122.1761959 1.652861e-09 
120.8185628 4.626388e-10 
122.1766161 1.46568e-09 
123.5338506 2.148411e-09 
123.5343046 1.488752e-09 
124.8914495 2.044045e-09 
126.2495759 3.301228e-09 
124.8919351 2.636013e-09 
127.6071702 2.318298e-09 
127.6076361 4.135361e-09 
130.3224198 8.776364e-10 
128.9648069 6.544839e-10 
130.3228489 3.981758e-09 
128.965264 5.528404e-09 
131.680476 1.656071e-09 
134.3957504 4.147257e-09 
133.0380846 1.150128e-09 
134.3961511 2.513757e-09 
133.0385305 5.355132e-09 
135.7534055 9.783851e-09 
135.7537492 4.313909e-10 
138.4690636 8.056911e-09 
137.1114131 2.482373e-09 
138.4694479 1.45386e-09 
139.8267554 1.154078e-08 
139.8271067 1.738466e-09 
141.1844193 1.246437e-08 
141.1847438 4.807163e-09 
142.5424337 8.023104e-09 
143.9000891 9.199895e-09 
143.9004388 1.755002e-09 
145.2577528 6.432682e-09 
146.6153657 3.608542e-09 
146.6157534 3.889282e-09 
145.2581161 3.649924e-09 
147.9734097 2.737204e-09 
150.6886076 2.160367e-10 
149.3310112 1.255893e-09 
150.6890338 3.697296e-10 
149.3313969 4.903604e-10 
152.046151 5.691516e-11 
152.0466178 1.927188e-10 
154.7617407 4.004044e-10 
153.4042052 4.047708e-10 
154.7622053 1.646561e-09 
156.1192893 3.450199e-10 
156.1197772 1.857689e-09 
157.4767985 4.920068e-10 
157.4773046 1.600914e-09 
158.8348498 7.672292e-10 
160.1923574 5.276134e-10 
160.1928805 3.224759e-09 
162.907403 2.85493e-09 
161.549898 1.372807e-09 
162.907935 1.551614e-09 
161.5504238 1.494231e-09 
164.2654789 2.399829e-09 
166.9805125 4.958192e-09 
165.6229832 4.032838e-09 
166.981082 2.830614e-09 
165.623527 1.67973e-09 
168.3379964 3.736162e-09 
168.3385941 5.496139e-09 
171.0536096 6.070635e-09 
169.6961307 6.633425e-09 
171.0541651 2.948902e-09 
172.4110901 6.503158e-09 
172.4117187 3.246256e-09 
173.7685225 5.722221e-09 
173.7692037 3.505529e-09 
175.1266974 4.30477e-09 
176.4841256 4.693557e-09 
176.4846901 2.753759e-09 
179.1989325 7.614855e-09 
177.8415462 7.681602e-09 
179.1996415 2.563318e-09 
177.8422036 2.101715e-09 
180.5570859 3.274076e-09 
183.2718715 3.61385e-09 
181.9144782 3.044025e-09 
183.2724976 3.79882e-09 
181.9150294 5.62863e-09 
184.6292441 2.811702e-09 
184.6299096 2.783565e-09 
187.3447206 2.864077e-10 
185.9873332 1.024015e-09 
187.3452481 3.252736e-09 
188.702115 2.452713e-10 
188.7026961 1.407288e-09 
190.0594842 8.605241e-10 
190.0601075 6.739231e-10 
191.4175257 2.68388e-10 
192.7749068 3.208673e-10 
192.7754521 4.425405e-10 
195.4896292 3.643299e-10 
194.1322884 4.586835e-10 
195.4902845 1.439459e-10 
194.1328869 3.699573e-10 
196.8476747 3.474408e-10 
199.5623545 1.901813e-09 
198.2050177 8.40578e-10 
199.5630525 3.051029e-10 
198.2056556 2.556153e-11 
200.9196475 2.2891e-09 
200.9204031 1.712985e-09 
203.6350312 4.549546e-09 
202.2777394 3.483781e-09 
203.6357946 2.418554e-09 
204.9923282 3.864229e-09 
204.9931359 4.914901e-09 
206.3495511 1.901753e-09 
206.3503909 7.238154e-09 
109.9559692 3.748334e-09 
109.9563208 5.824407e-09 
112.6717728 2.386096e-09 
115.3871891 6.014092e-10 
115.3875565 2.271056e-09 
118.102992 2.898695e-10 
120.8183313 1.551066e-09 
120.8187584 1.080631e-09 
123.5340905 1.758886e-09 
126.2493391 1.625707e-09 
126.2498028 3.637425e-09 
128.9650309 3.278503e-09 
131.6802739 1.127958e-09 
131.6807053 4.937777e-09 
134.3959328 7.389944e-10 
137.1112474 8.810339e-09 
137.111616 9.184468e-10 
139.8269184 6.184121e-09 
142.5422652 1.060263e-08 
142.5426123 3.532979e-09 
145.2579388 6.42624e-09 
147.9732043 2.203541e-09 
147.9735953 1.974691e-09 
150.6888328 4.006805e-10 
153.403965 1.150341e-10 
153.404426 6.227085e-10 
156.1195377 1.068038e-09 
158.8345938 5.279643e-10 
158.8351043 2.26174e-09 
161.550159 7.767575e-10 
164.2652026 3.168739e-09 
164.2657496 1.593449e-09 
166.9808056 5.238061e-09 
169.6958102 5.93185e-09 
169.6964112 3.910783e-09 
172.4114323 5.909787e-09 
175.126335 7.393932e-09 
175.1269865 2.051394e-09 
177.8419141 3.675957e-09 
180.5567216 6.439426e-09 
180.5573705 3.343833e-09 
183.2722208 2.414527e-09 
185.9870005 1.204584e-09 
185.9876013 2.818569e-09 
188.7024331 2.811382e-10 
191.4172121 3.298573e-10 
191.4177915 6.457011e-10 
194.1326083 3.078972e-10 
196.8473364 7.534341e-10 
196.8479772 5.555261e-11 
199.562719 1.28091e-09 
202.2773471 3.460882e-09 
202.2781065 2.020388e-09 
204.9927429 5.47515e-09 
