# c_kinat vs. Position.Y (2660 data points):
# Position.Y c_kinat
1.3447094 2.164188e-09 
2.7018662 2.374324e-09 
2.7024466 6.502399e-10 
4.0596888 1.54394e-09 
5.4174336 6.042489e-10 
4.0602564 7.495696e-11 
5.4180118 4.665787e-11 
6.7752432 2.014503e-10 
8.1323991 1.152235e-10 
9.4902058 1.314866e-10 
8.1329924 1.000074e-10 
9.4908036 1.140642e-10 
10.847953 2.067739e-10 
10.8485631 4.029363e-10 
13.5628815 3.278363e-10 
12.2057708 5.444971e-10 
13.5635389 1.345296e-09 
14.9207019 8.861296e-10 
14.9213753 2.40756e-09 
16.278479 2.132265e-09 
17.6363297 3.977035e-09 
16.2791583 3.534858e-09 
18.9933867 2.028792e-09 
18.9941319 5.196196e-09 
20.3512438 4.30381e-09 
21.70906 6.090665e-09 
20.3519945 5.396686e-09 
21.7097917 4.205004e-09 
24.4239648 4.566626e-09 
23.0669385 6.623132e-09 
24.4247579 4.921942e-09 
25.781848 5.803913e-09 
25.7826213 2.746214e-09 
27.1396812 5.279004e-09 
28.4975583 3.73322e-09 
27.1404072 7.499757e-10 
29.8546003 3.348976e-09 
29.8553662 1.634742e-09 
31.2124785 3.139697e-09 
32.5702998 2.667806e-09 
31.2132095 7.268328e-10 
32.570974 5.538882e-10 
33.9281544 2.337576e-09 
36.6431075 2.922652e-09 
35.2852531 2.629128e-09 
35.2859411 1.940667e-09 
36.6437705 1.716965e-09 
38.0009097 3.165902e-09 
38.0015307 1.136851e-09 
40.7159176 4.067957e-09 
39.3587488 2.75053e-09 
40.7165306 1.772992e-09 
42.073759 3.315623e-09 
42.0743704 9.176901e-10 
43.4315584 2.169271e-09 
44.7894049 9.785258e-10 
43.4321496 5.413493e-10 
46.1466342 2.413529e-09 
46.1472001 3.528748e-10 
47.504486 1.26209e-09 
48.8622955 5.713147e-10 
47.5050599 4.261965e-10 
48.8628558 6.021441e-10 
50.2201543 2.528896e-10 
52.9352967 6.429388e-10 
51.5774348 6.585389e-10 
51.5779538 4.618116e-10 
52.935812 7.976046e-10 
54.2931011 1.249573e-09 
54.2935996 7.521348e-10 
57.00828 1.103724e-09 
55.6509484 1.769269e-09 
57.0087278 2.516807e-09 
58.3661256 2.502144e-09 
58.3665626 2.67817e-09 
59.7239021 4.329618e-09 
61.0817227 4.838437e-09 
59.7243345 2.047701e-09 
62.4390972 3.646573e-09 
62.4394832 4.135079e-09 
63.7969159 5.153943e-09 
65.1546737 5.125673e-09 
63.7973084 2.2311e-09 
65.1550886 5.361591e-10 
66.5124892 3.242777e-09 
69.2276967 2.640317e-09 
67.8698792 3.58117e-09 
67.8702611 1.409015e-09 
69.2281086 7.91919e-10 
70.5854694 1.676717e-09 
70.585917 1.751317e-09 
73.3006879 6.753591e-10 
71.9433124 1.470134e-09 
73.3011144 2.927611e-09 
74.6585334 1.064745e-09 
74.6589924 4.509868e-09 
76.0163377 2.880634e-09 
77.3742124 4.886253e-09 
76.0168165 5.644853e-09 
78.7315642 1.530597e-09 
78.7320311 6.603513e-09 
80.0894372 3.341083e-09 
81.4472585 4.90856e-09 
80.0899177 6.518249e-09 
81.4477298 5.43669e-09 
82.8051416 5.820691e-09 
85.5203618 3.170143e-09 
84.1624843 2.244648e-09 
84.1629522 5.688888e-09 
85.5208238 4.763406e-09 
86.8781774 3.416649e-09 
86.8786126 3.584589e-09 
89.5934072 1.172193e-09 
88.2360476 3.736428e-09 
89.5938421 3.523386e-09 
90.9512727 1.776999e-09 
90.9516946 3.169461e-09 
92.3090762 2.212345e-09 
93.6669315 2.84154e-09 
92.3094723 2.55837e-09 
95.0243325 1.101085e-09 
95.0247202 3.037195e-09 
96.3821874 2.094029e-09 
97.739986 3.054305e-09 
96.3825617 3.297368e-09 
97.7403419 2.872791e-09 
99.0978321 4.116984e-09 
101.8131346 3.630926e-09 
100.4552866 2.293078e-09 
100.4556213 4.359261e-09 
101.8134529 4.612889e-09 
103.1709283 4.562637e-09 
103.1712334 3.919288e-09 
105.8862613 2.5139e-09 
104.528761 5.197439e-09 
105.8865421 5.031081e-09 
107.2440947 3.288172e-09 
107.2443564 4.509274e-09 
1.3444229 4.117486e-09 
1.3449971 4.45647e-10 
2.7021564 1.752355e-09 
2.7027385 1.066664e-10 
5.4171424 8.447873e-10 
4.0599728 6.887976e-10 
5.4177228 1.636123e-10 
6.7749539 4.498259e-10 
6.7755302 2.630494e-11 
8.1326968 1.737526e-10 
9.4905067 1.547033e-10 
8.1332845 2.919821e-11 
10.8476426 1.030024e-10 
10.8482618 3.587755e-10 
12.2054519 2.689148e-10 
13.5632109 7.267859e-10 
12.2060834 7.738948e-10 
13.5638538 1.68942e-09 
14.9210435 1.815753e-09 
16.2781267 8.556035e-10 
17.6359644 2.322956e-09 
16.2788288 3.241698e-09 
17.6366804 4.405074e-09 
18.9937622 4.286757e-09 
18.9944734 4.687495e-09 
21.7086663 3.580368e-09 
20.3516296 6.008386e-09 
21.7094441 5.921926e-09 
23.0665398 5.772407e-09 
24.4243685 6.451933e-09 
23.0673107 4.633407e-09 
24.4251051 2.452311e-09 
25.7822503 5.548442e-09 
27.1392782 4.384328e-09 
28.4971627 4.575477e-09 
27.1400668 3.036782e-09 
28.4979213 1.136502e-09 
29.8549927 3.626227e-09 
29.8556959 1.412628e-10 
32.5699263 2.519636e-09 
31.2128596 2.483058e-09 
32.5706561 1.415877e-09 
33.9277931 2.551114e-09 
33.9284899 1.241009e-09 
35.2856039 2.737772e-09 
36.6434482 2.737821e-09 
35.286249 1.110452e-09 
38.0005822 3.472409e-09 
38.0012294 2.2264e-09 
39.3584272 3.4719e-09 
40.7162252 3.048311e-09 
39.359061 1.531977e-09 
40.7168289 7.675126e-10 
42.0740654 2.010035e-09 
43.4312663 3.651107e-09 
44.7891107 2.361095e-09 
43.431853 9.343494e-10 
44.7897037 4.863891e-10 
46.1469151 1.12588e-09 
46.1474936 6.004312e-10 
48.8620247 1.230517e-09 
47.5047693 3.292073e-10 
48.8625696 2.380497e-10 
50.2198838 6.576227e-10 
50.2204325 5.194449e-10 
51.5776942 6.363933e-10 
52.9355509 6.935446e-10 
51.5782273 4.924999e-10 
54.292857 6.388763e-10 
54.2933425 1.170957e-09 
55.6507142 1.219153e-09 
57.008506 2.553181e-09 
55.6511898 1.597632e-09 
57.0089681 1.528942e-09 
58.3663395 3.453255e-09 
59.7236949 2.215311e-09 
61.0815259 4.189963e-09 
59.7241068 3.904886e-09 
61.0819329 3.082066e-09 
62.4392894 5.553912e-09 
62.4397051 1.560674e-09 
65.1544895 4.350601e-09 
63.797103 4.798574e-09 
65.154865 2.901496e-09 
66.512303 4.501292e-09 
66.5126981 9.695477e-10 
67.8700642 3.310942e-09 
69.2278906 1.624482e-09 
67.8704918 3.635977e-10 
70.5852762 1.897158e-09 
70.5856773 1.297245e-09 
71.9431055 1.125331e-09 
73.3008941 1.573473e-09 
71.9435413 2.265987e-09 
73.3013609 3.960704e-09 
74.6587547 2.944351e-09 
76.0161178 6.923308e-10 
77.3739792 2.176576e-09 
76.0165682 5.162755e-09 
77.3744542 6.153564e-09 
78.7317951 4.342613e-09 
78.7322753 6.05871e-09 
81.4470218 2.226457e-09 
80.0896775 5.983638e-09 
81.4474946 6.641077e-09 
82.8049002 3.672846e-09 
82.8053756 5.830644e-09 
84.1627208 4.396489e-09 
85.520599 4.822255e-09 
84.1631757 4.455395e-09 
86.8779466 1.72599e-09 
86.878401 4.474161e-09 
88.235819 2.35649e-09 
89.5936281 2.579329e-09 
88.2362623 3.797529e-09 
89.5940433 2.939583e-09 
90.9514901 3.005471e-09 
92.3088678 9.236417e-10 
93.6667271 1.66554e-09 
92.30928 3.016214e-09 
93.6671261 2.987156e-09 
95.0245273 2.37964e-09 
95.0249043 2.525655e-09 
97.7398051 1.634223e-09 
96.3823777 3.265777e-09 
97.7401669 3.559095e-09 
99.0976568 2.892295e-09 
99.098004 3.958741e-09 
100.455454 3.954482e-09 
101.8132946 4.942814e-09 
100.4557857 3.441113e-09 
103.170774 2.668703e-09 
103.1710814 4.989841e-09 
104.5286162 3.806575e-09 
105.8864032 4.456104e-09 
104.5289052 4.856586e-09 
105.8866817 4.029743e-09 
107.2442255 4.699574e-09 
2.7018662 2.376807e-09 
2.7024466 6.496997e-10 
5.4174336 6.049393e-10 
5.4180118 4.652542e-11 
8.1323992 1.150201e-10 
8.1329924 1.006056e-10 
10.847953 2.062499e-10 
10.8485631 4.042943e-10 
13.5628816 3.293328e-10 
13.5635389 1.348905e-09 
16.2784791 2.134291e-09 
16.2791584 3.538111e-09 
18.9933868 2.034074e-09 
18.994132 5.202668e-09 
21.7090601 6.100114e-09 
21.7097918 4.204037e-09 
24.4239649 4.580377e-09 
24.4247581 4.920994e-09 
27.1396813 5.282857e-09 
27.1404072 7.481539e-10 
29.8546005 3.36093e-09 
29.8553663 1.629073e-09 
32.5702999 2.664936e-09 
32.570974 5.555642e-10 
35.2852533 2.635048e-09 
35.2859411 1.939798e-09 
38.0009098 3.166646e-09 
38.0015307 1.138136e-09 
40.7159178 4.073836e-09 
40.7165307 1.774837e-09 
43.4315585 2.174529e-09 
43.4321496 5.418792e-10 
46.1466344 2.420531e-09 
46.1472001 3.562624e-10 
48.8622956 5.756802e-10 
48.8628558 6.02474e-10 
51.577435 6.631749e-10 
51.5779538 4.666996e-10 
54.2931012 1.259071e-09 
54.2935995 7.536224e-10 
57.0082802 1.109591e-09 
57.0087277 2.527882e-09 
59.7239021 4.347125e-09 
59.7243344 2.049271e-09 
62.4390973 3.655673e-09 
62.4394832 4.14796e-09 
65.1546737 5.140317e-09 
65.1550885 5.368038e-10 
67.8698793 3.58974e-09 
67.870261 1.411908e-09 
70.5854694 1.676975e-09 
70.5859169 1.749716e-09 
73.3006879 6.74236e-10 
73.3011144 2.921945e-09 
76.0163377 2.87093e-09 
76.0168165 5.642715e-09 
78.7315642 1.523824e-09 
78.7320311 6.59435e-09 
81.4472585 4.89512e-09 
81.4477298 5.434165e-09 
84.1624843 2.237622e-09 
84.1629522 5.677686e-09 
86.8781775 3.406083e-09 
86.8786126 3.583029e-09 
89.5934072 1.1664e-09 
89.5938422 3.516369e-09 
92.3090762 2.204927e-09 
92.3094723 2.557716e-09 
95.0243325 1.094748e-09 
95.0247202 3.03462e-09 
97.7399861 3.053084e-09 
97.740342 2.874167e-09 
100.4552867 2.286835e-09 
100.4556214 4.363878e-09 
103.1709284 4.566767e-09 
103.1712334 3.920861e-09 
105.8862613 2.514464e-09 
105.8865422 5.037989e-09 
1.3447093 2.163831e-09 
2.7021564 1.751886e-09 
2.7027385 1.066024e-10 
4.0596887 1.545781e-09 
5.4171424 8.443428e-10 
5.4177228 1.636622e-10 
4.0602564 7.460101e-11 
6.7752432 2.0196e-10 
9.4902059 1.309031e-10 
8.1326968 1.73546e-10 
9.4908035 1.146542e-10 
8.1332845 2.926139e-11 
10.8476427 1.030122e-10 
10.8482618 3.596957e-10 
13.563211 7.250588e-10 
12.2057708 5.450898e-10 
13.5638538 1.690861e-09 
14.920702 8.861797e-10 
14.9213754 2.410131e-09 
16.2781267 8.570989e-10 
16.2788288 3.24226e-09 
17.6363298 3.980234e-09 
18.9937623 4.286702e-09 
18.9944734 4.686595e-09 
20.3512439 4.311526e-09 
21.7086664 3.58662e-09 
21.7094441 5.91604e-09 
20.3519946 5.394448e-09 
24.4243686 6.447993e-09 
23.0669387 6.62419e-09 
24.4251051 2.449062e-09 
25.7818481 5.810792e-09 
25.7826214 2.73983e-09 
27.1392784 4.38974e-09 
27.1400669 3.0272e-09 
28.4975584 3.727059e-09 
29.8549928 3.619432e-09 
29.8556958 1.416874e-10 
31.2124787 3.141586e-09 
32.5699265 2.523117e-09 
32.5706561 1.4138e-09 
31.2132095 7.244713e-10 
33.9281545 2.335673e-09 
36.6431077 2.930057e-09 
35.285604 2.739598e-09 
36.6437704 1.716806e-09 
35.2862489 1.110957e-09 
38.0005824 3.484278e-09 
38.0012294 2.228725e-09 
40.7162252 3.058469e-09 
39.3587488 2.753948e-09 
40.7168288 7.668273e-10 
42.0737591 3.326373e-09 
42.0743704 9.181592e-10 
43.4312665 3.66718e-09 
43.4318529 9.366276e-10 
44.7894049 9.829697e-10 
46.1469151 1.134697e-09 
46.1474935 6.001618e-10 
47.5044861 1.26957e-09 
48.8620249 1.241178e-09 
48.8625695 2.405053e-10 
47.5050598 4.282089e-10 
50.2201543 2.576184e-10 
52.9352968 6.495894e-10 
51.5776942 6.439669e-10 
52.9358119 8.012275e-10 
51.5782272 4.914595e-10 
54.2928571 6.4791e-10 
54.2933424 1.175678e-09 
57.0085059 2.571026e-09 
55.6509484 1.782307e-09 
57.008968 1.526023e-09 
58.3661257 2.518587e-09 
58.3665625 2.684259e-09 
59.723695 2.233512e-09 
59.7241067 3.914172e-09 
61.0817227 4.857818e-09 
62.4392894 5.576902e-09 
62.4397049 1.557902e-09 
63.796916 5.173003e-09 
65.1544896 4.372463e-09 
65.1548649 2.908212e-09 
63.7973083 2.235592e-09 
66.5124892 3.253771e-09 
69.2276967 2.647876e-09 
67.8700641 3.323085e-09 
69.2281085 7.926749e-10 
67.8704917 3.638811e-10 
70.5852762 1.907136e-09 
70.5856772 1.298378e-09 
73.3008941 1.571473e-09 
71.9433124 1.467955e-09 
73.3013608 3.962004e-09 
74.6585335 1.057508e-09 
74.6589924 4.5072e-09 
76.0161179 6.873175e-10 
76.0165682 5.159574e-09 
77.3742124 4.876802e-09 
78.7317951 4.334634e-09 
78.7322752 6.058653e-09 
80.0894372 3.329407e-09 
81.4470218 2.217351e-09 
81.4474946 6.636862e-09 
80.0899177 6.515019e-09 
82.8051417 5.809937e-09 
85.5203619 3.158696e-09 
84.1627209 4.38693e-09 
85.5208238 4.758235e-09 
84.1631757 4.454673e-09 
86.8779467 1.719595e-09 
86.878401 4.466719e-09 
89.5936281 2.573082e-09 
88.2360476 3.726577e-09 
89.5940433 2.939524e-09 
90.9512727 1.769658e-09 
90.9516946 3.167102e-09 
92.3088679 9.192468e-10 
92.30928 3.013836e-09 
93.6669315 2.837486e-09 
95.0245273 2.378166e-09 
95.0249043 2.527296e-09 
96.3821875 2.090163e-09 
97.7398052 1.631157e-09 
97.7401669 3.562969e-09 
96.3825617 3.298375e-09 
99.0978321 4.120912e-09 
101.8131347 3.632222e-09 
100.4554541 3.961269e-09 
101.8134529 4.616998e-09 
100.4557857 3.44279e-09 
103.1707741 2.668222e-09 
103.1710814 4.998364e-09 
105.8864032 4.4642e-09 
104.528761 5.205754e-09 
105.8866817 4.028327e-09 
107.2440947 3.294007e-09 
107.2443564 4.510851e-09 
1.3444229 4.125038e-09 
1.3449971 4.441029e-10 
4.0599728 6.890869e-10 
6.774954 4.495061e-10 
6.7755302 2.624883e-11 
9.4905067 1.549171e-10 
12.205452 2.674884e-10 
12.2060834 7.741368e-10 
14.9210436 1.815191e-09 
17.6359645 2.323304e-09 
17.6366804 4.402614e-09 
20.3516297 6.002347e-09 
23.0665399 5.77014e-09 
23.0673108 4.625576e-09 
25.7822503 5.537216e-09 
28.4971629 4.568668e-09 
28.4979213 1.132989e-09 
31.2128596 2.478008e-09 
33.9277932 2.551943e-09 
33.9284898 1.240976e-09 
36.6434481 2.741212e-09 
39.3584272 3.486619e-09 
39.3590609 1.531079e-09 
42.0740654 2.015457e-09 
44.7891107 2.373782e-09 
44.7897035 4.861876e-10 
47.5047692 3.330561e-10 
50.2198838 6.64672e-10 
50.2204324 5.197848e-10 
52.9355507 6.995297e-10 
55.6507142 1.232745e-09 
55.6511897 1.596717e-09 
58.3663394 3.467005e-09 
61.0815259 4.214732e-09 
61.0819327 3.080813e-09 
63.7971029 4.812269e-09 
66.512303 4.52035e-09 
66.512698 9.700812e-10 
69.2278905 1.630449e-09 
71.9431055 1.128383e-09 
71.9435412 2.26931e-09 
74.6587546 2.943487e-09 
77.3739792 2.169347e-09 
77.3744541 6.155237e-09 
80.0896775 5.980495e-09 
82.8049002 3.6649e-09 
82.8053756 5.831204e-09 
85.520599 4.817566e-09 
88.2358191 2.350424e-09 
88.2362622 3.79556e-09 
90.9514901 3.00265e-09 
93.6667272 1.664208e-09 
93.6671261 2.989101e-09 
96.3823777 3.26893e-09 
99.0976569 2.895895e-09 
99.098004 3.962548e-09 
101.8132946 4.951873e-09 
104.5286162 3.81117e-09 
104.5289052 4.858673e-09 
107.2442255 4.704457e-09 
1.3447093 2.164594e-09 
2.7018662 2.375587e-09 
2.7024466 6.494274e-10 
4.0596888 1.54594e-09 
5.4174336 6.045451e-10 
4.0602564 7.442505e-11 
5.4180118 4.635781e-11 
6.7752432 2.020022e-10 
8.1323992 1.14125e-10 
9.4902059 1.298348e-10 
8.1329923 1.007552e-10 
9.4908035 1.144601e-10 
10.847953 2.051448e-10 
10.8485631 4.044349e-10 
13.5628817 3.291536e-10 
12.2057708 5.44562e-10 
13.5635389 1.347203e-09 
14.920702 8.850294e-10 
14.9213754 2.406818e-09 
16.2784792 2.130411e-09 
17.6363298 3.972827e-09 
16.2791583 3.537169e-09 
18.9933869 2.034918e-09 
18.994132 5.193986e-09 
20.3512439 4.30458e-09 
21.7090602 6.088318e-09 
20.3519946 5.387648e-09 
21.7097917 4.200395e-09 
24.4239651 4.577307e-09 
24.424758 4.906967e-09 
23.0669387 6.607656e-09 
25.7818482 5.795369e-09 
25.7826213 2.735326e-09 
27.1396814 5.268794e-09 
28.4975584 3.718532e-09 
27.1404072 7.474565e-10 
29.8546007 3.355669e-09 
29.8553662 1.624677e-09 
31.2124787 3.132095e-09 
32.5703 2.661734e-09 
31.2132094 7.256003e-10 
32.5709739 5.561483e-10 
33.9281544 2.337557e-09 
35.2852535 2.639366e-09 
36.6431076 2.93676e-09 
35.285941 1.942607e-09 
36.6437703 1.716113e-09 
38.0009097 3.177458e-09 
38.0015306 1.135991e-09 
40.7159178 4.092987e-09 
40.7165305 1.776742e-09 
39.3587487 2.758595e-09 
42.073759 3.34076e-09 
42.0743702 9.162664e-10 
43.4315584 2.186494e-09 
44.7894047 9.863885e-10 
43.4321495 5.40802e-10 
46.1466344 2.436328e-09 
46.1471999 3.569431e-10 
47.5044859 1.276785e-09 
48.8622954 5.821266e-10 
47.5050597 4.270717e-10 
48.8628556 6.016266e-10 
50.2201541 2.588348e-10 
51.577435 6.718277e-10 
52.9352967 6.563885e-10 
51.5779536 4.664306e-10 
52.9358117 7.973259e-10 
54.293101 1.268319e-09 
54.2935994 7.489502e-10 
57.0082802 1.124868e-09 
57.0087275 2.528338e-09 
55.6509482 1.785161e-09 
58.3661256 2.534815e-09 
58.3665623 2.67554e-09 
59.723902 4.365814e-09 
61.0817225 4.862953e-09 
59.7243343 2.042204e-09 
62.4390973 3.681814e-09 
62.439483 4.149651e-09 
63.7969159 5.194145e-09 
65.1546736 5.157295e-09 
63.7973082 2.229986e-09 
65.1550884 5.339237e-10 
66.5124891 3.259736e-09 
67.8698793 3.60946e-09 
69.2276967 2.6584e-09 
67.8702609 1.415057e-09 
69.2281084 7.94868e-10 
70.5854693 1.683456e-09 
70.5859168 1.753477e-09 
73.300688 6.769383e-10 
73.3011143 2.92545e-09 
71.9433123 1.473654e-09 
74.6585335 1.058747e-09 
74.6589923 4.514731e-09 
76.0163377 2.870583e-09 
77.3742123 4.882295e-09 
76.0168164 5.645745e-09 
78.7315643 1.517945e-09 
78.732031 6.597096e-09 
80.0894373 3.328414e-09 
81.4472586 4.893587e-09 
80.0899177 6.520027e-09 
81.4477297 5.435674e-09 
82.8051416 5.813853e-09 
84.1624844 2.232258e-09 
85.5203619 3.158942e-09 
84.1629522 5.677756e-09 
85.5208237 4.761185e-09 
86.8781775 3.403437e-09 
86.8786126 3.583601e-09 
89.5934073 1.164073e-09 
89.5938421 3.514654e-09 
88.2360476 3.729238e-09 
90.9512728 1.771257e-09 
90.9516945 3.168772e-09 
92.3090763 2.205372e-09 
93.6669315 2.841829e-09 
92.3094723 2.559451e-09 
95.0243326 1.094989e-09 
95.0247202 3.038264e-09 
96.3821875 2.095815e-09 
97.7399861 3.058868e-09 
96.3825617 3.302406e-09 
97.7403419 2.876194e-09 
99.0978321 4.128106e-09 
100.4552868 2.289497e-09 
101.8131347 3.639312e-09 
100.4556214 4.370892e-09 
101.8134528 4.617958e-09 
103.1709284 4.576122e-09 
103.1712334 3.919713e-09 
105.8862614 2.517074e-09 
105.8865422 5.042029e-09 
104.528761 5.21023e-09 
107.2440947 3.294961e-09 
107.2443564 4.510384e-09 
2.7021565 1.752199e-09 
2.7027385 1.064425e-10 
5.4171425 8.431922e-10 
5.4177228 1.635732e-10 
8.1326968 1.726731e-10 
8.1332845 2.921551e-11 
10.8476427 1.024405e-10 
10.8482618 3.586008e-10 
13.563211 7.233654e-10 
13.5638538 1.689195e-09 
16.2781268 8.5599e-10 
16.2788288 3.234511e-09 
18.9937623 4.27484e-09 
18.9944734 4.683232e-09 
21.7086665 3.580235e-09 
21.7094441 5.901357e-09 
24.4243686 6.42816e-09 
24.425105 2.447743e-09 
27.1392785 4.376158e-09 
27.1400668 3.020188e-09 
29.8549928 3.610061e-09 
29.8556957 1.422297e-10 
32.5699266 2.515928e-09 
32.570656 1.416546e-09 
35.2856039 2.745705e-09 
35.2862488 1.109602e-09 
38.0005823 3.493702e-09 
38.0012292 2.230418e-09 
40.7162251 3.069178e-09 
40.7168287 7.638105e-10 
43.4312664 3.682578e-09 
43.4318528 9.361609e-10 
46.1469149 1.14062e-09 
46.1474935 5.99991e-10 
48.8620247 1.24872e-09 
48.8625694 2.383089e-10 
51.577694 6.462598e-10 
51.5782271 4.887238e-10 
54.292857 6.54863e-10 
54.2933422 1.170868e-09 
57.0085057 2.576172e-09 
57.0089679 1.518281e-09 
59.7236949 2.250179e-09 
59.7241065 3.906381e-09 
62.4392892 5.586292e-09 
62.4397048 1.551263e-09 
65.1544895 4.392241e-09 
65.1548648 2.905553e-09 
67.870064 3.330605e-09 
67.8704916 3.644953e-10 
70.5852762 1.915037e-09 
70.5856771 1.302911e-09 
73.300894 1.577202e-09 
73.3013607 3.967287e-09 
76.0161179 6.867564e-10 
76.0165681 5.167958e-09 
78.7317951 4.340863e-09 
78.7322751 6.062265e-09 
81.4470219 2.216943e-09 
81.4474946 6.643256e-09 
84.1627209 4.392986e-09 
84.1631757 4.456427e-09 
86.8779468 1.720456e-09 
86.878401 4.470914e-09 
89.5936282 2.577239e-09 
89.5940432 2.940816e-09 
92.308868 9.223121e-10 
92.30928 3.017203e-09 
95.0245274 2.384313e-09 
95.0249042 2.528781e-09 
97.7398053 1.63683e-09 
97.7401669 3.568492e-09 
100.4554541 3.969233e-09 
100.4557856 3.441968e-09 
103.1707742 2.673369e-09 
103.1710814 4.999511e-09 
105.8864032 4.466692e-09 
105.8866817 4.027079e-09 
1.344423 4.129408e-09 
1.3449972 4.437811e-10 
2.7018663 2.374846e-09 
2.7024466 6.497235e-10 
5.4174336 6.033357e-10 
4.0599728 6.892434e-10 
5.4180118 4.649926e-11 
6.774954 4.486164e-10 
6.7755302 2.612263e-11 
8.1323992 1.140355e-10 
8.1329924 1.000801e-10 
9.4905067 1.544526e-10 
10.847953 2.049161e-10 
10.8485631 4.036472e-10 
12.205452 2.672149e-10 
13.5628817 3.278267e-10 
13.5635389 1.343146e-09 
12.2060834 7.71956e-10 
14.9210435 1.811244e-09 
17.6359645 2.318341e-09 
16.2784791 2.125348e-09 
17.6366804 4.396311e-09 
16.2791583 3.532915e-09 
18.9933869 2.029275e-09 
18.994132 5.182631e-09 
21.7090602 6.072061e-09 
20.3516296 5.987424e-09 
21.7097917 4.198868e-09 
23.0665399 5.753619e-09 
24.4239651 4.56303e-09 
24.4247579 4.90006e-09 
23.0673107 4.621752e-09 
25.7822502 5.524954e-09 
28.4971628 4.552177e-09 
27.1396813 5.256196e-09 
28.4979211 1.134929e-09 
27.1404071 7.487091e-10 
29.8546006 3.340816e-09 
29.8553661 1.627462e-09 
32.5702998 2.662737e-09 
31.2128594 2.4784e-09 
32.5709738 5.551866e-10 
33.9277931 2.548655e-09 
33.9284897 1.242483e-09 
35.2852534 2.637189e-09 
36.6434479 2.744771e-09 
35.2859409 1.944683e-09 
38.0009096 3.183403e-09 
38.0015306 1.133595e-09 
39.358427 3.492725e-09 
40.7159177 4.097917e-09 
40.7165304 1.775014e-09 
39.3590608 1.528666e-09 
42.0740652 2.016809e-09 
44.7891105 2.379373e-09 
43.4315583 2.188467e-09 
44.7897035 4.840903e-10 
43.4321494 5.393292e-10 
46.1466342 2.439589e-09 
46.1471998 3.53994e-10 
48.8622953 5.812958e-10 
47.504769 3.324553e-10 
48.8628556 6.012747e-10 
50.2198836 6.662378e-10 
50.2204323 5.163783e-10 
51.5774348 6.720366e-10 
52.9355505 6.96083e-10 
51.5779535 4.614985e-10 
54.2931008 1.264352e-09 
54.2935994 7.451266e-10 
55.650714 1.23705e-09 
57.00828 1.127986e-09 
57.0087274 2.517469e-09 
55.6511896 1.587484e-09 
58.3663392 3.460074e-09 
61.0815257 4.222605e-09 
59.7239018 4.359324e-09 
61.0819327 3.068607e-09 
59.7243343 2.035794e-09 
62.4390972 3.688255e-09 
62.4394829 4.138e-09 
65.1546735 5.155167e-09 
63.7971027 4.807704e-09 
65.1550884 5.310833e-10 
66.5123029 4.529054e-09 
66.5126979 9.662162e-10 
67.8698793 3.613694e-09 
69.2278904 1.633838e-09 
67.8702608 1.413573e-09 
70.5854693 1.687271e-09 
70.5859168 1.75584e-09 
71.9431055 1.134186e-09 
73.300688 6.795576e-10 
73.3011143 2.933685e-09 
71.9435411 2.275078e-09 
74.6587546 2.954088e-09 
77.3739792 2.17483e-09 
76.0163377 2.880871e-09 
77.374454 6.164631e-09 
76.0168163 5.650523e-09 
78.7315643 1.520621e-09 
78.732031 6.607314e-09 
81.4472585 4.905991e-09 
80.0896774 5.99167e-09 
81.4477297 5.438702e-09 
82.8049002 3.672445e-09 
82.8053755 5.837632e-09 
84.1624844 2.237845e-09 
85.5205989 4.827795e-09 
84.1629522 5.686679e-09 
86.8781775 3.413951e-09 
86.8786125 3.58473e-09 
88.2358191 2.357659e-09 
89.5934074 1.169537e-09 
89.5938421 3.521208e-09 
88.2362622 3.799639e-09 
90.95149 3.010317e-09 
93.6667272 1.671447e-09 
92.3090763 2.212668e-09 
93.667126 2.991982e-09 
92.3094723 2.560232e-09 
95.0243327 1.101932e-09 
95.0247201 3.042287e-09 
97.7399861 3.065657e-09 
96.3823777 3.276313e-09 
97.7403419 2.874704e-09 
99.0976569 2.904351e-09 
99.098004 3.963067e-09 
100.4552868 2.296905e-09 
101.8132946 4.95371e-09 
100.4556213 4.370031e-09 
103.1709284 4.577182e-09 
103.1712334 3.918343e-09 
104.5286162 3.814249e-09 
105.8862613 2.519115e-09 
105.8865421 5.035498e-09 
104.5289052 4.855993e-09 
107.2442254 4.699945e-09 
1.3447094 2.166104e-09 
4.0596888 1.543854e-09 
4.0602564 7.469979e-11 
6.7752433 2.013002e-10 
9.4902059 1.297562e-10 
9.4908036 1.137089e-10 
12.2057708 5.434276e-10 
14.920702 8.842719e-10 
14.9213753 2.402189e-09 
17.6363298 3.964438e-09 
20.3512439 4.293224e-09 
20.3519945 5.385159e-09 
23.0669385 6.597628e-09 
25.7818481 5.779632e-09 
25.7826212 2.738369e-09 
28.4975582 3.718193e-09 
31.2124785 3.125112e-09 
31.2132093 7.285289e-10 
33.9281542 2.339988e-09 
36.6431075 2.934516e-09 
36.6437702 1.715892e-09 
39.3587485 2.758266e-09 
42.0737588 3.33762e-09 
42.0743702 9.137092e-10 
44.7894046 9.836369e-10 
47.5044857 1.274682e-09 
47.5050597 4.247243e-10 
50.220154 2.547891e-10 
52.9352965 6.531414e-10 
52.9358118 7.914912e-10 
55.6509481 1.773922e-09 
58.3661254 2.528942e-09 
58.3665624 2.665451e-09 
61.0817224 4.846663e-09 
63.7969158 5.18697e-09 
63.7973082 2.221303e-09 
66.512489 3.252338e-09 
69.2276966 2.659089e-09 
69.2281083 7.951256e-10 
71.9433122 1.479435e-09 
74.6585334 1.066969e-09 
74.6589922 4.520939e-09 
77.3742123 4.896164e-09 
80.0894372 3.338844e-09 
80.0899176 6.52886e-09 
82.8051416 5.828214e-09 
85.5203619 3.170783e-09 
85.5208237 4.766486e-09 
88.2360476 3.740786e-09 
90.9512727 1.780291e-09 
90.9516945 3.172418e-09 
93.6669315 2.849404e-09 
96.3821875 2.103906e-09 
96.3825616 3.301995e-09 
99.0978321 4.129741e-09 
101.8131346 3.643032e-09 
101.8134528 4.614606e-09 
104.528761 5.203177e-09 
107.2440947 3.29106e-09 
107.2443564 4.507696e-09 
1.344423 4.122324e-09 
1.3449972 4.455185e-10 
2.7021565 1.751672e-09 
2.7027385 1.065401e-10 
5.4171425 8.422108e-10 
4.0599729 6.881677e-10 
5.4177228 1.632628e-10 
6.774954 4.478779e-10 
6.7755302 2.624406e-11 
8.1326969 1.723445e-10 
9.4905067 1.539067e-10 
8.1332845 2.936886e-11 
10.8476426 1.022994e-10 
10.8482618 3.5708e-10 
12.2054519 2.677196e-10 
13.5632109 7.232583e-10 
12.2060834 7.701669e-10 
13.5638537 1.686142e-09 
14.9210435 1.808984e-09 
16.2781268 8.526713e-10 
17.6359644 2.314983e-09 
16.2788288 3.228424e-09 
17.6366803 4.394615e-09 
18.9937622 4.268217e-09 
18.9944733 4.680858e-09 
21.7086665 3.570592e-09 
20.3516295 5.984165e-09 
21.709444 5.898422e-09 
23.0665398 5.744431e-09 
24.4243685 6.420303e-09 
23.0673106 4.626695e-09 
24.425105 2.449801e-09 
25.7822501 5.527221e-09 
27.1392784 4.362009e-09 
28.4971627 4.548317e-09 
27.1400667 3.02447e-09 
28.4979211 1.139353e-09 
29.8549926 3.611084e-09 
29.8556957 1.421357e-10 
32.5699264 2.508486e-09 
31.2128593 2.482912e-09 
32.5706559 1.419601e-09 
33.9277929 2.546198e-09 
33.9284897 1.243026e-09 
35.2856037 2.746959e-09 
36.6434479 2.742517e-09 
35.2862488 1.108075e-09 
38.0005821 3.489161e-09 
38.0012292 2.228993e-09 
39.3584269 3.482642e-09 
40.716225 3.065424e-09 
39.3590608 1.528337e-09 
40.7168287 7.628432e-10 
42.0740652 2.012411e-09 
43.4312662 3.674907e-09 
44.7891104 2.369679e-09 
43.4318528 9.324632e-10 
44.7897035 4.825151e-10 
46.1469149 1.13593e-09 
46.1474935 5.994714e-10 
48.8620245 1.243132e-09 
47.504769 3.285908e-10 
48.8625694 2.349483e-10 
50.2198835 6.606068e-10 
50.2204324 5.140008e-10 
51.5776939 6.401572e-10 
52.9355506 6.883933e-10 
51.5782272 4.883513e-10 
54.2928568 6.497258e-10 
54.2933423 1.163231e-09 
55.6507139 1.225877e-09 
57.0085056 2.562337e-09 
55.6511897 1.582847e-09 
57.008968 1.516998e-09 
58.3663392 3.442649e-09 
59.7236948 2.242168e-09 
61.0815256 4.202762e-09 
59.7241065 3.893792e-09 
61.0819328 3.063884e-09 
62.4392892 5.568225e-09 
62.4397049 1.549256e-09 
65.1544894 4.382236e-09 
63.7971027 4.790519e-09 
65.1548648 2.896915e-09 
66.5123028 4.513652e-09 
66.5126979 9.635978e-10 
67.870064 3.324043e-09 
69.2278904 1.629817e-09 
67.8704917 3.644475e-10 
70.5852762 1.911688e-09 
70.5856771 1.304428e-09 
71.9431055 1.135696e-09 
73.300894 1.583453e-09 
71.9435411 2.275273e-09 
73.3013607 3.968318e-09 
74.6587546 2.960282e-09 
76.0161179 6.919399e-10 
77.3739792 2.185742e-09 
76.0165681 5.176398e-09 
77.374454 6.168852e-09 
78.731795 4.353785e-09 
78.7322751 6.065855e-09 
81.4470219 2.22325e-09 
80.0896774 6.004545e-09 
81.4474945 6.653607e-09 
82.8049002 3.682756e-09 
82.8053756 5.842549e-09 
84.1627208 4.406492e-09 
85.5205989 4.838996e-09 
84.1631756 4.457743e-09 
86.8779468 1.727723e-09 
86.878401 4.47973e-09 
88.235819 2.367148e-09 
89.5936281 2.586277e-09 
88.2362622 3.803159e-09 
89.5940432 2.941525e-09 
90.95149 3.017781e-09 
92.3088679 9.288386e-10 
93.6667271 1.677458e-09 
92.30928 3.02238e-09 
93.6671261 2.99251e-09 
95.0245273 2.389847e-09 
95.0249042 2.52736e-09 
97.7398052 1.643524e-09 
96.3823777 3.276629e-09 
97.7401668 3.56649e-09 
99.0976568 2.90657e-09 
99.098004 3.959422e-09 
100.455454 3.968637e-09 
101.8132945 4.947068e-09 
100.4557856 3.439659e-09 
103.1707741 2.677251e-09 
103.1710814 4.991833e-09 
104.5286162 3.810217e-09 
105.8864032 4.459346e-09 
104.5289051 4.853086e-09 
105.8866817 4.027671e-09 
107.2442254 4.692079e-09 
2.7018663 2.373007e-09 
2.7024467 6.50039e-10 
5.4174337 6.025133e-10 
5.4180118 4.668051e-11 
8.1323992 1.14861e-10 
8.1329924 9.974324e-11 
10.847953 2.0556e-10 
10.8485631 4.028061e-10 
13.5628816 3.266824e-10 
13.5635389 1.341421e-09 
16.2784791 2.126344e-09 
16.2791583 3.530598e-09 
18.9933868 2.025578e-09 
18.9941319 5.184121e-09 
21.7090601 6.073498e-09 
21.7097917 4.201686e-09 
24.423965 4.556157e-09 
24.4247579 4.908462e-09 
27.1396811 5.26232e-09 
27.1404071 7.499992e-10 
29.8546004 3.336526e-09 
29.8553661 1.633298e-09 
32.5702997 2.666826e-09 
32.5709739 5.537443e-10 
35.2852532 2.631029e-09 
35.2859409 1.943528e-09 
38.0009095 3.174942e-09 
38.0015306 1.134004e-09 
40.7159175 4.08296e-09 
40.7165305 1.772379e-09 
43.4315583 2.178842e-09 
43.4321495 5.396041e-10 
46.1466341 2.425152e-09 
46.1472 3.515658e-10 
48.8622953 5.746232e-10 
48.8628557 6.013201e-10 
51.5774347 6.638752e-10 
51.5779536 4.587874e-10 
54.2931009 1.253175e-09 
54.2935995 7.471344e-10 
57.0082799 1.114825e-09 
57.0087276 2.510515e-09 
59.7239019 4.337249e-09 
59.7243344 2.039344e-09 
62.4390971 3.66644e-09 
62.4394831 4.129998e-09 
65.1546736 5.134937e-09 
65.1550885 5.324517e-10 
67.8698792 3.596678e-09 
67.8702609 1.40991e-09 
70.5854693 1.683548e-09 
70.5859169 1.754596e-09 
73.300688 6.787445e-10 
73.3011143 2.933918e-09 
76.0163377 2.887547e-09 
76.0168164 5.64987e-09 
78.7315643 1.528673e-09 
78.732031 6.613631e-09 
81.4472585 4.915295e-09 
81.4477297 5.43981e-09 
84.1624843 2.243593e-09 
84.1629522 5.693615e-09 
86.8781774 3.42233e-09 
86.8786126 3.58535e-09 
89.5934072 1.174468e-09 
89.5938421 3.526906e-09 
92.3090762 2.216412e-09 
92.3094723 2.559706e-09 
95.0243325 1.105731e-09 
95.0247201 3.041375e-09 
97.7399861 3.063556e-09 
97.7403419 2.872807e-09 
100.4552867 2.299217e-09 
100.4556213 4.362554e-09 
103.1709283 4.568512e-09 
103.1712334 3.917649e-09 
105.8862613 2.517165e-09 
105.8865421 5.029774e-09 
1.3447094 2.16506e-09 
2.7021565 1.751279e-09 
2.7027385 1.06565e-10 
4.0596888 1.542152e-09 
5.4171424 8.435494e-10 
5.4177229 1.632837e-10 
4.0602564 7.499948e-11 
6.7752433 2.007942e-10 
9.4902058 1.30784e-10 
8.1326968 1.729768e-10 
9.4908036 1.13559e-10 
8.1332845 2.93023e-11 
10.8476426 1.023597e-10 
10.8482618 3.571421e-10 
13.5632109 7.253762e-10 
12.2057708 5.432842e-10 
13.5638538 1.686126e-09 
14.9207019 8.844157e-10 
14.9213753 2.402289e-09 
16.2781267 8.529075e-10 
16.2788288 3.232475e-09 
17.6363297 3.96692e-09 
18.9937621 4.275684e-09 
18.9944733 4.683903e-09 
20.3512438 4.29283e-09 
21.7086663 3.57061e-09 
21.709444 5.910732e-09 
20.3519944 5.390824e-09 
24.4243684 6.434508e-09 
23.0669384 6.606551e-09 
24.4251051 2.452689e-09 
25.781848 5.783485e-09 
25.7826212 2.744903e-09 
27.1392782 4.366278e-09 
27.1400667 3.034575e-09 
28.4975582 3.726545e-09 
29.8549925 3.621235e-09 
29.8556958 1.415102e-10 
31.2124784 3.129749e-09 
32.5699262 2.510433e-09 
32.570656 1.41938e-09 
31.2132093 7.291958e-10 
33.9281543 2.340157e-09 
36.6431074 2.925838e-09 
35.2856037 2.742072e-09 
36.6437703 1.71643e-09 
35.2862489 1.108395e-09 
38.000582 3.475798e-09 
38.0012293 2.227148e-09 
40.7162251 3.052366e-09 
39.3587486 2.752292e-09 
40.7168288 7.651059e-10 
42.0737588 3.322544e-09 
42.0743703 9.147349e-10 
43.4312661 3.655691e-09 
43.4318529 9.31614e-10 
44.7894048 9.795259e-10 
46.146915 1.12726e-09 
46.1474936 5.997689e-10 
47.5044858 1.26547e-09 
48.8620245 1.231933e-09 
48.8625696 2.348054e-10 
47.5050598 4.239866e-10 
50.2201541 2.512064e-10 
52.9352965 6.450593e-10 
51.5776941 6.342667e-10 
52.9358119 7.916798e-10 
51.5782273 4.903664e-10 
54.2928568 6.400495e-10 
54.2933425 1.163316e-09 
57.0085058 2.548267e-09 
55.6509482 1.764571e-09 
57.0089681 1.523269e-09 
58.3661255 2.508661e-09 
58.3665625 2.667003e-09 
59.7236948 2.220853e-09 
61.0817225 4.831476e-09 
59.7241067 3.892594e-09 
62.4392893 5.547995e-09 
62.4397051 1.555762e-09 
63.7969158 5.161794e-09 
65.1544894 4.356654e-09 
65.154865 2.894849e-09 
63.7973083 2.223043e-09 
66.5124891 3.241514e-09 
69.2276966 2.647349e-09 
67.8700641 3.310883e-09 
69.2281085 7.93571e-10 
67.8704918 3.640506e-10 
70.5852761 1.900438e-09 
70.5856772 1.301042e-09 
73.3008941 1.581208e-09 
71.9433123 1.477254e-09 
73.3013608 3.965158e-09 
74.6585334 1.070569e-09 
74.6589923 4.517857e-09 
76.0161179 6.952023e-10 
76.0165682 5.172523e-09 
77.3742123 4.898097e-09 
78.731795 4.354672e-09 
78.7322752 6.062809e-09 
80.0894372 3.346948e-09 
81.4470218 2.229231e-09 
81.4474946 6.654175e-09 
80.0899177 6.528134e-09 
82.8051416 5.83359e-09 
85.5203618 3.175704e-09 
84.1627208 4.407701e-09 
85.5208237 4.767968e-09 
84.1631757 4.457915e-09 
86.8779466 1.730018e-09 
86.878401 4.481479e-09 
89.5936281 2.587847e-09 
88.2360476 3.744943e-09 
89.5940433 2.941028e-09 
90.9512727 1.783808e-09 
90.9516946 3.173061e-09 
92.3088678 9.289829e-10 
92.30928 3.022256e-09 
93.6669315 2.848599e-09 
95.0245273 2.385948e-09 
95.0249043 2.526405e-09 
96.3821874 2.10258e-09 
97.7398051 1.642423e-09 
97.7401668 3.56069e-09 
96.3825617 3.299603e-09 
99.0978321 4.122216e-09 
101.8131346 3.637547e-09 
100.455454 3.95946e-09 
101.8134528 4.611598e-09 
100.4557856 3.439259e-09 
103.170774 2.673697e-09 
103.1710814 4.986955e-09 
105.8864031 4.45247e-09 
104.528761 5.196599e-09 
105.8866817 4.028714e-09 
107.2440946 3.285907e-09 
107.2443564 4.507852e-09 
1.344423 4.115984e-09 
1.3449972 4.461637e-10 
4.0599729 6.886387e-10 
6.7749539 4.486204e-10 
6.7755302 2.630767e-11 
9.4905067 1.54211e-10 
12.2054519 2.687626e-10 
12.2060834 7.712581e-10 
14.9210435 1.812406e-09 
17.6359644 2.317799e-09 
17.6366803 4.399892e-09 
20.3516295 5.996851e-09 
23.0665397 5.756078e-09 
23.0673106 4.634453e-09 
25.7822501 5.541825e-09 
28.4971626 4.562167e-09 
28.4979212 1.140449e-09 
31.2128594 2.486334e-09 
33.9277929 2.546997e-09 
33.9284898 1.241967e-09 
36.643448 2.738774e-09 
39.358427 3.47024e-09 
39.359061 1.530975e-09 
42.0740653 2.007811e-09 
44.7891105 2.35803e-09 
44.7897037 4.839265e-10 
47.5047692 3.269631e-10 
50.2198836 6.554915e-10 
50.2204325 5.156243e-10 
52.9355508 6.866274e-10 
55.650714 1.214998e-09 
55.6511899 1.588932e-09 
58.3663394 3.438725e-09 
61.0815257 4.182614e-09 
61.0819329 3.071509e-09 
63.7971029 4.784445e-09 
66.5123029 4.496279e-09 
66.5126981 9.660606e-10 
69.2278905 1.623975e-09 
71.9431055 1.130129e-09 
71.9435413 2.270722e-09 
74.6587546 2.954717e-09 
77.3739792 2.185993e-09 
77.3744541 6.160684e-09 
80.0896774 5.9979e-09 
82.8049002 3.684163e-09 
82.8053756 5.838711e-09 
85.520599 4.8358e-09 
88.235819 2.365345e-09 
88.2362622 3.801833e-09 
90.95149 3.014414e-09 
93.6667271 1.673822e-09 
93.6671261 2.990352e-09 
96.3823777 3.269451e-09 
99.0976568 2.898289e-09 
99.098004 3.957332e-09 
101.8132945 4.940347e-09 
104.5286162 3.805074e-09 
104.5289052 4.853296e-09 
107.2442254 4.692349e-09 
108.6018718 3.697583e-09 
109.9596824 3.751226e-09 
108.6021265 3.69356e-09 
111.3172108 1.325863e-09 
111.3174454 3.6005e-09 
112.6750216 1.760361e-09 
114.0327767 2.14147e-09 
112.6752406 2.976411e-09 
114.0329959 2.490565e-09 
115.3905676 2.417456e-09 
118.1059102 1.691333e-09 
116.748117 1.006729e-09 
116.7483152 2.610416e-09 
118.1060988 2.426613e-09 
119.4636532 2.326688e-09 
119.4638432 2.175378e-09 
122.179007 1.700118e-09 
120.8214363 3.075573e-09 
122.1791794 3.530056e-09 
123.536794 2.721139e-09 
123.5369588 3.672183e-09 
124.8945377 3.526152e-09 
126.2523206 4.52925e-09 
124.8946976 3.326331e-09 
127.6098949 1.426842e-09 
127.6100654 4.832024e-09 
128.9676798 2.184837e-09 
130.3254272 2.739455e-09 
128.967841 4.93119e-09 
130.3255747 4.376274e-09 
131.6832073 3.175817e-09 
134.3985269 1.129511e-09 
133.040748 6.959667e-10 
133.0409506 3.057289e-09 
134.3987171 2.753488e-09 
135.756271 1.935756e-09 
135.7564412 2.145528e-09 
138.4715293 3.680067e-09 
137.1140425 1.922482e-09 
138.4717757 1.746656e-09 
139.8292992 4.581739e-09 
139.8295286 1.318368e-09 
141.187032 5.568837e-09 
142.544793 5.428859e-09 
141.1872368 7.079569e-10 
143.902259 5.001603e-09 
143.9025103 4.743171e-09 
145.2600226 5.716394e-09 
146.6177417 5.791989e-09 
145.2602497 3.775107e-09 
146.6179401 2.521738e-09 
147.9754944 4.829079e-09 
150.6907617 1.903943e-09 
149.3330034 1.830812e-09 
149.3331961 3.583723e-09 
150.6909237 2.095451e-09 
152.0484668 1.649425e-09 
152.0486 9.434273e-10 
154.7637824 5.732682e-10 
153.4062077 7.891449e-10 
154.7638935 3.256077e-10 
156.1215261 4.196058e-10 
156.1216048 8.551563e-11 
157.47921 2.210945e-10 
158.836926 6.650959e-11 
157.4792677 1.800862e-10 
160.1945289 1.279653e-09 
160.1945883 1.83732e-10 
161.5522432 1.092458e-09 
162.9098952 1.114415e-09 
161.5522725 5.075373e-10 
162.9099166 7.794136e-10 
164.2675745 1.198534e-09 
166.9828565 2.806988e-09 
165.6251778 3.125335e-09 
165.6252058 1.322366e-09 
166.9828585 1.171246e-09 
168.3404737 2.621144e-09 
168.3404813 1.114301e-09 
171.055747 2.487188e-09 
169.6981187 2.623294e-09 
171.0557218 2.08612e-09 
172.413396 2.759833e-09 
172.4133533 1.529404e-09 
173.7709854 2.546105e-09 
175.1286103 2.67509e-09 
173.7709614 1.099073e-09 
176.4862903 3.64168e-09 
176.4861968 1.630415e-09 
177.8439196 4.907466e-09 
179.2014929 5.089883e-09 
177.8438231 1.099782e-09 
179.2014266 6.395601e-10 
180.5591114 5.283008e-09 
183.2744332 6.421878e-09 
181.9168152 5.445358e-09 
181.9166927 4.1585e-09 
183.2743231 3.7586e-09 
184.6320006 6.251644e-09 
184.6319273 3.305606e-09 
187.3472807 2.762318e-09 
185.9896187 6.023662e-09 
187.347201 4.860541e-09 
188.7048924 2.801003e-09 
188.7048346 4.307761e-09 
190.0624618 2.312243e-09 
191.4200796 2.027672e-09 
190.0624385 3.563074e-09 
192.7776618 4.269877e-10 
192.7776656 1.505697e-09 
194.1352717 2.388941e-10 
195.4928503 1.827801e-10 
194.1352981 1.173362e-09 
195.4928997 7.459292e-10 
196.8504692 2.878754e-10 
199.5656125 4.851855e-10 
198.2079975 1.034834e-10 
198.2080624 3.251859e-10 
199.5656946 2.307334e-10 
200.9232063 6.911502e-10 
200.923297 7.277341e-11 
203.638357 1.631798e-09 
202.2808318 9.559798e-10 
203.6384362 6.927496e-10 
204.9959832 2.319274e-09 
204.9960768 4.11124e-10 
206.3535675 2.195613e-09 
206.3536601 2.928867e-10 
108.6017417 1.940289e-09 
109.9595641 2.444798e-09 
108.6019981 4.456757e-09 
109.9598023 3.75923e-09 
111.3173298 2.778629e-09 
111.3175649 3.081359e-09 
114.0326682 9.890721e-10 
112.6751294 2.878677e-09 
114.0328835 2.896344e-09 
115.3904688 1.509237e-09 
115.3906717 2.4785e-09 
116.748216 1.999207e-09 
118.1060014 2.497581e-09 
116.7484208 2.149796e-09 
119.4635621 1.315834e-09 
119.4637455 2.843499e-09 
120.821351 2.198764e-09 
122.1790932 2.973415e-09 
120.8215265 2.853034e-09 
122.1792676 2.584281e-09 
123.5368759 3.931696e-09 
124.8944524 1.82157e-09 
126.2522385 2.804863e-09 
124.8946197 4.38094e-09 
126.2523976 4.565334e-09 
127.6099845 3.49726e-09 
127.6101342 4.109784e-09 
130.3253289 8.001668e-10 
128.9677667 4.296798e-09 
130.3255116 4.363294e-09 
131.6831115 1.3017e-09 
131.6832834 4.265001e-09 
133.0408584 1.873521e-09 
134.3986348 1.98504e-09 
133.0410131 3.650392e-09 
135.7561482 1.761343e-09 
135.7563741 1.80481e-09 
137.1139226 2.391903e-09 
138.4716617 3.42466e-09 
137.1141341 1.399151e-09 
138.4718508 8.333941e-10 
139.8294278 3.415594e-09 
141.1868968 5.129841e-09 
142.5446629 6.088016e-09 
141.1871533 3.107146e-09 
142.5448992 2.540604e-09 
143.9023888 6.650107e-09 
143.9025982 1.682688e-09 
146.617626 3.480136e-09 
145.2601454 6.124654e-09 
146.6178546 5.012226e-09 
147.9753874 3.83444e-09 
147.9755881 3.594865e-09 
149.3330997 3.622537e-09 
150.6908476 2.527073e-09 
149.333271 2.157681e-09 
152.0483914 8.770426e-10 
152.0485417 1.579718e-09 
153.4061442 7.996281e-10 
154.7638399 5.681942e-10 
153.4062624 5.937093e-10 
154.7639324 1.001774e-10 
156.1215704 1.034192e-10 
157.4791654 6.487201e-10 
158.8368959 4.807737e-10 
157.4792456 2.012623e-11 
158.8369447 2.766549e-10 
160.1945649 3.881708e-10 
160.194599 6.049034e-10 
162.9098664 2.346701e-09 
161.5522633 4.120551e-10 
162.9099105 6.029579e-10 
164.2675628 2.092496e-09 
164.2675785 7.231755e-10 
165.6251969 2.07855e-09 
166.9828578 2.133184e-09 
165.6252118 8.404278e-10 
168.3404686 3.016376e-09 
168.3404739 1.980365e-09 
169.6981313 2.852852e-09 
171.0557331 2.541939e-09 
169.6981141 1.589048e-09 
171.0557283 1.334882e-09 
172.4133661 2.568218e-09 
173.7710198 2.561305e-09 
175.1286577 3.414701e-09 
173.7709593 1.689248e-09 
175.1285864 1.090806e-09 
176.4862375 3.433187e-09 
176.4861911 5.88383e-10 
179.201557 4.999114e-09 
177.843858 3.657166e-09 
179.2014407 2.561797e-09 
180.5591799 6.306564e-09 
180.5590686 2.133914e-09 
181.9167491 6.416e-09 
183.2743671 6.421837e-09 
181.9166723 1.729516e-09 
184.6320582 4.505992e-09 
184.6319485 5.238713e-09 
185.9896725 4.979245e-09 
187.34724 4.544754e-09 
185.9895811 4.765865e-09 
187.3471855 4.146167e-09 
188.704858 4.190266e-09 
190.0624809 1.240856e-09 
191.4200909 1.052954e-09 
190.0624418 3.249626e-09 
191.4200753 2.737001e-09 
192.777664 7.447952e-10 
192.7776781 2.059619e-09 
195.4928307 1.275338e-10 
194.1352819 6.553683e-10 
195.492871 5.332929e-10 
196.8504422 1.44916e-10 
196.8505028 3.830617e-10 
198.2080279 2.673164e-10 
199.5656493 5.016644e-10 
198.2081041 1.741505e-10 
200.9231713 5.536444e-10 
200.9232477 4.391704e-10 
202.2807912 1.26876e-09 
203.6383933 1.437135e-09 
202.2808823 2.858718e-10 
203.6384874 1.029715e-10 
204.9960254 1.474893e-09 
206.3535271 2.911212e-09 
206.3536114 1.049505e-09 
108.6018719 3.706272e-09 
108.6021266 3.691559e-09 
111.3172109 1.330039e-09 
111.3174454 3.603765e-09 
114.0327767 2.148236e-09 
114.0329959 2.487313e-09 
116.748117 1.010733e-09 
116.7483153 2.611915e-09 
119.4636533 2.333336e-09 
119.4638432 2.173133e-09 
122.179007 1.704665e-09 
122.1791795 3.531968e-09 
124.8945378 3.533553e-09 
124.8946976 3.324862e-09 
127.6098949 1.431558e-09 
127.6100655 4.835348e-09 
130.3254273 2.7432e-09 
130.3255747 4.376857e-09 
133.0407481 6.99421e-10 
133.0409506 3.056388e-09 
135.7562711 1.928271e-09 
135.7564411 2.145586e-09 
138.4715295 3.679317e-09 
138.4717757 1.735007e-09 
141.187032 5.547241e-09 
141.1872367 7.041249e-10 
143.9022593 4.99271e-09 
143.9025102 4.72391e-09 
146.6177418 5.766086e-09 
146.61794 2.516792e-09 
149.3330037 1.815154e-09 
149.333196 3.567831e-09 
152.0484668 1.634514e-09 
152.0485998 9.40644e-10 
154.7637827 5.589475e-10 
154.7638933 3.223737e-10 
157.47921 2.172842e-10 
157.4792676 1.782109e-10 
160.1945291 1.2689e-09 
160.1945882 1.8057e-10 
162.9098951 1.112102e-09 
162.9099165 7.725942e-10 
165.6251779 3.117398e-09 
165.6252056 1.312172e-09 
168.3404735 2.619764e-09 
168.3404812 1.102953e-09 
171.0557471 2.488489e-09 
171.0557216 2.074146e-09 
173.7709852 2.55281e-09 
173.7709613 1.087651e-09 
176.4862903 3.64852e-09 
176.4861966 1.625898e-09 
179.2014927 5.105814e-09 
179.2014265 6.341455e-10 
181.9168152 5.452491e-09 
181.9166925 4.16453e-09 
184.6320005 6.267313e-09 
184.6319272 3.305136e-09 
187.3472807 2.768077e-09 
187.3472009 4.869204e-09 
190.0624617 2.321106e-09 
190.0624384 3.564773e-09 
192.7776618 4.289509e-10 
192.7776655 1.509484e-09 
195.4928502 1.846282e-10 
195.4928997 7.469684e-10 
198.2079975 1.0469e-10 
198.2080624 3.261842e-10 
200.9232064 6.912848e-10 
200.9232971 7.296243e-11 
203.638357 1.632135e-09 
203.6384362 6.926538e-10 
206.3535675 2.193348e-09 
206.3536601 2.942142e-10 
108.6017418 1.94409e-09 
108.6019981 4.460466e-09 
109.9596825 3.757075e-09 
111.3173298 2.783846e-09 
111.3175649 3.080014e-09 
112.6750216 1.765592e-09 
114.0326682 9.919315e-10 
114.0328835 2.895738e-09 
112.6752406 2.975704e-09 
115.3905676 2.420718e-09 
118.1059102 1.695819e-09 
116.748216 2.002604e-09 
118.1060988 2.428027e-09 
116.7484208 2.149586e-09 
119.463562 1.317177e-09 
119.4637455 2.845436e-09 
122.1790932 2.974183e-09 
120.8214363 3.079868e-09 
122.1792677 2.586628e-09 
123.536794 2.725066e-09 
123.5369589 3.675128e-09 
124.8944523 1.818982e-09 
124.8946198 4.385e-09 
126.2523206 4.536333e-09 
127.6099845 3.497601e-09 
127.6101342 4.116109e-09 
128.9676798 2.189207e-09 
130.3253289 8.000842e-10 
130.3255117 4.366803e-09 
128.967841 4.935334e-09 
131.6832074 3.179219e-09 
134.3985269 1.134676e-09 
133.0408584 1.874415e-09 
134.3987171 2.753968e-09 
133.0410131 3.655593e-09 
135.7561482 1.774088e-09 
135.7563742 1.802179e-09 
138.4716618 3.426243e-09 
137.1140426 1.916178e-09 
138.4718509 8.329768e-10 
139.8292993 4.583646e-09 
139.8295287 1.308783e-09 
141.1868969 5.145248e-09 
141.1871534 3.096338e-09 
142.5447931 5.413142e-09 
143.9023889 6.646765e-09 
143.9025982 1.674391e-09 
145.2600228 5.710075e-09 
146.6176263 3.483902e-09 
146.6178546 4.998952e-09 
145.2602496 3.760085e-09 
147.9754945 4.811358e-09 
150.6907619 1.892971e-09 
149.3330999 3.612071e-09 
150.6909236 2.084179e-09 
149.3332709 2.150396e-09 
152.0483917 8.684571e-10 
152.0485417 1.571953e-09 
154.7638401 5.618759e-10 
153.4062078 7.830372e-10 
154.7639323 9.779106e-11 
156.1215262 4.122678e-10 
156.1216047 8.1961e-11 
157.4791658 6.400719e-10 
157.4792456 1.927645e-11 
158.836926 6.684652e-11 
160.194565 3.900059e-10 
160.1945989 6.041534e-10 
161.5522433 1.092306e-09 
162.9098668 2.342273e-09 
162.9099104 6.026828e-10 
161.5522723 5.038501e-10 
164.2675744 1.199553e-09 
166.9828566 2.812316e-09 
165.625197 2.086874e-09 
166.9828583 1.162251e-09 
165.6252116 8.341567e-10 
168.3404689 3.017056e-09 
168.3404738 1.979281e-09 
171.0557331 2.559319e-09 
169.6981186 2.626968e-09 
171.0557281 1.324263e-09 
172.413396 2.773327e-09 
172.4133531 1.519509e-09 
173.77102 2.56781e-09 
173.7709591 1.691242e-09 
175.1286102 2.683395e-09 
176.4862375 3.455653e-09 
176.4861909 5.810489e-10 
177.8439196 4.921694e-09 
179.2015573 5.005736e-09 
179.2014406 2.570736e-09 
177.8438229 1.097022e-09 
180.5591113 5.295061e-09 
183.2744332 6.429389e-09 
181.9167491 6.433439e-09 
183.274323 3.763831e-09 
181.9166721 1.731482e-09 
184.6320584 4.508936e-09 
184.6319484 5.249941e-09 
187.34724 4.556158e-09 
185.9896186 6.035116e-09 
187.3471854 4.152079e-09 
188.7048924 2.806301e-09 
188.7048345 4.31417e-09 
190.0624811 1.244332e-09 
190.0624418 3.25563e-09 
191.4200795 2.033226e-09 
192.777664 7.492983e-10 
192.777678 2.062405e-09 
194.1352717 2.415383e-10 
195.4928308 1.297171e-10 
195.492871 5.348351e-10 
194.135298 1.176711e-09 
196.8504692 2.88783e-10 
199.5656125 4.848602e-10 
198.2080279 2.668989e-10 
199.5656946 2.313863e-10 
198.2081041 1.752141e-10 
200.9231713 5.528084e-10 
200.9232477 4.39498e-10 
203.6383933 1.43834e-09 
202.2808318 9.567398e-10 
203.6384874 1.03376e-10 
204.9959831 2.319369e-09 
204.9960768 4.117211e-10 
206.353527 2.917052e-09 
206.3536114 1.050246e-09 
109.9595641 2.448226e-09 
109.9598023 3.759377e-09 
112.6751294 2.878582e-09 
115.3904687 1.510689e-09 
115.3906717 2.479364e-09 
118.1060014 2.498737e-09 
120.8213509 2.196881e-09 
120.8215265 2.85841e-09 
123.5368759 3.933545e-09 
126.2522384 2.799549e-09 
126.2523977 4.574388e-09 
128.9677667 4.300655e-09 
131.6831114 1.302989e-09 
131.6832835 4.271984e-09 
134.3986349 1.98817e-09 
137.1139226 2.408268e-09 
137.1141342 1.398943e-09 
139.8294279 3.418311e-09 
142.544663 6.106759e-09 
142.5448993 2.530356e-09 
145.2601456 6.124354e-09 
147.9753876 3.83967e-09 
147.9755882 3.583507e-09 
150.6908478 2.522299e-09 
153.4061444 7.946121e-10 
153.4062624 5.880918e-10 
156.1215705 1.025099e-10 
158.8368962 4.790826e-10 
158.8369447 2.7649e-10 
161.5522634 4.178197e-10 
164.2675631 2.100851e-09 
164.2675784 7.231681e-10 
166.9828579 2.146528e-09 
169.6981315 2.868986e-09 
169.698114 1.586246e-09 
172.4133661 2.587497e-09 
175.1286579 3.43512e-09 
175.1285863 1.091136e-09 
177.843858 3.67642e-09 
180.5591801 6.317094e-09 
180.5590685 2.140488e-09 
183.2743672 6.434374e-09 
185.9896727 4.982655e-09 
185.989581 4.775199e-09 
188.704858 4.196493e-09 
191.420091 1.057121e-09 
191.4200752 2.741283e-09 
194.1352819 6.568659e-10 
196.8504423 1.455694e-10 
196.8505027 3.846002e-10 
199.5656493 5.010653e-10 
202.2807911 1.268289e-09 
202.2808823 2.868481e-10 
204.9960254 1.477858e-09 
108.6018718 3.709026e-09 
109.9596824 3.753748e-09 
108.6021265 3.69061e-09 
111.3172108 1.331768e-09 
111.3174454 3.601681e-09 
112.6750215 1.764207e-09 
114.0327767 2.147769e-09 
112.6752406 2.976407e-09 
114.0329959 2.489342e-09 
115.3905675 2.417436e-09 
116.7481169 1.010154e-09 
118.1059101 1.691695e-09 
116.7483152 2.610757e-09 
118.1060988 2.431357e-09 
119.4636532 2.330619e-09 
119.4638433 2.17701e-09 
122.1790069 1.699678e-09 
122.1791795 3.535205e-09 
120.8214362 3.078339e-09 
123.5367939 2.714836e-09 
123.5369589 3.683774e-09 
124.8945377 3.526963e-09 
126.2523206 4.534327e-09 
124.8946977 3.332684e-09 
127.6098948 1.422294e-09 
127.6100655 4.839291e-09 
128.9676797 2.179085e-09 
130.3254272 2.740212e-09 
128.9678411 4.945237e-09 
130.3255748 4.386392e-09 
131.6832074 3.181387e-09 
133.0407479 7.051551e-10 
134.3985268 1.142781e-09 
133.0409507 3.059139e-09 
134.3987173 2.760718e-09 
135.7562711 1.937849e-09 
135.7564413 2.150741e-09 
138.4715294 3.705698e-09 
138.4717758 1.735838e-09 
137.1140427 1.927123e-09 
139.8292993 4.613395e-09 
139.8295288 1.30994e-09 
141.1870322 5.568388e-09 
142.5447933 5.431543e-09 
141.1872368 7.004295e-10 
143.9022593 5.018698e-09 
143.9025104 4.722616e-09 
145.2600228 5.736188e-09 
146.617742 5.778305e-09 
145.2602498 3.756628e-09 
146.6179401 2.508051e-09 
147.9754947 4.822536e-09 
149.3330039 1.824865e-09 
150.6907621 1.901722e-09 
149.3331961 3.564272e-09 
150.6909238 2.080603e-09 
152.0484671 1.634395e-09 
152.0485999 9.351823e-10 
154.763783 5.570541e-10 
154.7638935 3.202441e-10 
153.406208 7.837972e-10 
156.1215265 4.113795e-10 
156.1216048 8.205669e-11 
157.4792102 2.174122e-10 
158.8369262 7.02511e-11 
157.4792676 1.791661e-10 
160.1945295 1.269134e-09 
160.1945882 1.836805e-10 
161.5522436 1.097961e-09 
162.9098954 1.123098e-09 
161.5522724 5.08074e-10 
162.9099164 7.744615e-10 
164.2675746 1.213755e-09 
165.6251783 3.121787e-09 
166.9828569 2.827627e-09 
165.6252056 1.320464e-09 
166.9828584 1.168371e-09 
168.3404737 2.641771e-09 
168.340481 1.099308e-09 
171.0557475 2.494777e-09 
171.0557216 2.085525e-09 
169.6981187 2.649567e-09 
172.4133963 2.792218e-09 
172.4133531 1.525963e-09 
173.7709854 2.579659e-09 
175.1286103 2.707828e-09 
173.7709611 1.082488e-09 
176.4862907 3.653995e-09 
176.4861966 1.639982e-09 
177.8439199 4.934559e-09 
179.2014929 5.124567e-09 
177.8438229 1.105557e-09 
179.2014263 6.354088e-10 
180.5591114 5.309512e-09 
181.9168156 5.451963e-09 
183.2744335 6.431959e-09 
181.9166925 4.175586e-09 
183.2743229 3.77165e-09 
184.6320007 6.276529e-09 
184.6319271 3.312648e-09 
187.347281 2.767285e-09 
187.3472008 4.87658e-09 
185.9896187 6.040045e-09 
188.7048926 2.807747e-09 
188.7048345 4.318741e-09 
190.0624618 2.325657e-09 
191.4200796 2.034368e-09 
190.0624384 3.569883e-09 
192.777662 4.321866e-10 
192.7776655 1.51142e-09 
194.1352718 2.434295e-10 
195.4928503 1.852411e-10 
194.135298 1.177776e-09 
195.4928997 7.493136e-10 
196.8504692 2.877921e-10 
198.2079975 1.044938e-10 
199.5656125 4.831813e-10 
198.2080624 3.260279e-10 
199.5656946 2.319171e-10 
200.9232063 6.899792e-10 
200.9232971 7.323632e-11 
203.6383569 1.631328e-09 
202.2808318 9.580868e-10 
203.6384362 6.943085e-10 
204.995983 2.323481e-09 
204.9960768 4.128036e-10 
206.3535675 2.199681e-09 
206.3536602 2.946261e-10 
108.6017417 1.944281e-09 
108.601998 4.457357e-09 
111.3173298 2.779439e-09 
111.3175649 3.082107e-09 
114.0326681 9.898001e-10 
114.0328835 2.892756e-09 
116.7482159 1.996877e-09 
116.7484208 2.154817e-09 
119.4635619 1.312418e-09 
119.4637455 2.845305e-09 
122.1790931 2.966366e-09 
122.1792677 2.593339e-09 
124.8944521 1.808173e-09 
124.8946198 4.387315e-09 
127.6099844 3.487982e-09 
127.6101343 4.124136e-09 
130.3253286 7.929923e-10 
130.3255118 4.369387e-09 
133.0408584 1.87682e-09 
133.0410133 3.663647e-09 
135.756148 1.788614e-09 
135.7563743 1.807629e-09 
138.4716618 3.451868e-09 
138.471851 8.35184e-10 
141.1868967 5.176968e-09 
141.1871535 3.107929e-09 
143.902389 6.68057e-09 
143.9025984 1.67146e-09 
146.6176262 3.509505e-09 
146.6178548 5.007867e-09 
149.3331001 3.629992e-09 
149.333271 2.145107e-09 
152.0483918 8.804077e-10 
152.048542 1.574054e-09 
154.7638403 5.649074e-10 
154.7639324 9.689778e-11 
157.479166 6.458194e-10 
157.4792458 2.070587e-11 
160.1945653 3.968457e-10 
160.1945989 6.086653e-10 
162.9098671 2.350545e-09 
162.9099105 6.12457e-10 
165.6251973 2.10582e-09 
165.6252116 8.39299e-10 
168.3404693 3.02578e-09 
168.3404739 1.996116e-09 
171.0557334 2.58307e-09 
171.0557281 1.326165e-09 
173.7710204 2.573078e-09 
173.7709592 1.7104e-09 
176.4862378 3.472259e-09 
176.4861909 5.836092e-10 
179.2015576 5.002264e-09 
179.2014407 2.583144e-09 
181.9167493 6.438254e-09 
181.9166721 1.737099e-09 
184.6320587 4.503252e-09 
184.6319484 5.254669e-09 
187.3472402 4.554692e-09 
187.3471854 4.158566e-09 
190.0624813 1.244543e-09 
190.0624418 3.256148e-09 
192.7776641 7.494148e-10 
192.777678 2.064997e-09 
195.4928309 1.310923e-10 
195.492871 5.340454e-10 
198.2080279 2.652919e-10 
198.2081041 1.75944e-10 
200.9231712 5.505421e-10 
200.9232477 4.397674e-10 
203.6383933 1.43919e-09 
203.6384874 1.031668e-10 
206.353527 2.920413e-09 
206.3536114 1.052817e-09 
109.959564 2.443399e-09 
108.6018718 3.703106e-09 
109.9598023 3.758877e-09 
108.6021265 3.691756e-09 
111.3172108 1.327773e-09 
111.3174453 3.598001e-09 
114.0327766 2.139737e-09 
112.6751293 2.872265e-09 
114.0329959 2.49345e-09 
115.3904686 1.505405e-09 
115.3906717 2.481396e-09 
116.7481168 1.006124e-09 
118.1060013 2.493995e-09 
116.7483152 2.609388e-09 
119.4636531 2.322784e-09 
119.4638433 2.182909e-09 
120.8213508 2.188067e-09 
122.1790068 1.691894e-09 
122.1791794 3.534234e-09 
120.8215265 2.862542e-09 
123.5368758 3.929066e-09 
126.2522382 2.786006e-09 
124.8945376 3.518147e-09 
126.2523977 4.580445e-09 
124.8946977 3.33726e-09 
127.6098946 1.412528e-09 
127.6100655 4.839185e-09 
130.3254272 2.733776e-09 
128.9677667 4.296191e-09 
130.3255749 4.390965e-09 
131.6831112 1.296319e-09 
131.6832836 4.279319e-09 
133.0407477 7.042053e-10 
134.3986349 1.993837e-09 
133.0409508 3.061735e-09 
135.756271 1.950939e-09 
135.7564414 2.154618e-09 
137.1139224 2.424605e-09 
138.4715291 3.720423e-09 
138.4717759 1.74934e-09 
137.1141344 1.405918e-09 
139.829428 3.441505e-09 
142.5446629 6.138562e-09 
141.1870321 5.601656e-09 
142.5448994 2.538782e-09 
141.187237 7.025848e-10 
143.9022591 5.043253e-09 
143.9025106 4.742479e-09 
146.6177421 5.810467e-09 
145.2601457 6.15077e-09 
146.6179403 2.509024e-09 
147.9753876 3.862451e-09 
147.9755883 3.58836e-09 
149.3330037 1.845689e-09 
150.690848 2.534553e-09 
149.3331963 3.576936e-09 
152.0484672 1.648891e-09 
152.0486 9.351291e-10 
153.4061445 8.023862e-10 
154.7637829 5.706821e-10 
154.7638937 3.224524e-10 
153.4062626 5.905689e-10 
156.1215707 1.037703e-10 
158.8368964 4.825515e-10 
157.4792104 2.212543e-10 
158.8369448 2.804528e-10 
157.4792677 1.814054e-10 
160.1945296 1.279719e-09 
160.1945884 1.891408e-10 
162.9098956 1.133142e-09 
161.5522636 4.262204e-10 
162.9099165 7.817236e-10 
164.2675633 2.110259e-09 
164.2675786 7.321405e-10 
165.6251785 3.132016e-09 
166.9828581 2.163793e-09 
165.6252058 1.334512e-09 
168.340474 2.656434e-09 
168.3404812 1.108552e-09 
169.6981318 2.881508e-09 
171.0557477 2.500883e-09 
171.0557218 2.104483e-09 
169.6981141 1.598772e-09 
172.4133663 2.608407e-09 
175.1286582 3.442689e-09 
173.7709857 2.587837e-09 
175.1285863 1.102822e-09 
173.7709612 1.090206e-09 
176.4862909 3.649713e-09 
176.4861968 1.653571e-09 
179.2014932 5.121688e-09 
177.8438582 3.690797e-09 
179.2014264 6.40726e-10 
180.5591804 6.317669e-09 
180.5590686 2.146935e-09 
181.9168158 5.444405e-09 
183.2743673 6.436669e-09 
181.9166926 4.176025e-09 
184.6320009 6.267552e-09 
184.6319271 3.316604e-09 
185.9896729 4.980417e-09 
187.3472811 2.763273e-09 
187.347201 4.872345e-09 
185.989581 4.77758e-09 
188.7048581 4.194162e-09 
191.4200912 1.057026e-09 
190.0624619 2.32044e-09 
191.4200752 2.740483e-09 
190.0624384 3.571614e-09 
192.7776621 4.318887e-10 
192.7776656 1.50861e-09 
195.4928503 1.836435e-10 
194.135282 6.553795e-10 
195.4928997 7.494297e-10 
196.8504423 1.448858e-10 
196.8505027 3.841374e-10 
198.2079976 1.035461e-10 
198.2080624 3.253235e-10 
199.5656493 5.003928e-10 
200.9232063 6.88967e-10 
200.9232971 7.324569e-11 
202.2807911 1.266351e-09 
203.6383568 1.630308e-09 
203.6384361 6.950553e-10 
202.2808823 2.874808e-10 
204.9960254 1.481423e-09 
206.3535674 2.204919e-09 
206.3536602 2.937022e-10 
109.9596824 3.747273e-09 
112.6750215 1.757009e-09 
112.6752406 2.977069e-09 
115.3905675 2.412128e-09 
118.10591 1.685494e-09 
118.1060988 2.43303e-09 
120.8214361 3.072713e-09 
123.5367938 2.706144e-09 
123.5369589 3.683879e-09 
126.2523205 4.52807e-09 
128.9676796 2.168768e-09 
128.9678411 4.946261e-09 
131.6832074 3.177677e-09 
134.3985267 1.141966e-09 
134.3987173 2.764923e-09 
137.1140426 1.93998e-09 
139.8292991 4.627881e-09 
139.8295289 1.32089e-09 
142.5447932 5.458252e-09 
145.2600227 5.758278e-09 
145.2602499 3.771053e-09 
147.9754947 4.84469e-09 
150.690762 1.917386e-09 
150.6909239 2.089914e-09 
153.4062081 7.904209e-10 
156.1215265 4.182977e-10 
156.1216049 8.569513e-11 
158.8369264 7.177305e-11 
161.5522437 1.101839e-09 
161.5522725 5.146208e-10 
164.2675748 1.221767e-09 
166.9828571 2.830757e-09 
166.9828585 1.180458e-09 
169.6981189 2.659827e-09 
172.4133965 2.790018e-09 
172.4133533 1.539867e-09 
175.1286105 2.714949e-09 
177.8439201 4.928066e-09 
177.8438231 1.112887e-09 
180.5591116 5.30601e-09 
183.2744337 6.426815e-09 
183.274323 3.770544e-09 
185.9896189 6.032682e-09 
188.7048927 2.803852e-09 
188.7048346 4.314849e-09 
191.4200797 2.029902e-09 
194.1352719 2.416301e-10 
194.135298 1.174913e-09 
196.8504692 2.865857e-10 
199.5656125 4.822188e-10 
199.5656946 2.317687e-10 
202.2808317 9.577054e-10 
204.995983 2.325111e-09 
204.9960768 4.127492e-10 
108.6017417 1.941137e-09 
109.959564 2.437536e-09 
108.601998 4.451391e-09 
109.9598023 3.758284e-09 
111.3173297 2.771459e-09 
111.3175649 3.084577e-09 
114.0326681 9.854114e-10 
112.6751293 2.869332e-09 
114.0328834 2.891838e-09 
115.3904686 1.500378e-09 
115.3906717 2.481621e-09 
116.7482158 1.990222e-09 
118.1060013 2.49036e-09 
116.7484208 2.157751e-09 
119.4635619 1.308556e-09 
119.4637455 2.843818e-09 
120.8213508 2.184758e-09 
122.1790931 2.959955e-09 
120.8215265 2.860297e-09 
122.1792677 2.595631e-09 
123.5368758 3.923434e-09 
124.8944521 1.802743e-09 
126.2522382 2.782313e-09 
124.8946197 4.384184e-09 
126.2523977 4.575762e-09 
127.6099843 3.482479e-09 
127.6101343 4.124179e-09 
130.3253286 7.889727e-10 
128.9677666 4.290302e-09 
130.3255118 4.367261e-09 
131.6831112 1.291736e-09 
131.6832835 4.275461e-09 
133.0408583 1.876961e-09 
134.3986348 1.993979e-09 
133.0410133 3.662819e-09 
135.7561478 1.786202e-09 
135.7563743 1.813747e-09 
137.1139223 2.420822e-09 
138.4716617 3.467357e-09 
137.1141344 1.409943e-09 
138.4718511 8.372157e-10 
139.8294279 3.453731e-09 
141.1868965 5.180652e-09 
142.5446628 6.140091e-09 
141.1871536 3.125404e-09 
142.5448994 2.552166e-09 
143.9023889 6.705215e-09 
143.9025985 1.676643e-09 
146.617626 3.522988e-09 
145.2601456 6.168231e-09 
146.6178549 5.027271e-09 
147.9753874 3.873106e-09 
147.9755884 3.603052e-09 
149.3331 3.651875e-09 
150.6908479 2.54637e-09 
149.3332712 2.150124e-09 
152.0483915 8.96101e-10 
152.0485421 1.582793e-09 
153.4061443 8.119685e-10 
154.7638403 5.728912e-10 
153.4062626 5.973942e-10 
154.7639325 9.868034e-11 
156.1215707 1.056637e-10 
157.4791658 6.586599e-10 
158.8368963 4.867584e-10 
157.4792459 2.245247e-11 
158.8369449 2.83099e-10 
160.1945653 3.988856e-10 
160.1945991 6.121373e-10 
162.9098669 2.359737e-09 
161.5522636 4.247139e-10 
162.9099107 6.190388e-10 
164.2675632 2.107009e-09 
164.2675787 7.388662e-10 
165.6251974 2.108911e-09 
166.9828582 2.163138e-09 
165.6252118 8.483659e-10 
168.3404692 3.030271e-09 
168.3404741 2.007821e-09 
169.6981318 2.869927e-09 
171.0557336 2.58005e-09 
169.6981142 1.608704e-09 
171.0557282 1.338306e-09 
172.4133665 2.603371e-09 
173.7710204 2.568953e-09 
175.1286582 3.427533e-09 
173.7709595 1.720314e-09 
175.1285865 1.110401e-09 
176.486238 3.459853e-09 
176.486191 5.92579e-10 
179.2015576 4.994447e-09 
177.8438583 3.678919e-09 
179.2014409 2.580845e-09 
180.5591804 6.307228e-09 
180.5590687 2.144332e-09 
181.9167495 6.421842e-09 
183.2743674 6.424353e-09 
181.9166722 1.738314e-09 
184.6320586 4.497951e-09 
184.6319486 5.245598e-09 
185.9896729 4.97374e-09 
187.3472403 4.542291e-09 
185.9895811 4.770606e-09 
187.3471854 4.157567e-09 
188.7048582 4.185568e-09 
190.0624812 1.240699e-09 
191.4200912 1.052041e-09 
190.0624419 3.249567e-09 
191.4200753 2.735715e-09 
192.7776642 7.444635e-10 
192.777678 2.063762e-09 
195.4928309 1.295166e-10 
194.1352821 6.524566e-10 
195.492871 5.320809e-10 
196.8504423 1.437062e-10 
196.8505028 3.823908e-10 
198.2080279 2.647427e-10 
199.5656493 5.00024e-10 
198.2081041 1.755023e-10 
200.9231713 5.49767e-10 
200.9232477 4.393635e-10 
202.2807911 1.26714e-09 
203.6383932 1.439222e-09 
202.2808823 2.87015e-10 
203.6384874 1.025359e-10 
204.9960254 1.480538e-09 
206.353527 2.917549e-09 
206.3536114 1.05305e-09 
108.6018717 3.695591e-09 
108.6021265 3.69376e-09 
111.3172107 1.324545e-09 
111.3174453 3.596619e-09 
114.0327766 2.136302e-09 
114.0329959 2.493997e-09 
116.7481169 1.003853e-09 
116.7483152 2.609448e-09 
119.4636531 2.320018e-09 
119.4638432 2.181353e-09 
122.1790068 1.692056e-09 
122.1791794 3.5312e-09 
124.8945376 3.516467e-09 
124.8946977 3.334721e-09 
127.6098947 1.414711e-09 
127.6100655 4.834401e-09 
130.3254271 2.73395e-09 
130.3255749 4.385319e-09 
133.0407477 6.99196e-10 
133.0409507 3.060423e-09 
135.756271 1.949623e-09 
135.7564414 2.150801e-09 
138.4715291 3.706141e-09 
138.4717759 1.755159e-09 
141.187032 5.603737e-09 
141.187237 7.067973e-10 
143.9022589 5.03306e-09 
143.9025105 4.755303e-09 
146.6177419 5.819126e-09 
146.6179403 2.516761e-09 
149.3330034 1.849909e-09 
149.3331963 3.58879e-09 
152.048467 1.658624e-09 
152.0486001 9.402258e-10 
154.7637826 5.806183e-10 
154.7638937 3.259265e-10 
157.4792103 2.233869e-10 
157.4792678 1.822206e-10 
160.1945292 1.286831e-09 
160.1945885 1.889829e-10 
162.9098955 1.127169e-09 
162.9099167 7.848696e-10 
165.6251781 3.133641e-09 
165.6252059 1.336469e-09 
168.3404739 2.643571e-09 
168.3404813 1.117613e-09 
171.0557474 2.494913e-09 
171.055722 2.104877e-09 
173.7709857 2.56779e-09 
173.7709614 1.100866e-09 
176.4862907 3.641964e-09 
176.4861969 1.647279e-09 
179.2014932 5.098773e-09 
179.2014266 6.436565e-10 
181.9168155 5.441052e-09 
181.9166928 4.16518e-09 
184.6320009 6.251535e-09 
184.6319272 3.312659e-09 
187.347281 2.75955e-09 
187.3472011 4.861839e-09 
190.0624619 2.311357e-09 
190.0624384 3.567617e-09 
192.777662 4.28293e-10 
192.7776656 1.505127e-09 
195.4928503 1.820952e-10 
195.4928997 7.473568e-10 
198.2079975 1.027259e-10 
198.2080624 3.2481e-10 
200.9232063 6.892762e-10 
200.923297 7.29611e-11 
203.6383569 1.631217e-09 
203.6384361 6.941673e-10 
206.3535674 2.202589e-09 
206.3536602 2.92452e-10 
108.6017417 1.938962e-09 
108.601998 4.451636e-09 
109.9596824 3.745024e-09 
111.3173297 2.770884e-09 
111.3175649 3.084814e-09 
112.6750215 1.755147e-09 
114.0326681 9.852168e-10 
114.0328835 2.892999e-09 
112.6752406 2.976851e-09 
115.3905675 2.412929e-09 
118.1059101 1.684999e-09 
116.7482159 1.992326e-09 
118.1060988 2.430023e-09 
116.7484208 2.154057e-09 
119.463562 1.310298e-09 
119.4637455 2.84309e-09 
122.1790931 2.962728e-09 
120.8214362 3.070625e-09 
122.1792676 2.589995e-09 
123.5367939 2.70901e-09 
123.5369588 3.677932e-09 
124.8944522 1.811299e-09 
126.2523205 4.524307e-09 
124.8946197 4.380183e-09 
127.6099844 3.487924e-09 
127.6101343 4.11659e-09 
130.3253287 7.931799e-10 
128.9676797 2.172637e-09 
130.3255117 4.363497e-09 
128.967841 4.937887e-09 
131.6832073 3.17482e-09 
134.3985267 1.134513e-09 
133.0408583 1.875214e-09 
134.3987172 2.759553e-09 
133.0410132 3.654277e-09 
135.756148 1.770315e-09 
135.7563742 1.811394e-09 
138.4716616 3.451077e-09 
137.1140425 1.937136e-09 
138.471851 8.357135e-10 
139.829299 4.610674e-09 
139.8295288 1.324939e-09 
141.1868965 5.15273e-09 
141.1871534 3.123934e-09 
142.5447931 5.458046e-09 
143.9023888 6.687545e-09 
143.9025984 1.683026e-09 
145.2600225 5.746658e-09 
146.6176258 3.504903e-09 
146.6178548 5.030255e-09 
145.2602498 3.781543e-09 
147.9754945 4.849001e-09 
150.6907618 1.919618e-09 
149.3330998 3.647564e-09 
150.6909238 2.098792e-09 
149.3332711 2.157141e-09 
152.0483912 8.940924e-10 
152.0485419 1.586282e-09 
154.7638401 5.750541e-10 
153.4062079 7.939707e-10 
154.7639325 1.006153e-10 
156.1215262 4.230593e-10 
156.1216049 8.785571e-11 
157.4791655 6.600521e-10 
157.4792458 2.202877e-11 
158.8369262 6.943508e-11 
160.1945651 3.935225e-10 
160.1945992 6.101743e-10 
161.5522434 1.099152e-09 
162.9098665 2.358395e-09 
162.9099107 6.132205e-10 
161.5522726 5.145918e-10 
164.2675747 1.212074e-09 
166.9828568 2.816022e-09 
165.6251972 2.09118e-09 
166.9828586 1.182775e-09 
165.6252119 8.49399e-10 
168.3404688 3.022765e-09 
168.3404741 1.999024e-09 
171.0557334 2.556046e-09 
169.6981189 2.645408e-09 
171.0557284 1.34352e-09 
172.4133963 2.769907e-09 
172.4133534 1.541666e-09 
173.77102 2.560895e-09 
173.7709595 1.706562e-09 
175.1286105 2.694038e-09 
176.4862378 3.435259e-09 
176.4861912 5.959883e-10 
177.8439199 4.911345e-09 
179.2015572 4.993132e-09 
179.2014409 2.567986e-09 
177.8438232 1.110163e-09 
180.5591116 5.289053e-09 
183.2744335 6.419659e-09 
181.9167493 6.407441e-09 
183.2743231 3.762858e-09 
181.9166723 1.734542e-09 
184.6320583 4.498595e-09 
184.6319486 5.235869e-09 
187.3472402 4.53525e-09 
185.9896188 6.02169e-09 
187.3471855 4.14987e-09 
188.7048926 2.798095e-09 
188.7048346 4.30828e-09 
190.062481 1.237927e-09 
191.4200797 2.025153e-09 
190.062442 3.245794e-09 
192.7776641 7.413589e-10 
192.7776781 2.060433e-09 
195.4928307 1.2752e-10 
194.1352718 2.388563e-10 
195.4928711 5.316364e-10 
194.1352981 1.172283e-09 
196.8504692 2.865171e-10 
199.5656125 4.833081e-10 
198.2080279 2.658118e-10 
199.5656946 2.308389e-10 
198.2081041 1.744336e-10 
200.9231713 5.521475e-10 
200.9232477 4.388493e-10 
203.6383933 1.438083e-09 
202.2808317 9.566675e-10 
203.6384873 1.025318e-10 
204.9959831 2.322847e-09 
204.9960768 4.116817e-10 
206.3535271 2.912834e-09 
206.3536114 1.050999e-09 
109.959564 2.438189e-09 
109.9598023 3.759457e-09 
112.6751294 2.872206e-09 
115.3904687 1.503255e-09 
115.3906717 2.479209e-09 
118.1060014 2.493416e-09 
120.8213509 2.190133e-09 
120.8215265 2.854822e-09 
123.5368758 3.923863e-09 
126.2522384 2.793616e-09 
126.2523976 4.567745e-09 
128.9677666 4.290992e-09 
131.6831113 1.295114e-09 
131.6832834 4.266667e-09 
134.3986348 1.988857e-09 
137.1139224 2.401212e-09 
137.1141342 1.405308e-09 
139.8294278 3.437858e-09 
142.5446628 6.109965e-09 
142.5448993 2.552628e-09 
145.2601454 6.153377e-09 
147.9753872 3.855809e-09 
147.9755882 3.606579e-09 
150.6908477 2.542271e-09 
153.4061441 8.105468e-10 
153.4062625 5.99183e-10 
156.1215705 1.054629e-10 
158.836896 4.852016e-10 
158.8369448 2.807436e-10 
161.5522635 4.161816e-10 
164.2675629 2.096788e-09 
164.2675787 7.334415e-10 
166.982858 2.143945e-09 
169.6981314 2.852275e-09 
169.6981142 1.60293e-09 
172.4133663 2.578461e-09 
175.1286579 3.41066e-09 
175.1285865 1.103018e-09 
177.8438582 3.658091e-09 
180.5591801 6.300117e-09 
180.5590687 2.136903e-09 
183.2743673 6.41513e-09 
185.9896727 4.972225e-09 
185.9895812 4.763592e-09 
188.7048581 4.182633e-09 
191.420091 1.049644e-09 
191.4200753 2.733611e-09 
194.135282 6.523344e-10 
196.8504422 1.437411e-10 
196.8505028 3.817733e-10 
199.5656493 5.009148e-10 
202.2807912 1.268409e-09 
202.2808823 2.861296e-10 
204.9960254 1.476593e-09 
