# c_kinat vs. Position.Y (2660 data points):
# Position.Y c_kinat
1.3463218 4.388833e-09 
1.3467436 1.864822e-09 
2.7040276 3.106843e-09 
2.7044697 9.617893e-10 
4.0618141 1.712307e-09 
5.4195553 8.69787e-10 
4.0622778 4.222051e-10 
6.7768777 9.613971e-10 
6.7773621 2.205692e-10 
8.1346217 4.225854e-10 
9.4924284 8.965165e-11 
8.1351227 9.862941e-11 
9.4929311 9.462207e-11 
10.8501866 6.371258e-11 
12.2074708 3.366282e-11 
13.5652285 8.312101e-11 
12.2079961 3.352558e-11 
13.565749 8.330316e-11 
14.9230365 1.286038e-10 
14.9235416 3.348115e-10 
17.6380626 3.020603e-11 
16.2807907 3.440561e-10 
17.6385872 7.038886e-10 
18.9958123 2.843827e-10 
18.9963291 1.32793e-09 
20.3536053 6.685842e-10 
21.7113495 1.263323e-09 
20.3541126 1.875145e-09 
23.0686208 3.751348e-10 
24.4263588 6.520942e-10 
23.0691389 1.588987e-09 
24.4268832 1.444406e-09 
25.7841459 6.668471e-10 
25.7846793 1.178983e-09 
28.4991641 2.545956e-10 
27.1418959 5.811124e-10 
28.4997013 7.154663e-10 
29.8569111 1.305485e-10 
29.8574683 7.991245e-10 
31.2147173 6.232914e-10 
32.5724924 1.546011e-09 
31.2152922 1.070912e-09 
33.9297556 1.577823e-09 
33.930325 2.544106e-09 
35.2875311 3.097632e-09 
36.645365 4.396349e-09 
35.288113 2.535825e-09 
36.6459491 1.836748e-09 
38.0031592 4.390794e-09 
39.3604307 5.904162e-09 
40.7182255 5.946014e-09 
39.3609986 3.25545e-09 
40.71878 1.327933e-09 
42.076064 4.408325e-09 
42.0765969 2.292579e-10 
44.7911495 4.430373e-09 
43.4338481 2.114522e-09 
44.7916637 5.211002e-10 
46.1489348 2.515859e-09 
46.1494181 9.329336e-11 
47.50675 1.077628e-09 
48.8645083 6.213724e-10 
47.507207 4.174909e-10 
50.2218476 1.005869e-09 
50.2222973 6.075861e-10 
51.5796133 9.060128e-10 
52.9374086 1.098208e-09 
51.5800365 7.442563e-10 
52.9378211 3.729285e-10 
54.2951573 1.153455e-09 
55.6525256 8.521245e-10 
57.0102908 9.419092e-10 
55.652946 7.107115e-10 
57.0106943 3.705561e-10 
58.3680928 9.258777e-10 
58.3684962 6.855832e-11 
61.0832421 5.384782e-10 
59.725853 7.854355e-10 
61.0836583 4.061027e-10 
62.4410222 5.196764e-10 
62.4414178 2.739592e-10 
63.7988401 4.373158e-10 
65.1566075 4.662148e-10 
63.7992304 1.991886e-10 
66.5140209 2.211691e-10 
66.5144179 4.087394e-10 
67.8718041 2.586748e-10 
69.2296202 6.058285e-10 
67.872172 4.796401e-10 
69.2299782 7.898922e-10 
70.5873768 1.419319e-09 
71.9448184 4.91322e-10 
73.3025853 1.803371e-09 
71.9451762 2.085298e-09 
73.3029186 2.362988e-09 
74.6603843 3.060963e-09 
74.6607169 2.162047e-09 
77.3755893 2.926078e-09 
76.0181277 4.101869e-09 
77.3759192 3.813265e-09 
78.7333402 4.479518e-09 
78.7336631 3.111743e-09 
80.0911296 4.614234e-09 
81.4488763 4.28117e-09 
80.0914664 1.983891e-09 
82.806343 3.888524e-09 
82.8066751 3.091897e-09 
84.1640959 3.994643e-09 
85.5218931 3.377006e-09 
84.1644335 2.278164e-09 
85.5222474 1.605964e-09 
86.8796547 2.895735e-09 
88.2371219 2.359949e-09 
89.5948869 2.350529e-09 
88.2374661 2.473608e-09 
89.5952337 2.158745e-09 
90.9526967 2.454631e-09 
90.9530496 1.965913e-09 
93.6679428 1.430788e-09 
92.3104656 2.549617e-09 
93.6682803 2.861699e-09 
95.025712 1.907429e-09 
95.026042 2.762624e-09 
96.3835249 2.694854e-09 
97.7412866 3.16495e-09 
96.3838496 2.68878e-09 
99.0987859 1.561712e-09 
99.099094 3.722342e-09 
100.4565474 2.356685e-09 
101.8143539 3.34604e-09 
100.4568416 3.615336e-09 
101.8146371 3.226778e-09 
103.1721022 3.878976e-09 
104.5296294 1.833854e-09 
105.8873797 2.644013e-09 
104.5298983 4.040143e-09 
105.8876336 3.76154e-09 
107.2451769 3.263448e-09 
107.2454169 2.923367e-09 
1.3465331 3.009061e-09 
1.346964 9.632055e-10 
2.7042443 1.975049e-09 
4.0615898 2.575561e-09 
5.419322 1.555918e-09 
4.0620402 8.850824e-10 
5.4197958 3.522731e-10 
6.7771194 5.492518e-10 
6.7776094 2.110287e-10 
9.4921718 1.315274e-10 
8.1348717 2.105215e-10 
9.4926831 4.041916e-11 
10.8499254 6.914533e-11 
10.8504415 1.439252e-11 
12.2077359 7.553907e-11 
13.5654942 1.126008e-10 
12.2082415 1.565797e-11 
14.9227696 7.542205e-11 
14.9232978 1.8708e-10 
16.2805254 1.288952e-10 
17.6383265 2.979722e-10 
16.2810448 5.574888e-10 
17.6388311 1.148047e-09 
18.996075 8.345189e-10 
20.3533463 1.164292e-10 
21.7110888 5.70183e-10 
20.3538658 1.374654e-09 
21.7116061 1.765577e-09 
23.0688761 9.144798e-10 
24.4266202 1.139978e-09 
23.0693928 1.845849e-09 
25.7838907 4.641281e-10 
25.7844147 1.141907e-09 
27.1416299 3.28367e-10 
28.4994236 2.515563e-10 
27.1421686 8.172894e-10 
28.4999784 7.313682e-10 
29.8571849 4.732971e-10 
31.21445 3.460056e-10 
32.5722102 9.898013e-10 
31.2150044 1.200788e-09 
32.5727842 1.649638e-09 
33.9300314 2.283411e-09 
33.930618 1.749731e-09 
36.6450835 3.882055e-09 
35.2878188 3.32958e-09 
36.645659 3.585952e-09 
38.0028718 5.290994e-09 
38.0034476 2.427532e-09 
39.3607123 5.358866e-09 
40.7185052 3.784754e-09 
39.3612775 1.081305e-09 
42.0757893 6.119941e-09 
42.0763355 1.808142e-09 
43.4335827 4.614023e-09 
44.7914115 2.465007e-09 
43.4341039 2.797131e-10 
44.7919055 5.212106e-11 
46.1491826 8.250651e-10 
47.5065032 2.258461e-09 
48.8642778 1.16488e-09 
47.5069828 2.365518e-10 
48.8647263 5.0414e-10 
50.2220803 8.283461e-10 
50.2225092 6.150227e-10 
52.9371858 7.88265e-10 
51.5798305 9.87306e-10 
52.9376156 8.398062e-10 
54.2949481 1.025896e-09 
54.2953572 5.815325e-10 
55.6527437 1.15284e-09 
57.0104968 9.940464e-10 
55.6531495 8.332587e-11 
58.3678758 7.310296e-10 
58.3682936 5.134358e-10 
59.7256481 7.105957e-10 
61.083459 6.618151e-10 
59.726049 3.172645e-10 
61.0838586 1.75885e-10 
62.441225 6.123903e-10 
63.7986253 3.934985e-10 
65.1564098 3.417752e-10 
63.7990354 3.296177e-10 
65.1567942 2.188174e-10 
66.5142296 3.140364e-10 
66.5146052 3.057903e-10 
69.2294211 1.213371e-10 
67.8719934 6.111569e-10 
69.2297994 9.760017e-10 
70.5871977 6.558834e-10 
70.587547 1.29344e-09 
71.9450058 1.600887e-09 
73.3027546 2.805982e-09 
71.9453481 1.561799e-09 
74.660208 1.555308e-09 
74.6605484 3.237601e-09 
76.0179653 3.346334e-09 
77.3757573 4.259427e-09 
76.0182893 3.074414e-09 
77.3760884 2.261329e-09 
78.7335 4.624762e-09 
80.0909657 3.853967e-09 
81.4487153 4.65186e-09 
80.0912934 3.640183e-09 
81.449044 2.697162e-09 
82.8065068 4.150786e-09 
82.8068528 1.691613e-09 
85.5217272 3.212431e-09 
84.1642607 3.532925e-09 
85.5220662 2.635478e-09 
86.8794861 3.072928e-09 
86.879831 2.098169e-09 
88.2372902 2.753976e-09 
89.5950573 2.571412e-09 
88.2376474 1.721409e-09 
90.9525278 1.728599e-09 
90.9528719 2.571135e-09 
92.3102966 1.971196e-09 
93.6681095 2.456618e-09 
92.3106383 2.392839e-09 
93.668451 2.30248e-09 
95.0258763 2.769045e-09 
96.3833633 1.411125e-09 
97.7411297 2.075385e-09 
96.3836882 3.281208e-09 
97.7414432 3.20991e-09 
99.0989402 3.047343e-09 
99.0992448 3.035739e-09 
101.8142082 1.742992e-09 
100.4566953 3.594846e-09 
101.8144971 4.019492e-09 
103.171964 2.586139e-09 
103.172238 3.829067e-09 
104.5297659 3.431856e-09 
105.8875084 3.881228e-09 
104.5300274 3.182656e-09 
107.2450495 1.78626e-09 
107.2452987 3.770979e-09 
2.7040276 3.107106e-09 
2.7044697 9.614023e-10 
5.4195553 8.696086e-10 
8.1346217 4.219136e-10 
8.1351227 9.867935e-11 
10.8501866 6.372847e-11 
13.5652285 8.313287e-11 
13.565749 8.325081e-11 
16.2807907 3.439377e-10 
18.9958122 2.845416e-10 
18.9963291 1.328058e-09 
21.7113495 1.26301e-09 
24.4263588 6.517524e-10 
24.4268832 1.444887e-09 
27.1418959 5.808205e-10 
29.8569111 1.304396e-10 
29.8574683 7.989717e-10 
32.5724924 1.546138e-09 
35.2875311 3.097576e-09 
35.288113 2.535995e-09 
38.0031592 4.391273e-09 
40.7182255 5.944811e-09 
40.71878 1.328893e-09 
43.4338482 2.115499e-09 
46.1489348 2.515033e-09 
46.1494181 9.311335e-11 
48.8645083 6.207355e-10 
51.5796133 9.052374e-10 
51.5800365 7.435705e-10 
54.2951573 1.152276e-09 
57.0102908 9.412167e-10 
57.0106943 3.706783e-10 
59.725853 7.84948e-10 
62.4410222 5.188562e-10 
62.4414178 2.742057e-10 
65.1566075 4.662688e-10 
67.8718041 2.583756e-10 
67.8721721 4.79024e-10 
70.5873768 1.418506e-09 
73.3025853 1.803615e-09 
73.3029186 2.361706e-09 
76.0181277 4.099437e-09 
78.7333402 4.478152e-09 
78.7336631 3.110471e-09 
81.4488763 4.279162e-09 
84.1640959 3.993283e-09 
84.1644335 2.277102e-09 
86.8796547 2.893441e-09 
89.5948869 2.349058e-09 
89.5952337 2.158242e-09 
92.3104656 2.547219e-09 
95.025712 1.905509e-09 
95.026042 2.76255e-09 
97.7412866 3.162971e-09 
100.4565474 2.354624e-09 
100.4568416 3.614901e-09 
103.1721022 3.878062e-09 
105.8873797 2.642919e-09 
105.8876336 3.760693e-09 
1.3463218 4.388515e-09 
1.3467436 1.863466e-09 
2.7042443 1.973833e-09 
5.419322 1.556024e-09 
4.0618141 1.712133e-09 
5.4197958 3.521564e-10 
4.0622778 4.22017e-10 
6.7768777 9.610613e-10 
6.7773621 2.205882e-10 
9.4924284 8.956855e-11 
8.1348717 2.106177e-10 
9.4929311 9.471056e-11 
10.8499254 6.900519e-11 
10.8504415 1.446653e-11 
12.2074708 3.375776e-11 
12.2079961 3.364507e-11 
13.5654942 1.126655e-10 
14.9230365 1.287205e-10 
14.9235416 3.347554e-10 
16.2805254 1.28954e-10 
17.6380626 3.058897e-11 
17.6385872 7.041515e-10 
16.2810448 5.576037e-10 
18.9960751 8.345049e-10 
21.7110888 5.703865e-10 
20.3536053 6.686533e-10 
21.7116061 1.765841e-09 
20.3541127 1.875314e-09 
23.0686208 3.748201e-10 
24.4266202 1.140406e-09 
23.0691389 1.589493e-09 
25.7841459 6.671491e-10 
25.7846793 1.178459e-09 
28.4991641 2.541395e-10 
27.1416299 3.283899e-10 
28.4997013 7.149591e-10 
27.1421686 8.170278e-10 
29.8571849 4.73068e-10 
32.5722103 9.89134e-10 
31.2147173 6.232426e-10 
32.5727842 1.649593e-09 
31.2152922 1.070917e-09 
33.9297556 1.57645e-09 
33.930325 2.543822e-09 
36.645365 4.395687e-09 
35.2878188 3.329209e-09 
36.6459491 1.837208e-09 
38.0028718 5.288957e-09 
38.0034476 2.427789e-09 
39.3604307 5.900681e-09 
40.7185052 3.785114e-09 
39.3609986 3.256363e-09 
42.076064 4.407828e-09 
42.0765969 2.293186e-10 
44.7911495 4.427851e-09 
43.4335827 4.612591e-09 
44.7916637 5.210841e-10 
43.434104 2.796847e-10 
46.1491826 8.249917e-10 
48.8642778 1.164221e-09 
47.50675 1.077024e-09 
48.8647263 5.039192e-10 
47.507207 4.174282e-10 
50.2218476 1.004819e-09 
50.2222973 6.071761e-10 
52.9374087 1.097135e-09 
51.5798305 9.86896e-10 
52.9378212 3.729813e-10 
54.2949481 1.025411e-09 
54.2953572 5.814311e-10 
55.6525256 8.517084e-10 
57.0104968 9.939828e-10 
55.652946 7.106267e-10 
58.3680928 9.252404e-10 
58.3684962 6.86924e-11 
61.0832421 5.376436e-10 
59.7256482 7.102672e-10 
61.0836583 4.06518e-10 
59.726049 3.176658e-10 
62.441225 6.127432e-10 
65.1564098 3.415301e-10 
63.7988401 4.372356e-10 
65.1567942 2.188931e-10 
63.7992304 1.990876e-10 
66.5140209 2.205131e-10 
66.5144179 4.084451e-10 
69.2296202 6.062761e-10 
67.8719935 6.110822e-10 
69.2299782 7.893935e-10 
70.5871977 6.561861e-10 
70.5875471 1.292775e-09 
71.9448184 4.915213e-10 
73.3027546 2.803731e-09 
71.9451762 2.08323e-09 
74.6603843 3.059337e-09 
74.6607169 2.161201e-09 
77.3755893 2.925934e-09 
76.0179653 3.344614e-09 
77.3759192 3.811679e-09 
76.0182893 3.073498e-09 
78.7335 4.622919e-09 
81.4487153 4.650404e-09 
80.0911296 4.612294e-09 
81.449044 2.695505e-09 
80.0914664 1.982833e-09 
82.806343 3.888399e-09 
82.8066751 3.089546e-09 
85.5218931 3.375253e-09 
84.1642607 3.530872e-09 
85.5222474 1.606355e-09 
86.8794861 3.072301e-09 
86.879831 2.097827e-09 
88.2371219 2.359894e-09 
89.5950573 2.569824e-09 
88.2374661 2.471916e-09 
90.9526967 2.452325e-09 
90.9530496 1.966575e-09 
93.6679428 1.429857e-09 
92.3102966 1.969822e-09 
93.6682803 2.860949e-09 
92.3106383 2.393284e-09 
95.0258763 2.768146e-09 
97.7411297 2.074046e-09 
96.3835249 2.693121e-09 
97.7414432 3.210216e-09 
96.3838496 2.688891e-09 
99.0987859 1.560377e-09 
99.099094 3.721937e-09 
101.8143539 3.34536e-09 
100.4566953 3.59477e-09 
101.8146371 3.226014e-09 
103.171964 2.585693e-09 
103.172238 3.828411e-09 
104.5296294 1.833514e-09 
105.8875084 3.88136e-09 
104.5298983 4.039592e-09 
107.2451769 3.263243e-09 
107.2454169 2.92295e-09 
1.3465331 3.007435e-09 
1.346964 9.626713e-10 
4.0615898 2.575784e-09 
4.0620402 8.849485e-10 
6.7771194 5.495609e-10 
6.7776094 2.111567e-10 
9.4921718 1.313353e-10 
9.4926831 4.056458e-11 
12.2077359 7.56977e-11 
12.2082415 1.565558e-11 
14.9227696 7.578542e-11 
14.9232978 1.872316e-10 
17.6383265 2.981255e-10 
17.6388311 1.147978e-09 
20.3533463 1.164575e-10 
20.3538658 1.375257e-09 
23.0688762 9.15522e-10 
23.0693928 1.8449e-09 
25.7838907 4.641475e-10 
25.7844147 1.14186e-09 
28.4994236 2.5169e-10 
28.4999784 7.306925e-10 
31.21445 3.451972e-10 
31.2150044 1.200425e-09 
33.9300314 2.282428e-09 
33.930618 1.749696e-09 
36.6450836 3.878273e-09 
36.645659 3.585715e-09 
39.3607123 5.358032e-09 
39.3612775 1.081028e-09 
42.0757893 6.116615e-09 
42.0763355 1.807834e-09 
44.7914116 2.464304e-09 
44.7919055 5.20889e-11 
47.5065032 2.25684e-09 
47.5069828 2.363915e-10 
50.2220804 8.278629e-10 
50.2225092 6.151641e-10 
52.9371859 7.875852e-10 
52.9376156 8.400312e-10 
55.6527437 1.152849e-09 
55.6531495 8.338799e-11 
58.3678758 7.308329e-10 
58.3682936 5.139283e-10 
61.083459 6.621792e-10 
61.0838586 1.760112e-10 
63.7986254 3.928947e-10 
63.7990354 3.299955e-10 
66.5142297 3.14628e-10 
66.5146052 3.057195e-10 
69.2294211 1.210945e-10 
69.2297994 9.748471e-10 
71.9450058 1.600246e-09 
71.9453481 1.561629e-09 
74.660208 1.555423e-09 
74.6605484 3.236165e-09 
77.3757573 4.257693e-09 
77.3760884 2.260557e-09 
80.0909657 3.853547e-09 
80.0912934 3.638406e-09 
82.8065068 4.149385e-09 
82.8068528 1.691444e-09 
85.5217272 3.21315e-09 
85.5220662 2.634132e-09 
88.2372902 2.752783e-09 
88.2376474 1.721831e-09 
90.9525278 1.728334e-09 
90.9528719 2.571143e-09 
93.6681095 2.455747e-09 
93.668451 2.30277e-09 
96.3833633 1.410408e-09 
96.3836882 3.281827e-09 
99.0989402 3.047799e-09 
99.0992448 3.035452e-09 
101.8142082 1.742814e-09 
101.8144971 4.019608e-09 
104.5297659 3.432735e-09 
104.5300274 3.182158e-09 
107.2450495 1.787413e-09 
107.2452987 3.771102e-09 
1.3463218 4.38888e-09 
1.3467436 1.861919e-09 
2.7040276 3.106543e-09 
2.7044697 9.610972e-10 
4.0618141 1.712146e-09 
5.4195553 8.697098e-10 
4.0622778 4.220786e-10 
6.7768777 9.615146e-10 
6.7773621 2.207981e-10 
8.1346217 4.222479e-10 
9.4924284 8.998352e-11 
8.1351227 9.865277e-11 
9.4929311 9.483376e-11 
10.8501866 6.401905e-11 
12.2074708 3.390002e-11 
13.5652285 8.310481e-11 
12.2079961 3.365745e-11 
13.5657491 8.333374e-11 
14.9230365 1.286769e-10 
14.9235416 3.348932e-10 
17.6380626 3.069902e-11 
16.2807907 3.439338e-10 
17.6385872 7.045904e-10 
18.9958123 2.846547e-10 
18.9963291 1.328218e-09 
20.3536053 6.694598e-10 
21.7113495 1.263828e-09 
20.3541126 1.874328e-09 
23.0686208 3.748311e-10 
24.4263588 6.524657e-10 
23.0691389 1.589786e-09 
24.4268832 1.444412e-09 
25.784146 6.684384e-10 
25.7846793 1.177187e-09 
28.4991641 2.543662e-10 
27.1418959 5.811994e-10 
28.4997013 7.146732e-10 
29.8569111 1.301489e-10 
29.8574683 7.987755e-10 
31.2147173 6.223501e-10 
32.5724924 1.545372e-09 
31.2152922 1.070813e-09 
33.9297556 1.574548e-09 
33.930325 2.543596e-09 
35.2875311 3.095531e-09 
36.6453651 4.394353e-09 
35.288113 2.535857e-09 
36.6459491 1.836287e-09 
38.0031592 4.390481e-09 
39.3604308 5.897177e-09 
40.7182256 5.943004e-09 
39.3609987 3.255078e-09 
40.71878 1.328262e-09 
42.0760641 4.407431e-09 
42.0765969 2.289158e-10 
44.7911495 4.426667e-09 
43.4338482 2.115087e-09 
44.7916638 5.205393e-10 
46.1489349 2.514261e-09 
46.1494181 9.308091e-11 
47.50675 1.076604e-09 
48.8645083 6.207675e-10 
47.507207 4.177008e-10 
50.2218476 1.004063e-09 
50.2222973 6.077061e-10 
51.5796133 9.050887e-10 
52.9374087 1.097646e-09 
51.5800365 7.438142e-10 
52.9378211 3.729876e-10 
54.2951574 1.152907e-09 
55.6525257 8.517447e-10 
57.0102908 9.413743e-10 
55.652946 7.112475e-10 
57.0106943 3.71009e-10 
58.3680928 9.262643e-10 
58.3684962 6.890964e-11 
61.0832421 5.378393e-10 
59.725853 7.858089e-10 
61.0836583 4.07126e-10 
62.4410222 5.191263e-10 
62.4414178 2.745212e-10 
63.7988401 4.382491e-10 
65.1566075 4.669371e-10 
63.7992304 1.990619e-10 
66.5140209 2.20277e-10 
66.5144179 4.083309e-10 
67.8718041 2.586193e-10 
69.2296202 6.062114e-10 
67.8721721 4.79063e-10 
69.2299782 7.898373e-10 
70.5873768 1.417588e-09 
71.9448185 4.915392e-10 
73.3025853 1.80286e-09 
71.9451762 2.082619e-09 
73.3029186 2.361517e-09 
74.6603843 3.058601e-09 
74.6607169 2.161373e-09 
77.3755893 2.925816e-09 
76.0181277 4.09818e-09 
77.3759192 3.810829e-09 
78.7333403 4.476554e-09 
78.7336631 3.109484e-09 
80.0911296 4.611309e-09 
81.4488763 4.277855e-09 
80.0914664 1.982913e-09 
82.806343 3.889004e-09 
82.8066751 3.089245e-09 
84.1640959 3.993353e-09 
85.5218931 3.375044e-09 
84.1644335 2.276566e-09 
85.5222474 1.606212e-09 
86.8796547 2.892777e-09 
88.2371219 2.360402e-09 
89.5948869 2.348824e-09 
88.2374661 2.472482e-09 
89.5952337 2.158867e-09 
90.9526967 2.452888e-09 
90.9530496 1.966665e-09 
93.6679428 1.429806e-09 
92.3104656 2.547667e-09 
93.6682803 2.86244e-09 
95.025712 1.905066e-09 
95.026042 2.763511e-09 
96.3835249 2.694381e-09 
97.7412866 3.164059e-09 
96.3838496 2.688848e-09 
99.0987859 1.560794e-09 
99.099094 3.723069e-09 
100.4565474 2.355172e-09 
101.8143539 3.347369e-09 
100.4568416 3.615103e-09 
101.8146371 3.22594e-09 
103.1721022 3.879172e-09 
104.5296294 1.834761e-09 
105.8873797 2.644024e-09 
104.5298983 4.040088e-09 
105.8876336 3.760507e-09 
107.2451769 3.26431e-09 
107.2454169 2.923167e-09 
2.7042443 1.972584e-09 
5.419322 1.556466e-09 
5.4197958 3.522159e-10 
8.1348717 2.110374e-10 
10.8499254 6.938374e-11 
10.8504415 1.439302e-11 
13.5654942 1.127397e-10 
16.2805254 1.286694e-10 
16.2810448 5.580091e-10 
18.9960751 8.351199e-10 
21.7110888 5.708934e-10 
21.7116061 1.765283e-09 
24.4266202 1.141635e-09 
27.1416299 3.292373e-10 
27.1421686 8.164654e-10 
29.8571849 4.725593e-10 
32.5722103 9.876977e-10 
32.5727842 1.649716e-09 
35.2878188 3.328219e-09 
38.0028718 5.287216e-09 
38.0034476 2.42658e-09 
40.7185052 3.783678e-09 
43.4335828 4.612313e-09 
43.4341039 2.790886e-10 
46.1491826 8.247853e-10 
48.8642778 1.164009e-09 
48.8647263 5.044199e-10 
51.5798305 9.877908e-10 
54.2949481 1.026018e-09 
54.2953572 5.819604e-10 
57.0104968 9.952661e-10 
59.7256482 7.110267e-10 
59.726049 3.179727e-10 
62.441225 6.13796e-10 
65.1564098 3.422318e-10 
65.1567942 2.190346e-10 
67.8719935 6.112697e-10 
70.5871977 6.558255e-10 
70.587547 1.293285e-09 
73.3027547 2.803598e-09 
76.0179653 3.343992e-09 
76.0182893 3.07359e-09 
78.7335 4.622581e-09 
81.4487153 4.650516e-09 
81.449044 2.695696e-09 
84.1642607 3.531242e-09 
86.8794861 3.072995e-09 
86.879831 2.098195e-09 
89.5950573 2.571293e-09 
92.3102966 1.970538e-09 
92.3106383 2.394305e-09 
95.0258763 2.770292e-09 
97.7411297 2.075313e-09 
97.7414432 3.211018e-09 
100.4566953 3.59672e-09 
103.171964 2.587586e-09 
103.172238 3.828869e-09 
105.8875084 3.882465e-09 
1.3465331 3.006241e-09 
1.346964 9.626008e-10 
2.7040276 3.10585e-09 
2.7044697 9.612978e-10 
4.0615898 2.576047e-09 
4.0620402 8.849894e-10 
5.4195553 8.700285e-10 
6.7771194 5.504119e-10 
6.7776094 2.114064e-10 
8.1346217 4.231418e-10 
9.4921718 1.317671e-10 
9.4926831 4.05725e-11 
8.1351227 9.858049e-11 
10.8501866 6.416909e-11 
13.5652285 8.309565e-11 
12.2077359 7.579481e-11 
13.5657491 8.342413e-11 
12.2082415 1.566475e-11 
14.9227696 7.573986e-11 
14.9232978 1.872422e-10 
17.6383265 2.982039e-10 
16.2807908 3.440475e-10 
17.6388311 1.147807e-09 
18.9958123 2.844802e-10 
18.9963291 1.328216e-09 
20.3533463 1.164273e-10 
20.3538658 1.375542e-09 
21.7113495 1.264902e-09 
24.4263589 6.53367e-10 
23.0688762 9.1677e-10 
24.4268832 1.443621e-09 
23.0693928 1.843452e-09 
25.7838908 4.647117e-10 
25.7844147 1.141928e-09 
28.4994236 2.519307e-10 
27.1418959 5.815394e-10 
28.4999784 7.301865e-10 
29.8569111 1.300242e-10 
29.8574683 7.986821e-10 
31.21445 3.448204e-10 
32.5724924 1.544691e-09 
31.2150044 1.200269e-09 
33.9300314 2.281127e-09 
33.930618 1.749359e-09 
36.6450836 3.877253e-09 
35.2875311 3.09433e-09 
36.645659 3.584727e-09 
35.288113 2.535542e-09 
38.0031592 4.389111e-09 
40.7182256 5.942864e-09 
39.3607123 5.357244e-09 
40.71878 1.326912e-09 
39.3612775 1.079845e-09 
42.0757894 6.115819e-09 
42.0763355 1.806319e-09 
44.7914116 2.464278e-09 
43.4338482 2.113967e-09 
44.7919055 5.216212e-11 
46.1489349 2.514656e-09 
46.1494181 9.323196e-11 
47.5065032 2.256852e-09 
48.8645083 6.2158e-10 
47.5069828 2.368072e-10 
50.2220804 8.284603e-10 
50.2225092 6.152618e-10 
52.9371859 7.878176e-10 
51.5796133 9.056866e-10 
52.9376156 8.408643e-10 
51.5800365 7.445173e-10 
54.2951574 1.154229e-09 
57.0102908 9.423682e-10 
55.6527437 1.154191e-09 
57.0106943 3.712867e-10 
55.6531495 8.339788e-11 
58.3678758 7.314153e-10 
58.3682936 5.143352e-10 
61.083459 6.633728e-10 
59.725853 7.866824e-10 
61.0838586 1.761087e-10 
62.4410222 5.200823e-10 
62.4414178 2.745085e-10 
63.7986254 3.933839e-10 
65.1566075 4.674853e-10 
63.7990354 3.30227e-10 
66.5142297 3.153228e-10 
66.5146052 3.061328e-10 
69.2294211 1.213486e-10 
67.8718041 2.591187e-10 
69.2297994 9.750267e-10 
67.872172 4.795108e-10 
70.5873768 1.418008e-09 
73.3025853 1.802313e-09 
71.9450059 1.599739e-09 
73.3029186 2.362568e-09 
71.9453481 1.562662e-09 
74.660208 1.555212e-09 
74.6605484 3.23651e-09 
77.3757573 4.257531e-09 
76.0181277 4.098919e-09 
77.3760884 2.261362e-09 
78.7333403 4.477135e-09 
78.7336631 3.110659e-09 
80.0909657 3.85394e-09 
81.4488763 4.279276e-09 
80.0912934 3.639363e-09 
82.8065068 4.149882e-09 
82.8068528 1.691408e-09 
85.5217272 3.213584e-09 
84.1640959 3.994137e-09 
85.5220663 2.635398e-09 
84.1644335 2.277223e-09 
86.8796547 2.894898e-09 
89.5948869 2.350299e-09 
88.2372902 2.754391e-09 
89.5952337 2.159508e-09 
88.2376474 1.721459e-09 
90.9525278 1.728965e-09 
90.9528719 2.572904e-09 
93.6681095 2.457909e-09 
92.3104656 2.550102e-09 
93.668451 2.302556e-09 
95.025712 1.90692e-09 
95.026042 2.764176e-09 
96.3833633 1.411235e-09 
97.7412866 3.166622e-09 
96.3836882 3.283657e-09 
99.0989402 3.050247e-09 
99.0992448 3.035454e-09 
101.8142082 1.744379e-09 
100.4565474 2.357312e-09 
101.8144971 4.020675e-09 
100.4568416 3.615745e-09 
103.1721022 3.880483e-09 
105.8873797 2.645736e-09 
104.5297659 3.434445e-09 
105.8876336 3.761487e-09 
104.5300274 3.182762e-09 
107.2450495 1.789003e-09 
107.2452987 3.771888e-09 
1.3463218 4.389471e-09 
1.3467436 1.862336e-09 
4.0618141 1.71234e-09 
4.0622778 4.223055e-10 
6.7768777 9.62088e-10 
6.7773621 2.209122e-10 
9.4924284 9.030459e-11 
9.4929311 9.481425e-11 
12.2074708 3.390933e-11 
12.2079961 3.352899e-11 
14.9230365 1.285091e-10 
14.9235416 3.350469e-10 
17.6380626 3.032241e-11 
17.6385872 7.045902e-10 
20.3536054 6.699605e-10 
20.3541126 1.873506e-09 
23.0686208 3.752996e-10 
23.0691389 1.589621e-09 
25.784146 6.68898e-10 
25.7846793 1.176805e-09 
28.4991641 2.549108e-10 
28.4997013 7.147897e-10 
31.2147173 6.217453e-10 
31.2152922 1.070798e-09 
33.9297556 1.574637e-09 
33.930325 2.543731e-09 
36.6453651 4.393921e-09 
36.6459491 1.835432e-09 
39.3604308 5.898989e-09 
39.3609987 3.253535e-09 
42.0760641 4.407322e-09 
42.0765969 2.285235e-10 
44.7911495 4.427618e-09 
44.7916637 5.202396e-10 
47.50675 1.077157e-09 
47.507207 4.177629e-10 
50.2218476 1.004692e-09 
50.2222973 6.085091e-10 
52.9374087 1.099047e-09 
52.9378211 3.729303e-10 
55.6525257 8.524306e-10 
55.652946 7.116373e-10 
58.3680928 9.272661e-10 
58.3684962 6.885867e-11 
61.0832421 5.386778e-10 
61.0836583 4.070292e-10 
63.7988401 4.389433e-10 
63.7992304 1.992686e-10 
66.5140209 2.210342e-10 
66.5144179 4.084484e-10 
69.2296202 6.063074e-10 
69.2299782 7.909028e-10 
71.9448185 4.916906e-10 
71.9451762 2.083745e-09 
74.6603843 3.058304e-09 
74.6607169 2.162701e-09 
77.3755893 2.925554e-09 
77.3759192 3.812996e-09 
80.0911296 4.612723e-09 
80.0914664 1.983346e-09 
82.806343 3.8889e-09 
82.8066751 3.091034e-09 
85.5218931 3.377116e-09 
85.5222474 1.605986e-09 
88.2371219 2.360989e-09 
88.2374661 2.474338e-09 
90.9526967 2.455244e-09 
90.9530497 1.966098e-09 
93.6679428 1.430928e-09 
93.6682803 2.864083e-09 
96.3835249 2.69706e-09 
96.3838496 2.688544e-09 
99.0987859 1.562278e-09 
99.099094 3.724331e-09 
101.8143539 3.349e-09 
101.8146371 3.226475e-09 
104.5296295 1.836202e-09 
104.5298983 4.040974e-09 
107.2451769 3.265285e-09 
107.2454169 2.924072e-09 
1.3465331 3.007169e-09 
1.346964 9.630815e-10 
2.7042443 1.973042e-09 
4.0615898 2.576023e-09 
5.419322 1.556606e-09 
4.0620402 8.850836e-10 
5.4197958 3.523645e-10 
6.7771194 5.505599e-10 
6.7776094 2.114307e-10 
9.4921719 1.322547e-10 
8.1348717 2.111795e-10 
9.4926831 4.043884e-11 
10.8499254 6.972978e-11 
10.8504415 1.427814e-11 
12.2077359 7.566945e-11 
13.5654942 1.127344e-10 
12.2082415 1.566554e-11 
14.9227696 7.528159e-11 
14.9232978 1.871531e-10 
16.2805254 1.284207e-10 
17.6383265 2.982098e-10 
16.2810448 5.582201e-10 
17.6388311 1.147758e-09 
18.9960751 8.356104e-10 
20.3533463 1.164794e-10 
21.7110888 5.711772e-10 
20.3538658 1.375043e-09 
21.7116061 1.764553e-09 
23.0688762 9.164792e-10 
24.4266202 1.141841e-09 
23.0693928 1.843432e-09 
25.7838908 4.651587e-10 
25.7844147 1.141937e-09 
27.1416299 3.296476e-10 
28.4994236 2.517795e-10 
27.1421686 8.163568e-10 
28.4999784 7.305717e-10 
29.8571849 4.724951e-10 
31.21445 3.454126e-10 
32.5722103 9.873002e-10 
31.2150044 1.200776e-09 
32.5727842 1.64994e-09 
33.9300314 2.28139e-09 
33.930618 1.749254e-09 
36.6450836 3.879742e-09 
35.2878188 3.32806e-09 
36.645659 3.584585e-09 
38.0028718 5.287885e-09 
38.0034476 2.425783e-09 
39.3607123 5.357507e-09 
40.7185052 3.782498e-09 
39.3612775 1.079491e-09 
42.0757893 6.119158e-09 
42.0763355 1.805884e-09 
43.4335827 4.613064e-09 
44.7914116 2.46477e-09 
43.4341039 2.787397e-10 
44.7919055 5.223767e-11 
46.1491826 8.246525e-10 
47.5065032 2.258182e-09 
48.8642778 1.16483e-09 
47.5069828 2.370989e-10 
48.8647263 5.048299e-10 
50.2220804 8.294481e-10 
50.2225092 6.151208e-10 
52.9371859 7.883565e-10 
51.5798305 9.891001e-10 
52.9376156 8.41187e-10 
54.2949481 1.02675e-09 
54.2953572 5.82264e-10 
55.6527437 1.155042e-09 
57.0104968 9.958139e-10 
55.6531495 8.33065e-11 
58.3678758 7.320679e-10 
58.3682936 5.140996e-10 
59.7256482 7.118871e-10 
61.083459 6.635858e-10 
59.726049 3.178115e-10 
61.0838586 1.760363e-10 
62.441225 6.138327e-10 
63.7986253 3.943365e-10 
65.1564098 3.42922e-10 
63.7990353 3.29809e-10 
65.1567942 2.189144e-10 
66.5142296 3.152124e-10 
66.5146052 3.065837e-10 
69.2294211 1.217334e-10 
67.8719934 6.115747e-10 
69.2297994 9.757931e-10 
70.5871977 6.559985e-10 
70.587547 1.294403e-09 
71.9450058 1.599806e-09 
73.3027546 2.804553e-09 
71.9453481 1.56376e-09 
74.660208 1.555159e-09 
74.6605484 3.239147e-09 
76.0179653 3.344079e-09 
77.3757573 4.258882e-09 
76.0182892 3.075425e-09 
77.3760884 2.261962e-09 
78.7335 4.624983e-09 
80.0909657 3.853154e-09 
81.4487153 4.651546e-09 
80.0912934 3.641415e-09 
81.449044 2.696754e-09 
82.8065068 4.152403e-09 
82.8068528 1.691741e-09 
85.5217272 3.213562e-09 
84.1642607 3.53368e-09 
85.5220663 2.637081e-09 
86.8794861 3.074374e-09 
86.879831 2.098836e-09 
88.2372902 2.756225e-09 
89.5950573 2.573437e-09 
88.2376474 1.720992e-09 
90.9525278 1.729757e-09 
90.9528719 2.574158e-09 
92.3102966 1.972369e-09 
93.6681095 2.459988e-09 
92.3106383 2.394542e-09 
93.668451 2.301957e-09 
95.0258763 2.77247e-09 
96.3833633 1.412487e-09 
97.7411297 2.077402e-09 
96.3836882 3.284113e-09 
97.7414432 3.211064e-09 
99.0989402 3.051554e-09 
99.0992448 3.035612e-09 
101.8142082 1.745295e-09 
100.4566953 3.598162e-09 
101.8144971 4.021324e-09 
103.171964 2.588997e-09 
103.172238 3.829709e-09 
104.5297659 3.43473e-09 
105.8875084 3.882911e-09 
104.5300274 3.183549e-09 
107.2450495 1.788968e-09 
107.2452986 3.772235e-09 
2.7040276 3.106074e-09 
2.7044697 9.617198e-10 
5.4195553 8.700374e-10 
8.1346217 4.233152e-10 
8.1351227 9.857069e-11 
10.8501866 6.398429e-11 
13.5652285 8.307977e-11 
13.5657491 8.342691e-11 
16.2807907 3.441737e-10 
18.9958123 2.844286e-10 
18.9963291 1.328046e-09 
21.7113495 1.264469e-09 
24.4263588 6.530888e-10 
24.4268832 1.443501e-09 
27.1418959 5.815209e-10 
29.8569111 1.302436e-10 
29.8574683 7.990636e-10 
32.5724924 1.545181e-09 
35.2875311 3.095505e-09 
35.288113 2.535556e-09 
38.0031592 4.389435e-09 
40.7182255 5.94438e-09 
40.71878 1.326832e-09 
43.4338482 2.11367e-09 
46.1489349 2.515817e-09 
46.1494181 9.336987e-11 
48.8645083 6.21899e-10 
51.5796133 9.061303e-10 
51.5800365 7.446103e-10 
54.2951573 1.154732e-09 
57.0102908 9.426835e-10 
57.0106943 3.710383e-10 
59.725853 7.862801e-10 
62.4410222 5.20524e-10 
62.4414178 2.74142e-10 
65.1566075 4.669748e-10 
67.8718041 2.591784e-10 
67.872172 4.796953e-10 
70.5873768 1.418644e-09 
73.3025853 1.802768e-09 
73.3029186 2.364196e-09 
76.0181277 4.101246e-09 
78.7333403 4.477877e-09 
78.7336631 3.111691e-09 
81.4488763 4.281825e-09 
84.1640959 3.995371e-09 
84.1644335 2.278044e-09 
86.8796547 2.896382e-09 
89.5948869 2.35139e-09 
89.5952337 2.159609e-09 
92.3104656 2.551323e-09 
95.025712 1.90827e-09 
95.026042 2.763608e-09 
97.7412866 3.167205e-09 
100.4565474 2.3583e-09 
100.4568416 3.61572e-09 
103.1721022 3.880602e-09 
105.8873797 2.645661e-09 
105.8876336 3.762135e-09 
1.3463218 4.389525e-09 
1.3467436 1.864112e-09 
2.7042443 1.974562e-09 
5.419322 1.556298e-09 
4.0618141 1.712434e-09 
5.4197958 3.524076e-10 
4.0622778 4.223821e-10 
6.7768777 9.620596e-10 
6.7773621 2.207611e-10 
9.4924284 9.009493e-11 
8.1348717 2.108628e-10 
9.4929311 9.468552e-11 
10.8499254 6.955762e-11 
10.8504415 1.427776e-11 
12.2074708 3.372715e-11 
12.2079961 3.346635e-11 
13.5654942 1.126756e-10 
14.9230365 1.284712e-10 
14.9235416 3.349844e-10 
16.2805254 1.285998e-10 
17.6380626 3.002387e-11 
17.6385872 7.04201e-10 
16.2810448 5.579132e-10 
18.996075 8.351217e-10 
21.7110888 5.707186e-10 
20.3536053 6.694823e-10 
21.7116061 1.764702e-09 
20.3541126 1.87402e-09 
23.0686208 3.755425e-10 
24.4266202 1.140797e-09 
23.0691389 1.588941e-09 
25.7841459 6.67802e-10 
25.7846793 1.1779e-09 
28.4991641 2.551033e-10 
27.1416299 3.290702e-10 
28.4997012 7.154451e-10 
27.1421686 8.169087e-10 
29.8571849 4.730278e-10 
32.5722103 9.886597e-10 
31.2147173 6.223476e-10 
32.5727842 1.650006e-09 
31.2152922 1.070904e-09 
33.9297556 1.576541e-09 
33.930325 2.544215e-09 
36.645365 4.395361e-09 
35.2878188 3.32911e-09 
36.6459491 1.835707e-09 
38.0028718 5.290235e-09 
38.0034476 2.426316e-09 
39.3604307 5.902908e-09 
40.7185052 3.78318e-09 
39.3609986 3.253833e-09 
42.076064 4.407733e-09 
42.0765969 2.287615e-10 
44.7911495 4.430524e-09 
43.4335827 4.614197e-09 
44.7916637 5.20584e-10 
43.4341039 2.791544e-10 
46.1491826 8.248334e-10 
48.8642778 1.165456e-09 
47.50675 1.077855e-09 
48.8647263 5.047457e-10 
47.507207 4.177294e-10 
50.2218476 1.005463e-09 
50.2222973 6.083908e-10 
52.9374087 1.099389e-09 
51.5798305 9.886899e-10 
52.9378211 3.728259e-10 
54.2949481 1.026499e-09 
54.2953571 5.81915e-10 
55.6525256 8.525256e-10 
57.0104968 9.953083e-10 
55.652946 7.113503e-10 
58.3680928 9.270696e-10 
58.3684962 6.865513e-11 
61.0832421 5.391984e-10 
59.7256481 7.116689e-10 
61.0836583 4.063601e-10 
59.726049 3.173344e-10 
62.4412249 6.129455e-10 
65.1564098 3.426005e-10 
63.79884 4.383335e-10 
65.1567942 2.187967e-10 
63.7992304 1.993118e-10 
66.5140209 2.214472e-10 
66.5144179 4.085232e-10 
69.2296202 6.058981e-10 
67.8719934 6.112632e-10 
69.2299782 7.910458e-10 
70.5871977 6.559857e-10 
70.587547 1.294661e-09 
71.9448184 4.916669e-10 
73.3027546 2.806356e-09 
71.9451762 2.085668e-09 
74.6603843 3.059905e-09 
74.6607169 2.162794e-09 
77.3755893 2.925214e-09 
76.0179653 3.345334e-09 
77.3759192 3.814554e-09 
76.0182892 3.075781e-09 
78.7335 4.626609e-09 
81.4487153 4.652598e-09 
80.0911296 4.614885e-09 
81.449044 2.697446e-09 
80.0914664 1.983997e-09 
82.806343 3.888588e-09 
82.8066751 3.092324e-09 
85.5218932 3.378271e-09 
84.1642607 3.534467e-09 
85.5222474 1.605952e-09 
86.8794861 3.074487e-09 
86.879831 2.099013e-09 
88.2371219 2.360839e-09 
89.5950573 2.57352e-09 
88.2374661 2.475109e-09 
90.9526967 2.456202e-09 
90.9530496 1.965582e-09 
93.6679428 1.431505e-09 
92.3102966 1.97262e-09 
93.6682803 2.8637e-09 
92.3106383 2.393679e-09 
95.0258763 2.771864e-09 
97.7411297 2.07743e-09 
96.3835249 2.697363e-09 
97.7414432 3.210396e-09 
96.3838496 2.688484e-09 
99.0987859 1.56281e-09 
99.099094 3.723774e-09 
101.8143539 3.348434e-09 
100.4566953 3.597023e-09 
101.8146371 3.226936e-09 
103.171964 2.588328e-09 
103.172238 3.829644e-09 
104.5296295 1.835421e-09 
105.8875084 3.882471e-09 
104.5298983 4.041121e-09 
107.2451769 3.264693e-09 
107.2454169 2.924217e-09 
1.3465331 3.008824e-09 
1.346964 9.634688e-10 
4.0615898 2.575822e-09 
4.0620402 8.851354e-10 
6.7771194 5.498707e-10 
6.7776094 2.112022e-10 
9.4921719 1.32075e-10 
9.4926831 4.034185e-11 
12.2077359 7.551283e-11 
12.2082415 1.565898e-11 
14.9227696 7.510479e-11 
14.9232978 1.870884e-10 
17.6383265 2.980533e-10 
17.6388311 1.147899e-09 
20.3533463 1.164638e-10 
20.3538658 1.374411e-09 
23.0688761 9.150468e-10 
23.0693928 1.845011e-09 
25.7838907 4.647573e-10 
25.7844146 1.141968e-09 
28.4994236 2.515796e-10 
28.4999784 7.312865e-10 
31.21445 3.461788e-10 
31.2150044 1.201125e-09 
33.9300314 2.282877e-09 
33.930618 1.749416e-09 
36.6450835 3.882668e-09 
36.645659 3.585391e-09 
39.3607123 5.35887e-09 
39.3612775 1.080391e-09 
42.0757893 6.121657e-09 
42.0763355 1.806831e-09 
44.7914115 2.465062e-09 
44.7919055 5.219561e-11 
47.5065032 2.259589e-09 
47.5069827 2.369498e-10 
50.2220803 8.294308e-10 
50.2225092 6.151774e-10 
52.9371858 7.88506e-10 
52.9376156 8.406045e-10 
55.6527437 1.154271e-09 
55.6531495 8.319494e-11 
58.3678757 7.3175e-10 
58.3682936 5.135078e-10 
61.083459 6.626698e-10 
61.0838586 1.758314e-10 
63.7986253 3.943193e-10 
63.7990354 3.294491e-10 
66.5142296 3.143165e-10 
66.5146052 3.06447e-10 
69.2294211 1.217148e-10 
69.2297994 9.76801e-10 
71.9450058 1.600541e-09 
71.9453481 1.56268e-09 
74.660208 1.55492e-09 
74.6605484 3.239492e-09 
77.3757573 4.260954e-09 
77.3760884 2.262315e-09 
80.0909657 3.85372e-09 
80.0912934 3.641651e-09 
82.8065068 4.152378e-09 
82.8068528 1.691919e-09 
85.5217272 3.212931e-09 
85.5220663 2.637432e-09 
88.2372902 2.7561e-09 
88.2376474 1.720842e-09 
90.9525278 1.729294e-09 
90.9528719 2.573064e-09 
93.6681095 2.459204e-09 
93.668451 2.301945e-09 
96.3833633 1.412453e-09 
96.3836882 3.282625e-09 
99.0989402 3.049749e-09 
99.0992448 3.035959e-09 
101.8142082 1.744365e-09 
101.8144971 4.020401e-09 
104.5297659 3.433314e-09 
104.5300274 3.183392e-09 
107.2450495 1.787099e-09 
107.2452986 3.771953e-09 
109.9604682 1.659095e-09 
108.6029146 3.608291e-09 
109.9606992 3.336288e-09 
111.3182091 2.299744e-09 
111.318427 3.010971e-09 
112.6759969 2.60945e-09 
114.0337275 2.819068e-09 
112.6761987 2.220161e-09 
115.391295 1.671409e-09 
115.3915016 2.605125e-09 
116.7490268 2.252094e-09 
118.1068047 2.546253e-09 
116.7492242 2.302237e-09 
118.1069856 1.82123e-09 
119.4645284 2.66597e-09 
120.8220874 2.729851e-09 
122.1798082 3.396291e-09 
120.8222932 2.522972e-09 
122.1800098 2.061983e-09 
123.5375762 3.653664e-09 
123.5377628 1.66342e-09 
126.2528325 3.801333e-09 
124.8952913 3.612592e-09 
126.253049 3.278723e-09 
127.6105415 4.34188e-09 
127.6107573 2.560607e-09 
128.9683019 4.35233e-09 
130.3260083 4.092048e-09 
128.9685035 1.984697e-09 
131.6835542 2.126942e-09 
131.6837614 3.402227e-09 
133.0412537 2.343526e-09 
134.3990089 2.129094e-09 
133.0414617 2.557844e-09 
134.3992031 1.716149e-09 
135.7567089 1.920583e-09 
137.1142909 3.209252e-10 
138.4719828 3.737499e-10 
137.1144589 1.259796e-09 
138.4721533 7.910458e-10 
139.8297313 3.486198e-10 
139.8298905 2.651399e-10 
142.545041 5.112742e-10 
141.1874251 3.776339e-10 
142.5451684 2.158828e-10 
143.9027226 4.447205e-10 
143.9028555 1.415025e-10 
145.2604578 5.306708e-10 
146.6181398 4.971827e-10 
145.2605836 1.183321e-10 
147.9757551 3.856166e-10 
147.9758675 3.995178e-10 
149.3334208 5.013876e-10 
150.6911366 5.649787e-10 
149.3335397 2.054671e-10 
150.6912494 1.131316e-10 
152.0487994 5.730051e-10 
153.4063988 5.339233e-10 
154.7640475 7.243646e-10 
153.4065049 3.984466e-10 
154.7641556 3.796057e-10 
156.1217466 5.662748e-10 
156.1218424 5.025695e-10 
158.8370068 1.760799e-09 
157.4793894 4.526091e-10 
158.8370764 1.579205e-10 
160.1946447 2.017499e-09 
160.1947072 1.901274e-10 
161.5523357 1.559239e-09 
162.9099648 1.245037e-09 
161.5523778 4.891572e-10 
164.267635 5.920323e-09 
164.2676418 8.268835e-10 
165.625267 5.778107e-09 
166.9829524 5.015925e-09 
165.6252592 5.748979e-10 
166.9829226 5.903937e-10 
168.3405708 4.141596e-09 
169.6982706 5.383549e-09 
171.0558939 4.287641e-09 
169.6982389 3.441668e-09 
171.0558452 2.468189e-09 
172.4135661 3.324991e-09 
172.4135015 1.846363e-09 
175.128843 7.685266e-10 
173.7711709 2.258985e-09 
175.1288235 1.674389e-09 
176.4864528 2.352053e-10 
176.4864173 9.202393e-10 
177.8441054 1.265168e-10 
179.2016961 3.19366e-10 
177.8440621 5.664395e-10 
180.5593213 6.189735e-10 
180.5593326 7.047424e-10 
181.9169201 7.348574e-10 
183.2745589 1.100871e-09 
181.9169184 1.230745e-09 
183.2745549 1.665456e-09 
184.6321449 1.629673e-09 
185.9897564 4.435379e-10 
187.3473535 5.161484e-10 
185.9897768 1.970136e-09 
187.3473674 2.217792e-09 
188.7049922 6.674937e-10 
188.7050082 2.136842e-09 
191.4202115 5.233038e-11 
190.0625868 6.850458e-10 
191.4202284 5.953071e-10 
192.7778131 1.199339e-10 
192.7778353 3.549762e-10 
194.1354586 1.465159e-10 
195.4930652 6.041101e-11 
194.135491 2.029152e-10 
196.8506806 2.351749e-10 
196.8507181 5.306533e-11 
198.208283 1.949842e-10 
199.5659283 1.887924e-10 
198.2083386 9.986657e-11 
199.566003 3.134587e-10 
200.9235385 2.054116e-10 
202.2811109 2.234886e-09 
203.63871 2.769882e-09 
202.2811903 1.759566e-10 
203.6388134 1.880308e-10 
204.996351 2.927239e-09 
204.9964714 1.661443e-10 
206.3539383 3.784517e-09 
108.6027948 2.513438e-09 
109.9605874 2.932781e-09 
108.6030297 3.443685e-09 
109.9608071 2.558692e-09 
111.3183212 3.194055e-09 
112.6758842 1.575934e-09 
114.0336208 2.161038e-09 
112.6761005 2.907465e-09 
114.0338256 2.605115e-09 
115.3914038 2.446244e-09 
115.3915919 1.978028e-09 
118.106697 2.053156e-09 
116.7491311 2.616287e-09 
118.1069003 2.470225e-09 
119.4644236 2.673635e-09 
119.4646201 2.11312e-09 
120.8221964 2.967078e-09 
122.179916 3.016696e-09 
120.8223771 1.70954e-09 
123.5374653 3.475199e-09 
123.5376769 2.808145e-09 
124.89518 4.127637e-09 
126.2529439 4.291824e-09 
124.8953895 2.218685e-09 
126.2531389 1.762219e-09 
127.6106545 4.136833e-09 
128.9681935 3.30619e-09 
130.3258974 3.674476e-09 
128.9684095 3.626726e-09 
130.3261135 2.804538e-09 
131.683655 3.528885e-09 
131.6838571 2.070623e-09 
134.3989194 9.244522e-10 
133.041358 3.238939e-09 
134.3991095 2.472016e-09 
135.7566151 1.04614e-09 
135.7568067 1.749107e-09 
137.1143674 8.923619e-10 
138.4720647 8.273391e-10 
137.1145462 9.673523e-10 
139.8296667 3.380804e-10 
139.8298122 4.214779e-10 
141.1873541 3.152625e-10 
142.545097 3.829795e-10 
141.1875035 2.204181e-10 
142.5452373 1.144903e-11 
143.9027859 4.020817e-10 
145.260406 4.931987e-10 
146.6180803 4.817407e-10 
145.2605226 3.397042e-10 
146.6182034 2.2113e-10 
147.9758061 5.568456e-10 
147.9759234 1.921273e-10 
150.6910852 4.055061e-10 
149.3334792 5.228892e-10 
150.6911961 3.690462e-10 
152.048742 6.043537e-10 
152.048858 2.158987e-10 
153.4064485 6.040583e-10 
154.7641008 5.948949e-10 
153.406556 1.719744e-10 
156.1217031 8.205702e-10 
156.121796 3.83333e-10 
157.4793454 1.012391e-09 
158.8370394 6.746023e-10 
157.4794359 4.469819e-10 
158.8371133 7.159664e-10 
160.1946745 4.53051e-10 
161.552317 3.712526e-09 
162.9099518 3.927996e-09 
161.5523558 8.257149e-11 
162.9099791 1.267803e-11 
164.2676404 3.360244e-09 
164.2676454 2.277816e-10 
166.982956 6.75828e-09 
165.6252643 2.847466e-09 
166.9829374 2.328268e-09 
168.3405844 6.047687e-09 
168.3405494 1.745228e-09 
169.6982644 5.076924e-09 
171.0558765 3.905914e-09 
169.6982098 1.439943e-09 
172.4135687 2.77445e-09 
172.4135376 3.11201e-09 
173.7711855 1.778558e-09 
175.1288481 1.158075e-09 
173.7711377 1.999428e-09 
175.1287886 1.318561e-09 
176.4864453 6.577863e-10 
177.8440923 2.570034e-10 
179.2016956 1.796853e-10 
177.8440891 5.65042e-10 
179.2016777 5.117137e-10 
180.5593399 4.52312e-10 
180.5593172 6.64644e-10 
183.2745394 7.811888e-10 
181.9169265 1.035285e-09 
183.2745587 1.573534e-09 
184.632136 8.806949e-10 
184.632145 2.177903e-09 
185.9897731 1.144897e-09 
187.3473621 1.387115e-09 
185.9897819 2.465716e-09 
188.7049799 8.703565e-11 
188.7049975 1.4369e-09 
190.0625791 1.810598e-10 
191.4202212 2.694041e-10 
190.0625954 1.299361e-09 
191.420243 1.021938e-09 
192.7778224 2.046929e-10 
194.1354476 1.450716e-10 
195.4930504 1.139068e-10 
194.1354708 1.392761e-10 
195.4930861 3.656359e-11 
196.8506972 8.343524e-11 
196.8507488 1.330278e-10 
199.5659031 7.814183e-10 
198.2083068 6.490937e-12 
199.5659605 1.185772e-11 
200.9235036 9.679441e-10 
200.9235828 9.249144e-11 
202.2811458 1.057862e-09 
203.6387563 1.244773e-09 
202.2812442 2.364696e-10 
204.996307 3.994305e-09 
204.9964074 1.148147e-09 
206.3538809 5.34726e-09 
206.3540075 1.218141e-09 
108.6029146 3.607554e-09 
111.318209 2.299623e-09 
111.318427 3.010555e-09 
114.0337275 2.819032e-09 
116.7490268 2.251864e-09 
116.7492242 2.30263e-09 
119.4645284 2.666295e-09 
122.1798082 3.396888e-09 
122.1800097 2.062248e-09 
124.8952913 3.612439e-09 
127.6105415 4.342213e-09 
127.6107573 2.560751e-09 
130.3260083 4.09163e-09 
133.0412537 2.343164e-09 
133.0414617 2.559291e-09 
135.7567089 1.921105e-09 
138.4719828 3.73864e-10 
138.4721533 7.916842e-10 
141.1874251 3.784678e-10 
143.9027226 4.446265e-10 
143.9028555 1.419054e-10 
146.6181398 4.978995e-10 
149.3334208 5.013748e-10 
149.3335398 2.055635e-10 
152.0487994 5.734149e-10 
154.7640475 7.247311e-10 
154.7641556 3.788472e-10 
157.4793894 4.526907e-10 
160.1946447 2.017403e-09 
160.1947072 1.895551e-10 
162.9099648 1.24683e-09 
165.625267 5.778086e-09 
165.6252592 5.757191e-10 
168.3405708 4.14565e-09 
171.055894 4.288496e-09 
171.0558452 2.469449e-09 
173.7711709 2.262406e-09 
176.4864528 2.356363e-10 
176.4864173 9.209083e-10 
179.2016961 3.19777e-10 
181.9169201 7.347754e-10 
181.9169184 1.229934e-09 
184.632145 1.627771e-09 
187.3473536 5.160908e-10 
187.3473674 2.216231e-09 
190.0625868 6.843571e-10 
192.7778131 1.19823e-10 
192.7778353 3.544936e-10 
195.4930652 6.035264e-11 
198.208283 1.952019e-10 
198.2083386 9.99969e-11 
200.9235385 2.054835e-10 
203.63871 2.769779e-09 
203.6388134 1.880108e-10 
206.3539383 3.784899e-09 
109.9604682 1.659642e-09 
108.6027948 2.51387e-09 
109.9606992 3.336029e-09 
108.6030297 3.443466e-09 
111.3183213 3.193981e-09 
114.0336208 2.162191e-09 
112.6759969 2.60961e-09 
114.0338256 2.605565e-09 
112.6761987 2.220096e-09 
115.391295 1.671802e-09 
115.3915016 2.606157e-09 
118.1068047 2.546715e-09 
116.7491311 2.617461e-09 
118.1069856 1.820991e-09 
119.4644236 2.674784e-09 
119.4646201 2.113548e-09 
120.8220875 2.731086e-09 
122.179916 3.018075e-09 
120.8222932 2.523783e-09 
123.5375762 3.654428e-09 
123.5377628 1.663271e-09 
126.2528325 3.802598e-09 
124.89518 4.129121e-09 
126.253049 3.278785e-09 
124.8953895 2.219411e-09 
127.6106544 4.136674e-09 
130.3258974 3.675551e-09 
128.9683018 4.352158e-09 
130.3261135 2.805751e-09 
128.9685035 1.985272e-09 
131.6835542 2.127234e-09 
131.6837614 3.403072e-09 
134.3990089 2.129421e-09 
133.041358 3.239848e-09 
134.3992031 1.717157e-09 
135.7566151 1.046685e-09 
135.7568067 1.750295e-09 
137.1142909 3.208362e-10 
138.4720647 8.288537e-10 
137.1144589 1.260454e-09 
139.8297313 3.492874e-10 
139.8298905 2.651484e-10 
142.545041 5.104794e-10 
141.1873541 3.149853e-10 
142.5451684 2.164419e-10 
141.1875036 2.208957e-10 
143.9027859 4.027471e-10 
146.6180803 4.812473e-10 
145.2604578 5.310206e-10 
146.6182035 2.213935e-10 
145.2605836 1.184601e-10 
147.9757551 3.849251e-10 
147.9758675 4.000964e-10 
150.6911366 5.657118e-10 
149.3334792 5.23706e-10 
150.6912494 1.130375e-10 
152.048742 6.046464e-10 
152.048858 2.156999e-10 
153.4063988 5.342704e-10 
154.7641008 5.951548e-10 
153.4065049 3.981691e-10 
156.1217466 5.66843e-10 
156.1218424 5.015561e-10 
158.8370069 1.759784e-09 
157.4793454 1.012073e-09 
158.8370765 1.575453e-10 
157.479436 4.462358e-10 
160.1946746 4.530609e-10 
162.9099518 3.925497e-09 
161.5523357 1.559431e-09 
162.9099791 1.279385e-11 
161.5523778 4.886322e-10 
164.267635 5.916647e-09 
164.2676418 8.282943e-10 
166.9829524 5.01717e-09 
165.6252643 2.848762e-09 
166.9829226 5.907346e-10 
168.3405844 6.044597e-09 
168.3405494 1.746518e-09 
169.6982707 5.380238e-09 
171.0558765 3.908285e-09 
169.6982389 3.445048e-09 
172.4135662 3.326769e-09 
172.4135015 1.847121e-09 
175.128843 7.674621e-10 
173.7711856 1.777025e-09 
175.1288235 1.677235e-09 
173.7711377 2.000792e-09 
176.4864453 6.589241e-10 
179.2016957 1.803446e-10 
177.8441055 1.271865e-10 
179.2016777 5.119117e-10 
177.8440621 5.66929e-10 
180.5593213 6.196774e-10 
180.5593326 7.048962e-10 
183.2745589 1.100474e-09 
181.9169266 1.035738e-09 
183.2745549 1.665241e-09 
184.6321361 8.818114e-10 
184.632145 2.176772e-09 
185.9897565 4.443716e-10 
187.3473621 1.387253e-09 
185.9897768 1.968658e-09 
188.7049922 6.673678e-10 
188.7050082 2.135511e-09 
191.4202115 5.207134e-11 
190.0625791 1.814061e-10 
191.4202285 5.947935e-10 
190.0625954 1.298583e-09 
192.7778225 2.047593e-10 
195.4930504 1.138067e-10 
194.1354586 1.462772e-10 
195.4930861 3.640907e-11 
194.135491 2.024846e-10 
196.8506806 2.352765e-10 
196.8507181 5.30751e-11 
199.5659283 1.890512e-10 
198.2083068 6.501253e-12 
199.566003 3.136499e-10 
200.9235036 9.682473e-10 
200.9235828 9.237713e-11 
202.2811109 2.235349e-09 
203.6387563 1.244339e-09 
202.2811903 1.758388e-10 
204.996351 2.926763e-09 
204.9964714 1.661356e-10 
206.3538809 5.347782e-09 
206.3540075 1.218438e-09 
109.9605874 2.933153e-09 
109.960807 2.558942e-09 
112.6758842 1.577549e-09 
112.6761005 2.908171e-09 
115.3914038 2.447563e-09 
115.3915919 1.977923e-09 
118.106697 2.054363e-09 
118.1069003 2.471423e-09 
120.8221964 2.968714e-09 
120.8223771 1.709089e-09 
123.5374653 3.477526e-09 
123.5376769 2.809324e-09 
126.2529439 4.292488e-09 
126.2531389 1.762562e-09 
128.9681935 3.308083e-09 
128.9684095 3.627517e-09 
131.683655 3.530244e-09 
131.6838571 2.071378e-09 
134.3989194 9.247962e-10 
134.3991095 2.473091e-09 
137.1143674 8.938609e-10 
137.1145462 9.674878e-10 
139.8296667 3.373953e-10 
139.8298122 4.221264e-10 
142.545097 3.831279e-10 
142.5452373 1.142714e-11 
145.260406 4.918507e-10 
145.2605227 3.401318e-10 
147.9758061 5.572343e-10 
147.9759235 1.920044e-10 
150.6910852 4.054081e-10 
150.6911961 3.693724e-10 
153.4064485 6.046877e-10 
153.406556 1.715751e-10 
156.1217031 8.204483e-10 
156.121796 3.83253e-10 
158.8370394 6.742249e-10 
158.8371133 7.149674e-10 
161.5523171 3.709173e-09 
161.5523558 8.255899e-11 
164.2676405 3.358622e-09 
164.2676455 2.276561e-10 
166.9829561 6.752096e-09 
166.9829374 2.329525e-09 
169.6982645 5.075344e-09 
169.6982098 1.440486e-09 
172.4135687 2.770489e-09 
172.4135376 3.114361e-09 
175.1288481 1.157518e-09 
175.1287886 1.319376e-09 
177.8440923 2.573452e-10 
177.8440891 5.660182e-10 
180.5593399 4.531344e-10 
180.5593172 6.649202e-10 
183.2745394 7.827646e-10 
183.2745587 1.573998e-09 
185.9897731 1.146384e-09 
185.9897819 2.464345e-09 
188.7049799 8.764812e-11 
188.7049975 1.436698e-09 
191.4202213 2.696911e-10 
191.420243 1.021203e-09 
194.1354476 1.446256e-10 
194.1354708 1.390971e-10 
196.8506972 8.337419e-11 
196.8507488 1.329779e-10 
199.5659031 7.818981e-10 
199.5659605 1.179038e-11 
202.2811458 1.057914e-09 
202.2812442 2.363245e-10 
204.996307 3.995959e-09 
204.9964074 1.147648e-09 
109.9604682 1.66151e-09 
108.6029146 3.608185e-09 
109.9606992 3.336871e-09 
111.3182091 2.300995e-09 
111.318427 3.01119e-09 
112.675997 2.610609e-09 
114.0337275 2.819906e-09 
112.6761987 2.220447e-09 
115.391295 1.673684e-09 
115.3915016 2.60677e-09 
116.7490268 2.25402e-09 
118.1068047 2.548806e-09 
116.7492242 2.303109e-09 
118.1069856 1.82073e-09 
119.4645284 2.668272e-09 
120.8220875 2.732772e-09 
122.1798082 3.398659e-09 
120.8222932 2.524873e-09 
122.1800097 2.062767e-09 
123.5375762 3.65573e-09 
123.5377628 1.663092e-09 
126.2528325 3.805213e-09 
124.8952913 3.613673e-09 
126.253049 3.280271e-09 
127.6105415 4.344245e-09 
127.6107572 2.562118e-09 
128.9683018 4.353794e-09 
130.3260083 4.092326e-09 
128.9685035 1.985845e-09 
131.6835542 2.128571e-09 
131.6837614 3.403919e-09 
133.0412537 2.344739e-09 
134.3990088 2.131972e-09 
133.0414617 2.560043e-09 
134.3992031 1.716835e-09 
135.7567089 1.923152e-09 
137.1142909 3.207327e-10 
138.4719828 3.741107e-10 
137.1144589 1.261244e-09 
138.4721533 7.922601e-10 
139.8297313 3.497613e-10 
139.8298905 2.650866e-10 
142.5450409 5.092872e-10 
141.1874251 3.792229e-10 
142.5451684 2.16706e-10 
143.9027226 4.437993e-10 
143.9028555 1.421652e-10 
145.2604578 5.30904e-10 
146.6181398 4.984003e-10 
145.2605836 1.182881e-10 
147.975755 3.843862e-10 
147.9758675 4.00244e-10 
149.3334208 5.012915e-10 
150.6911366 5.659038e-10 
149.3335398 2.055727e-10 
150.6912494 1.127577e-10 
152.0487994 5.738898e-10 
153.4063988 5.343079e-10 
154.7640475 7.246928e-10 
153.4065049 3.986124e-10 
154.7641556 3.787905e-10 
156.1217466 5.667959e-10 
156.1218424 5.013876e-10 
158.8370069 1.758614e-09 
157.4793895 4.525862e-10 
158.8370765 1.5766e-10 
160.1946447 2.01558e-09 
160.1947072 1.893527e-10 
161.5523357 1.557474e-09 
162.9099648 1.245841e-09 
161.5523778 4.881273e-10 
164.267635 5.911971e-09 
164.2676419 8.276108e-10 
165.625267 5.772955e-09 
166.9829524 5.012769e-09 
165.6252592 5.761189e-10 
166.9829226 5.908164e-10 
168.3405708 4.144779e-09 
169.6982707 5.37407e-09 
171.055894 4.283721e-09 
169.6982389 3.445044e-09 
171.0558452 2.470691e-09 
172.4135662 3.32352e-09 
172.4135015 1.847638e-09 
175.1288431 7.657798e-10 
173.7711709 2.262284e-09 
175.1288235 1.677235e-09 
176.4864528 2.346633e-10 
176.4864173 9.215939e-10 
177.8441055 1.268736e-10 
179.2016962 3.205613e-10 
177.8440621 5.674667e-10 
180.5593213 6.212055e-10 
180.5593327 7.058929e-10 
181.9169201 7.365472e-10 
183.2745589 1.103059e-09 
181.9169184 1.230112e-09 
183.2745549 1.664548e-09 
184.632145 1.63e-09 
185.9897565 4.457377e-10 
187.3473536 5.175544e-10 
185.9897768 1.970117e-09 
187.3473674 2.215728e-09 
188.7049922 6.692242e-10 
188.7050082 2.134698e-09 
191.4202115 5.186613e-11 
190.0625868 6.85369e-10 
191.4202285 5.951914e-10 
192.7778131 1.197704e-10 
192.7778353 3.544702e-10 
194.1354586 1.462798e-10 
195.4930652 6.040306e-11 
194.135491 2.021875e-10 
196.8506806 2.35258e-10 
196.8507181 5.300713e-11 
198.208283 1.954543e-10 
199.5659283 1.893301e-10 
198.2083386 9.986308e-11 
199.566003 3.134483e-10 
200.9235385 2.056357e-10 
202.2811109 2.236372e-09 
203.63871 2.770322e-09 
202.2811903 1.758746e-10 
203.6388134 1.879404e-10 
204.996351 2.926655e-09 
204.9964714 1.660974e-10 
206.3539383 3.784441e-09 
108.6027948 2.515366e-09 
108.6030297 3.443996e-09 
111.3183213 3.195038e-09 
114.0336208 2.163732e-09 
114.0338256 2.606078e-09 
116.7491311 2.618638e-09 
119.4644236 2.676986e-09 
119.4646201 2.113937e-09 
122.179916 3.019532e-09 
124.89518 4.130783e-09 
124.8953895 2.220106e-09 
127.6106544 4.138145e-09 
130.3258974 3.677512e-09 
130.3261135 2.806458e-09 
133.0413579 3.241532e-09 
135.7566151 1.047774e-09 
135.7568067 1.750246e-09 
138.4720647 8.296329e-10 
141.1873541 3.144771e-10 
141.1875036 2.21024e-10 
143.9027859 4.028519e-10 
146.6180802 4.809454e-10 
146.6182035 2.21332e-10 
149.3334792 5.238931e-10 
152.048742 6.045979e-10 
152.048858 2.158581e-10 
154.7641008 5.953092e-10 
157.4793454 1.01137e-09 
157.479436 4.466234e-10 
160.1946746 4.521536e-10 
162.9099518 3.922305e-09 
162.9099792 1.280681e-11 
165.6252643 2.845656e-09 
168.3405844 6.038099e-09 
168.3405494 1.746787e-09 
171.0558765 3.905342e-09 
173.7711856 1.773443e-09 
173.7711377 2.001265e-09 
176.4864453 6.579366e-10 
179.2016957 1.810196e-10 
179.2016777 5.12563e-10 
181.9169266 1.037945e-09 
184.6321361 8.840342e-10 
184.632145 2.177096e-09 
187.3473621 1.389976e-09 
190.0625791 1.819662e-10 
190.0625954 1.299173e-09 
192.7778225 2.052184e-10 
195.4930504 1.136815e-10 
195.4930861 3.633424e-11 
198.2083068 6.534187e-12 
200.9235036 9.685926e-10 
200.9235828 9.226165e-11 
203.6387563 1.244728e-09 
206.3538809 5.34709e-09 
206.3540075 1.218893e-09 
109.9605874 2.934187e-09 
108.6029146 3.609016e-09 
109.960807 2.559407e-09 
111.3182091 2.301974e-09 
111.318427 3.011521e-09 
112.6758843 1.578918e-09 
114.0337275 2.820853e-09 
112.6761005 2.908697e-09 
115.3914038 2.448737e-09 
115.3915919 1.978001e-09 
118.106697 2.056e-09 
116.7490268 2.254844e-09 
118.1069003 2.471557e-09 
116.7492242 2.303225e-09 
119.4645284 2.668458e-09 
122.1798082 3.39999e-09 
120.8221964 2.970093e-09 
122.1800097 2.063123e-09 
120.8223771 1.709051e-09 
123.5374653 3.478809e-09 
123.5376769 2.81027e-09 
126.2529439 4.293913e-09 
124.8952913 3.614845e-09 
126.2531389 1.762576e-09 
127.6105414 4.344913e-09 
127.6107572 2.562132e-09 
128.9681935 3.309557e-09 
130.3260083 4.094006e-09 
128.9684095 3.628785e-09 
131.683655 3.532822e-09 
131.6838571 2.070877e-09 
134.3989193 9.255079e-10 
133.0412537 2.34601e-09 
134.3991095 2.47348e-09 
133.0414616 2.559725e-09 
135.7567089 1.923372e-09 
138.4719828 3.74198e-10 
137.1143674 8.948744e-10 
138.4721533 7.917964e-10 
137.1145462 9.669348e-10 
139.8296667 3.367319e-10 
139.8298122 4.221763e-10 
142.5450969 3.828003e-10 
141.1874251 3.788942e-10 
142.5452373 1.139731e-11 
143.9027225 4.436094e-10 
143.9028555 1.419322e-10 
145.260406 4.916095e-10 
146.6181398 4.981137e-10 
145.2605226 3.400074e-10 
147.9758061 5.569836e-10 
147.9759235 1.916512e-10 
150.6910852 4.053468e-10 
149.3334207 5.012461e-10 
150.6911961 3.696099e-10 
149.3335398 2.054647e-10 
152.0487994 5.739192e-10 
154.7640475 7.243894e-10 
153.4064485 6.044592e-10 
154.7641556 3.794403e-10 
153.406556 1.716729e-10 
156.121703 8.199798e-10 
156.121796 3.838287e-10 
158.8370394 6.73398e-10 
157.4793895 4.524727e-10 
158.8371133 7.152791e-10 
160.1946447 2.014707e-09 
160.1947072 1.898697e-10 
161.552317 3.708156e-09 
162.9099648 1.243311e-09 
161.5523558 8.212176e-11 
164.2676405 3.354617e-09 
164.2676455 2.274161e-10 
166.982956 6.747791e-09 
165.625267 5.76932e-09 
166.9829374 2.327636e-09 
165.6252593 5.757882e-10 
168.3405709 4.140246e-09 
171.055894 4.279172e-09 
169.6982645 5.069886e-09 
171.0558452 2.470205e-09 
169.6982098 1.440565e-09 
172.4135687 2.767149e-09 
172.4135377 3.112307e-09 
175.1288481 1.154806e-09 
173.7711709 2.258873e-09 
175.1287886 1.319516e-09 
176.4864528 2.337382e-10 
176.4864173 9.214446e-10 
177.8440923 2.578409e-10 
179.2016962 3.209407e-10 
177.8440892 5.656263e-10 
180.5593399 4.544913e-10 
180.5593173 6.649366e-10 
183.2745394 7.842152e-10 
181.9169201 7.378877e-10 
183.2745587 1.575734e-09 
181.9169184 1.230879e-09 
184.632145 1.632755e-09 
187.3473535 5.186313e-10 
185.9897731 1.149287e-09 
187.3473674 2.217176e-09 
185.9897819 2.463992e-09 
188.7049799 8.794279e-11 
188.7049975 1.438547e-09 
191.4202212 2.70274e-10 
190.0625868 6.866959e-10 
191.4202431 1.021401e-09 
192.7778131 1.197582e-10 
192.7778353 3.548863e-10 
194.1354476 1.44415e-10 
195.4930652 6.053086e-11 
194.1354708 1.39238e-10 
196.8506972 8.338704e-11 
196.8507488 1.327844e-10 
199.5659031 7.820874e-10 
198.208283 1.954333e-10 
199.5659605 1.174443e-11 
198.2083386 9.966639e-11 
200.9235385 2.056792e-10 
203.63871 2.770731e-09 
202.2811458 1.05839e-09 
203.6388134 1.879281e-10 
202.2812442 2.36349e-10 
204.9963069 3.996697e-09 
204.9964074 1.148209e-09 
206.3539383 3.78386e-09 
109.9604682 1.662065e-09 
109.9606992 3.33717e-09 
112.6759969 2.611381e-09 
112.6761987 2.220551e-09 
115.391295 1.674062e-09 
115.3915016 2.606609e-09 
118.1068047 2.548911e-09 
118.1069856 1.820787e-09 
120.8220874 2.733401e-09 
120.8222932 2.524582e-09 
123.5375762 3.656452e-09 
123.5377628 1.663365e-09 
126.2528325 3.80477e-09 
126.253049 3.280874e-09 
128.9683018 4.355352e-09 
128.9685035 1.985003e-09 
131.6835542 2.129348e-09 
131.6837614 3.404387e-09 
134.3990089 2.132796e-09 
134.3992031 1.716001e-09 
137.1142909 3.206821e-10 
137.1144589 1.260683e-09 
139.8297313 3.494377e-10 
139.8298905 2.650223e-10 
142.5450409 5.095133e-10 
142.5451684 2.163328e-10 
145.2604577 5.304281e-10 
145.2605836 1.180387e-10 
147.975755 3.846286e-10 
147.9758675 3.999949e-10 
150.6911366 5.654651e-10 
150.6912494 1.126355e-10 
153.4063988 5.339816e-10 
153.4065049 3.990565e-10 
156.1217466 5.663095e-10 
156.1218424 5.021571e-10 
158.8370068 1.75864e-09 
158.8370765 1.581068e-10 
161.5523357 1.555739e-09 
161.5523778 4.884963e-10 
164.267635 5.912477e-09 
164.2676419 8.260507e-10 
166.9829524 5.008544e-09 
166.9829227 5.907157e-10 
169.6982706 5.372813e-09 
169.6982389 3.441634e-09 
172.4135662 3.319439e-09 
172.4135015 1.847207e-09 
175.128843 7.657712e-10 
175.1288236 1.674661e-09 
177.8441055 1.260812e-10 
177.8440622 5.672449e-10 
180.5593213 6.216841e-10 
180.5593327 7.061959e-10 
183.2745589 1.105073e-09 
183.2745549 1.664609e-09 
185.9897564 4.459288e-10 
185.9897768 1.97229e-09 
188.7049922 6.703139e-10 
188.7050082 2.135523e-09 
191.4202115 5.19259e-11 
191.4202285 5.959879e-10 
194.1354586 1.465595e-10 
194.135491 2.023883e-10 
196.8506806 2.351013e-10 
196.8507181 5.294647e-11 
199.5659283 1.892546e-10 
199.566003 3.13135e-10 
202.2811109 2.236434e-09 
202.2811903 1.760496e-10 
204.996351 2.927131e-09 
204.9964714 1.660769e-10 
108.6027948 2.516023e-09 
109.9605874 2.93448e-09 
108.6030297 3.444778e-09 
109.960807 2.559822e-09 
111.3183212 3.195418e-09 
112.6758843 1.578258e-09 
114.0336208 2.163679e-09 
112.6761005 2.908218e-09 
114.0338256 2.605791e-09 
115.3914037 2.448455e-09 
115.3915919 1.977859e-09 
118.106697 2.05511e-09 
116.7491311 2.618494e-09 
118.1069003 2.470872e-09 
119.4644236 2.676513e-09 
119.4646201 2.113801e-09 
120.8221964 2.9691e-09 
122.179916 3.018928e-09 
120.8223771 1.709384e-09 
123.5374653 3.477477e-09 
123.5376769 2.809597e-09 
124.89518 4.130409e-09 
126.2529439 4.294095e-09 
124.8953895 2.219944e-09 
126.2531389 1.762432e-09 
127.6106544 4.139138e-09 
128.9681935 3.308467e-09 
130.3258974 3.677286e-09 
128.9684095 3.628722e-09 
130.3261135 2.805563e-09 
131.683655 3.532562e-09 
131.6838571 2.069654e-09 
134.3989193 9.255946e-10 
133.041358 3.241317e-09 
134.3991095 2.472558e-09 
135.7566151 1.047955e-09 
135.7568067 1.749324e-09 
137.1143674 8.940937e-10 
138.4720647 8.28673e-10 
137.1145462 9.667933e-10 
139.8296667 3.371699e-10 
139.8298122 4.215246e-10 
141.1873541 3.14528e-10 
142.5450969 3.823935e-10 
141.1875035 2.205727e-10 
142.5452372 1.141106e-11 
143.9027859 4.021269e-10 
145.260406 4.925019e-10 
146.6180802 4.811236e-10 
145.2605226 3.394248e-10 
146.6182034 2.209203e-10 
147.9758061 5.565123e-10 
147.9759234 1.914197e-10 
150.6910852 4.051545e-10 
149.3334792 5.235109e-10 
150.6911961 3.694611e-10 
152.048742 6.042816e-10 
152.048858 2.16099e-10 
153.4064485 6.037901e-10 
154.7641008 5.951812e-10 
153.406556 1.721864e-10 
156.121703 8.201539e-10 
156.121796 3.843161e-10 
157.4793454 1.011482e-09 
158.8370394 6.730468e-10 
157.479436 4.475247e-10 
158.8371133 7.162189e-10 
160.1946746 4.516005e-10 
161.552317 3.709887e-09 
162.9099518 3.922174e-09 
161.5523558 8.194594e-11 
162.9099792 1.267923e-11 
164.2676404 3.353857e-09 
164.2676455 2.275108e-10 
166.982956 6.751606e-09 
165.6252643 2.842538e-09 
166.9829374 2.325186e-09 
168.3405844 6.036778e-09 
168.3405494 1.745842e-09 
169.6982644 5.067686e-09 
171.0558765 3.901101e-09 
169.6982098 1.440082e-09 
172.4135687 2.769431e-09 
172.4135377 3.108686e-09 
173.7711855 1.772545e-09 
175.1288481 1.153424e-09 
173.7711377 2.000077e-09 
175.1287886 1.31876e-09 
176.4864453 6.562384e-10 
177.8440922 2.576869e-10 
179.2016956 1.808629e-10 
177.8440891 5.642121e-10 
179.2016777 5.125881e-10 
180.5593399 4.544065e-10 
180.5593173 6.646589e-10 
183.2745393 7.834115e-10 
181.9169266 1.038798e-09 
183.2745587 1.576659e-09 
184.632136 8.844231e-10 
184.6321451 2.178646e-09 
185.9897731 1.149705e-09 
187.3473621 1.391288e-09 
185.9897819 2.46504e-09 
188.7049798 8.746431e-11 
188.7049975 1.439705e-09 
190.0625791 1.818701e-10 
191.4202212 2.703724e-10 
190.0625954 1.300337e-09 
191.4202431 1.022364e-09 
192.7778224 2.055075e-10 
194.1354476 1.447182e-10 
195.4930504 1.137152e-10 
194.1354708 1.394705e-10 
195.4930861 3.642295e-11 
196.8506972 8.343612e-11 
196.8507488 1.326821e-10 
199.5659031 7.817326e-10 
198.2083068 6.543244e-12 
199.5659605 1.177247e-11 
200.9235036 9.685683e-10 
200.9235828 9.227477e-11 
202.2811458 1.058642e-09 
203.6387563 1.245376e-09 
202.2812442 2.365172e-10 
204.9963069 3.995485e-09 
204.9964074 1.149036e-09 
206.3538809 5.346239e-09 
206.3540075 1.218889e-09 
108.6029146 3.60892e-09 
111.3182091 2.301425e-09 
111.318427 3.011581e-09 
114.0337275 2.820225e-09 
116.7490268 2.253717e-09 
116.7492242 2.302536e-09 
119.4645284 2.667437e-09 
122.1798082 3.397943e-09 
122.1800097 2.062648e-09 
124.8952913 3.613892e-09 
127.6105414 4.343544e-09 
127.6107572 2.561367e-09 
130.3260083 4.093519e-09 
133.0412537 2.34518e-09 
133.0414617 2.558299e-09 
135.7567089 1.92177e-09 
138.4719828 3.739099e-10 
138.4721533 7.910584e-10 
141.1874251 3.779185e-10 
143.9027226 4.442289e-10 
143.9028555 1.415821e-10 
146.6181398 4.974317e-10 
149.3334207 5.011491e-10 
149.3335397 2.053052e-10 
152.0487994 5.733915e-10 
154.7640475 7.242559e-10 
154.7641556 3.798785e-10 
157.4793894 4.524206e-10 
160.1946447 2.015781e-09 
160.1947072 1.903668e-10 
162.9099648 1.243073e-09 
165.625267 5.772263e-09 
165.6252593 5.749717e-10 
168.3405708 4.138092e-09 
171.0558939 4.281677e-09 
171.0558452 2.468633e-09 
173.7711709 2.256871e-09 
176.4864528 2.340187e-10 
176.4864173 9.205526e-10 
179.2016962 3.20149e-10 
181.9169201 7.368919e-10 
181.9169184 1.231238e-09 
184.632145 1.632543e-09 
187.3473535 5.176937e-10 
187.3473674 2.218548e-09 
190.0625868 6.865018e-10 
192.7778131 1.198692e-10 
192.7778353 3.55174e-10 
195.4930652 6.053841e-11 
198.208283 1.951449e-10 
198.2083386 9.965751e-11 
200.9235385 2.055375e-10 
203.63871 2.770475e-09 
203.6388134 1.87964e-10 
206.3539383 3.783925e-09 
109.9604682 1.660796e-09 
108.6027948 2.51469e-09 
109.9606992 3.336844e-09 
108.6030297 3.444694e-09 
111.3183212 3.194682e-09 
114.0336208 2.16235e-09 
112.6759969 2.610688e-09 
114.0338256 2.605364e-09 
112.6761987 2.220486e-09 
115.391295 1.672547e-09 
115.3915016 2.605566e-09 
118.1068047 2.547676e-09 
116.7491311 2.617082e-09 
118.1069856 1.820897e-09 
119.4644236 2.674519e-09 
119.4646201 2.112976e-09 
120.8220874 2.731073e-09 
122.179916 3.017649e-09 
120.8222932 2.523633e-09 
123.5375762 3.65476e-09 
123.5377628 1.663587e-09 
126.2528325 3.802779e-09 
124.89518 4.127954e-09 
126.253049 3.279839e-09 
124.8953895 2.219305e-09 
127.6106545 4.137522e-09 
130.3258974 3.675857e-09 
128.9683018 4.354201e-09 
130.3261135 2.804368e-09 
128.9685035 1.984473e-09 
131.6835542 2.128216e-09 
131.6837614 3.403155e-09 
134.3990089 2.131008e-09 
133.041358 3.239955e-09 
134.3992031 1.71557e-09 
135.7566151 1.046784e-09 
135.7568067 1.748442e-09 
137.1142909 3.207948e-10 
138.4720647 8.272425e-10 
137.1144589 1.259754e-09 
139.8297313 3.487058e-10 
139.8298905 2.650852e-10 
142.545041 5.107656e-10 
141.1873541 3.149299e-10 
142.5451684 2.158371e-10 
141.1875035 2.20221e-10 
143.9027859 4.016767e-10 
146.6180803 4.815795e-10 
145.2604577 5.303808e-10 
146.6182034 2.208655e-10 
145.2605836 1.181227e-10 
147.975755 3.851655e-10 
147.9758675 3.994987e-10 
150.6911366 5.648525e-10 
149.3334792 5.228071e-10 
150.6912494 1.128227e-10 
152.048742 6.041318e-10 
152.0488579 2.16146e-10 
153.4063988 5.337455e-10 
154.7641008 5.948227e-10 
153.4065049 3.989079e-10 
156.1217465 5.658659e-10 
156.1218424 5.027941e-10 
158.8370068 1.760061e-09 
157.4793453 1.011952e-09 
158.8370764 1.58364e-10 
157.4794359 4.476775e-10 
160.1946745 4.521539e-10 
162.9099517 3.92576e-09 
161.5523357 1.556984e-09 
162.9099791 1.259812e-11 
161.5523778 4.891765e-10 
164.267635 5.917237e-09 
164.2676418 8.255883e-10 
166.9829524 5.01052e-09 
165.6252643 2.843838e-09 
166.9829226 5.903189e-10 
168.3405844 6.043275e-09 
168.3405494 1.744745e-09 
169.6982706 5.37944e-09 
171.0558765 3.901246e-09 
169.6982389 3.439415e-09 
172.4135661 3.32012e-09 
172.4135015 1.84642e-09 
175.128843 7.674608e-10 
173.7711855 1.775745e-09 
175.1288235 1.672819e-09 
173.7711377 1.998862e-09 
176.4864453 6.560804e-10 
179.2016956 1.800439e-10 
177.8441054 1.258448e-10 
179.2016777 5.122e-10 
177.8440622 5.667127e-10 
180.5593213 6.201618e-10 
180.5593326 7.055668e-10 
183.2745589 1.103649e-09 
181.9169265 1.037201e-09 
183.2745549 1.664895e-09 
184.632136 8.821915e-10 
184.632145 2.179039e-09 
185.9897564 4.44433e-10 
187.3473621 1.38975e-09 
185.9897768 1.972427e-09 
188.7049922 6.693897e-10 
188.7050082 2.136951e-09 
191.4202115 5.221323e-11 
190.0625791 1.813478e-10 
191.4202284 5.959554e-10 
190.0625954 1.300439e-09 
192.7778224 2.05102e-10 
195.4930504 1.138772e-10 
194.1354586 1.466872e-10 
195.4930861 3.656719e-11 
194.135491 2.028444e-10 
196.8506806 2.350914e-10 
196.8507181 5.298703e-11 
199.5659283 1.889082e-10 
198.2083068 6.515552e-12 
199.566003 3.131396e-10 
200.9235036 9.680439e-10 
200.9235828 9.243225e-11 
202.2811109 2.235469e-09 
203.6387563 1.245401e-09 
202.2811903 1.760819e-10 
204.996351 2.927547e-09 
204.9964714 1.661053e-10 
206.3538809 5.346064e-09 
206.3540075 1.21844e-09 
109.9605874 2.933318e-09 
109.9608071 2.559283e-09 
112.6758842 1.576677e-09 
112.6761005 2.907436e-09 
115.3914037 2.447084e-09 
115.3915919 1.978024e-09 
118.106697 2.053196e-09 
118.1069003 2.469791e-09 
120.8221964 2.967482e-09 
120.8223772 1.709547e-09 
123.5374653 3.475075e-09 
123.5376769 2.808679e-09 
126.2529439 4.292044e-09 
126.2531389 1.76233e-09 
128.9681935 3.306809e-09 
128.9684095 3.627012e-09 
131.683655 3.530509e-09 
131.6838571 2.069675e-09 
134.3989193 9.247528e-10 
134.3991095 2.471692e-09 
137.1143674 8.92496e-10 
137.1145462 9.668429e-10 
139.8296667 3.379518e-10 
139.8298122 4.21139e-10 
142.545097 3.82534e-10 
142.5452372 1.143693e-11 
145.260406 4.935296e-10 
145.2605226 3.391752e-10 
147.9758061 5.564505e-10 
147.9759234 1.918197e-10 
150.6910852 4.053137e-10 
150.691196 3.690953e-10 
153.4064485 6.033658e-10 
153.406556 1.723805e-10 
156.121703 8.204554e-10 
156.121796 3.840046e-10 
158.8370394 6.738511e-10 
158.8371133 7.166194e-10 
161.552317 3.712922e-09 
161.5523558 8.214588e-11 
164.2676404 3.357609e-09 
164.2676455 2.276998e-10 
166.982956 6.758317e-09 
166.9829374 2.32555e-09 
169.6982644 5.07216e-09 
169.6982098 1.439543e-09 
172.4135686 2.774287e-09 
172.4135376 3.108351e-09 
175.1288481 1.155536e-09 
175.1287886 1.318237e-09 
177.8440922 2.57043e-10 
177.8440891 5.638177e-10 
180.5593398 4.529845e-10 
180.5593173 6.644549e-10 
183.2745393 7.813885e-10 
183.2745587 1.575494e-09 
185.9897731 1.147095e-09 
185.9897819 2.465922e-09 
188.7049799 8.688177e-11 
188.7049975 1.438676e-09 
191.4202212 2.698615e-10 
191.420243 1.022781e-09 
194.1354476 1.451962e-10 
194.1354708 1.394931e-10 
196.8506972 8.344421e-11 
196.8507488 1.328347e-10 
199.5659031 7.812686e-10 
199.5659605 1.18476e-11 
202.2811458 1.058298e-09 
202.2812442 2.366029e-10 
204.9963069 3.993911e-09 
204.9964074 1.149003e-09 
