# c_kinat vs. Position.Y (3040 data points):
# Position.Y c_kinat
1.3479687 3.423522e-09 
-0.0098216 5.254729e-09 
-0.0093457 2.319793e-09 
1.3484231 9.060315e-10 
2.7057071 1.915439e-09 
2.7061413 2.301997e-10 
4.0630071 1.976855e-09 
5.4207665 1.049938e-09 
4.0634921 7.527831e-10 
5.4212145 1.498574e-10 
6.7785571 2.631471e-10 
6.7789833 1.322761e-10 
9.4936913 3.944112e-11 
8.1362873 3.842519e-11 
9.4940572 8.805118e-11 
8.1366943 1.780016e-10 
10.8514044 2.286003e-10 
10.8517731 1.047764e-10 
12.2091611 3.053115e-10 
13.5668716 2.07116e-10 
12.2095417 1.023382e-10 
13.5672656 3.18291e-10 
14.9242809 1.181107e-09 
14.9246363 4.498643e-11 
16.2819859 7.94445e-10 
17.6397461 2.310267e-10 
16.2823613 2.094505e-10 
17.6401459 8.903105e-10 
18.9974693 7.833071e-12 
18.9978909 1.762767e-09 
20.3548724 8.536135e-10 
21.7125944 1.717973e-10 
20.3552527 3.692021e-10 
21.7129977 9.812056e-10 
23.0703763 3.555581e-11 
24.4281183 1.744517e-10 
23.0707956 1.395774e-09 
24.428547 1.295998e-09 
25.7855191 2.098844e-10 
25.7859129 3.502245e-10 
27.143258 3.608932e-11 
28.5010481 4.213342e-11 
27.1436607 3.166751e-10 
28.501449 1.624426e-10 
29.8587892 7.721123e-11 
29.8591858 9.871248e-11 
31.2161968 4.065052e-10 
32.5739315 6.686516e-10 
31.2165711 1.994821e-10 
32.574303 4.747099e-10 
33.9317071 1.10977e-09 
33.9320717 5.508912e-10 
36.6468462 2.044149e-09 
35.2894323 1.555598e-09 
36.647197 1.5595e-09 
35.2897944 5.025864e-10 
38.0045669 2.632959e-09 
38.0049187 1.242181e-09 
39.3623296 2.582665e-09 
40.7200509 1.926897e-09 
39.3626847 6.034603e-10 
40.7204126 1.347165e-10 
42.077456 2.8711e-09 
42.0778196 1.00887e-09 
43.43518 2.025259e-09 
44.792955 1.068952e-09 
43.4355523 2.918309e-10 
44.7933345 2.694626e-11 
46.1506942 2.834575e-10 
46.1510755 9.282619e-11 
47.5080775 8.829167e-10 
48.8658255 2.890673e-10 
47.5084844 2.905377e-11 
48.8662322 2.619048e-11 
50.223627 1.520119e-10 
50.2240248 6.925659e-11 
52.9387509 7.774444e-10 
51.5813841 1.272796e-10 
52.9391856 5.209519e-11 
51.5817646 1.389712e-10 
54.2965183 7.755141e-10 
54.296932 5.85137e-11 
55.6543316 4.321908e-10 
57.0120875 1.593134e-10 
55.6547153 1.750334e-10 
57.0124404 4.730714e-10 
58.3694547 1.319422e-09 
58.3698798 5.800984e-12 
59.7272205 7.897916e-10 
61.0850248 1.982008e-10 
59.7276126 1.835247e-10 
61.085381 4.94597e-10 
62.4427689 1.353398e-11 
62.443097 6.878755e-10 
63.8001477 7.828545e-10 
65.1579033 3.847952e-10 
63.8005483 1.04923e-10 
65.1582746 2.3472e-10 
66.5156965 1.477064e-10 
66.5160396 4.8864e-10 
69.2308285 5.374774e-10 
67.8734366 7.369307e-11 
69.2312145 3.317657e-10 
67.873759 5.646803e-10 
70.5885819 4.242929e-10 
70.5889455 4.811154e-10 
71.9463747 5.553966e-10 
73.3041194 6.752057e-10 
71.9467165 7.459629e-10 
73.3044412 8.495321e-10 
74.6615259 8.346578e-10 
74.6619024 1.012936e-09 
76.0192829 1.015657e-09 
77.3770787 1.303893e-09 
76.0196369 1.193929e-09 
77.3774109 1.237384e-09 
78.7348239 1.522528e-09 
78.7351334 1.207071e-09 
80.0922518 1.258756e-09 
81.4500057 1.52507e-09 
80.0926069 1.673942e-09 
81.4503364 1.793265e-09 
82.8077976 1.744717e-09 
82.8081069 1.676981e-09 
85.5229889 1.240173e-09 
84.1655343 2.036825e-09 
85.5233109 2.193467e-09 
84.1658225 1.539892e-09 
86.880731 1.619748e-09 
86.8810318 2.345173e-09 
88.2385133 2.041309e-09 
89.5962392 2.527558e-09 
88.2387971 2.240702e-09 
89.5965077 1.942295e-09 
90.9537191 1.172614e-09 
90.9540088 2.907068e-09 
92.3114489 1.819449e-09 
93.6692219 2.602664e-09 
92.3117237 3.026052e-09 
93.6694846 2.924599e-09 
95.0269409 3.240249e-09 
95.0271928 2.39969e-09 
96.3844409 1.413519e-09 
97.7421628 2.313645e-09 
96.3847045 3.78134e-09 
97.7424161 3.7833e-09 
99.0999286 3.326771e-09 
99.1001727 3.522723e-09 
101.8151598 1.75643e-09 
100.4576429 4.014246e-09 
101.8154009 4.411695e-09 
100.4578782 2.778144e-09 
103.1728754 2.766138e-09 
103.1731084 4.269448e-09 
104.530635 3.643412e-09 
105.8883431 4.246166e-09 
104.5308602 3.701031e-09 
105.8885613 2.849968e-09 
107.2458764 1.756553e-09 
107.2460958 4.295573e-09 
1.3477229 3.513391e-09 
-0.0095744 4.397384e-09 
1.3482036 2.227163e-09 
-0.0091328 7.635846e-10 
2.7054624 2.828626e-09 
2.7059329 7.887798e-10 
4.0632599 1.508011e-09 
5.4209963 5.068736e-10 
4.0637081 2.53117e-10 
5.4214198 1.597559e-10 
6.7783673 5.161531e-10 
6.7787739 1.18054e-10 
8.1360967 1.19806e-10 
9.4938656 2.930657e-11 
8.1364922 8.2414e-11 
9.4942587 1.356496e-10 
10.8515815 1.442141e-10 
10.851974 1.257689e-10 
12.2089914 5.384675e-10 
13.5666966 6.894071e-10 
12.2093446 1.19793e-10 
13.567062 5.958254e-11 
14.9244511 4.169307e-10 
14.9248371 3.067179e-10 
17.6395714 1.268983e-09 
16.282165 7.377778e-11 
17.6399378 1.01613e-10 
16.2825718 9.958735e-10 
18.997283 4.92394e-10 
18.9976735 6.452906e-10 
20.3550538 5.082029e-11 
21.7127878 1.156297e-10 
20.355467 1.439062e-09 
21.7132183 1.924553e-09 
23.0701886 4.133654e-10 
24.427921 4.525634e-11 
23.0705795 5.374886e-10 
24.4283291 8.174699e-10 
25.7857101 4.707009e-11 
25.786125 7.60839e-10 
28.500858 2.007946e-10 
27.1434547 5.979602e-11 
28.5012454 6.037083e-11 
27.1438708 4.575415e-10 
29.8585976 1.57712e-10 
29.8589863 9.505972e-11 
31.2163823 3.131085e-10 
32.5741157 6.216933e-10 
31.2167643 1.404618e-10 
32.5744922 2.81619e-10 
33.9315276 1.029269e-09 
33.9318876 8.811407e-10 
35.2892547 1.657607e-09 
36.6470216 2.116544e-09 
35.289612 1.072146e-09 
36.6473762 8.038936e-10 
38.0047419 2.173206e-09 
38.0050991 3.979113e-10 
39.3621538 2.890779e-09 
40.7198727 2.826158e-09 
39.3625052 1.602984e-09 
40.7202302 8.343188e-10 
42.0776382 2.092322e-09 
42.0780033 2.229046e-10 
44.7927615 1.943161e-09 
43.4353666 1.054234e-09 
44.7931456 3.401382e-10 
43.4357384 3.040865e-11 
46.1504962 8.973905e-10 
46.150887 2.820731e-11 
47.5082846 3.058587e-10 
48.8660345 3.160804e-11 
47.5086767 3.596956e-11 
48.8664195 1.365661e-10 
50.2234077 4.789855e-10 
50.223833 2.186317e-11 
51.5811677 4.017265e-10 
52.9389781 3.314973e-10 
51.5815826 6.048003e-11 
52.9393726 8.313245e-11 
54.2967371 2.109725e-10 
54.2971057 2.419e-10 
55.654102 1.214314e-09 
57.011871 9.30512e-10 
55.654536 2.148485e-11 
57.0122758 9.592385e-11 
58.3696815 3.41881e-10 
58.3700509 3.543486e-10 
61.0848039 1.088235e-09 
59.7274315 6.69812e-11 
61.0852164 4.731003e-11 
59.7277698 6.665293e-10 
62.4425643 5.529836e-10 
62.4429443 2.370475e-10 
63.800362 1.243877e-10 
65.1581026 5.350805e-12 
63.8007092 5.143262e-10 
65.1584257 5.981891e-10 
66.515488 5.868646e-10 
66.5158796 1.740358e-10 
67.8732411 3.341084e-10 
69.2310328 2.833787e-10 
67.8736074 2.801174e-10 
69.2313751 5.532902e-10 
70.588775 2.926164e-10 
70.5890978 6.650231e-10 
71.9461736 6.272962e-10 
73.3039289 6.707579e-10 
71.9465554 6.288116e-10 
73.3042891 8.201348e-10 
74.6617236 9.304282e-10 
74.6620625 9.983174e-10 
77.376886 1.083582e-09 
76.0194698 1.1259e-09 
77.3772538 1.379287e-09 
76.0197871 1.039828e-09 
78.7346427 1.33358e-09 
78.7349867 1.51942e-09 
80.0924377 1.577648e-09 
81.4501794 1.812513e-09 
80.0927595 1.452811e-09 
81.4504787 1.367596e-09 
82.8076205 1.298388e-09 
82.8079597 1.924599e-09 
84.165369 1.593325e-09 
85.5231565 1.873813e-09 
84.1656849 2.057543e-09 
85.5234526 1.9383e-09 
86.8808875 2.260652e-09 
86.8811653 1.731544e-09 
88.2383553 1.174757e-09 
89.5960908 1.681912e-09 
88.2386605 2.519265e-09 
89.5963779 2.667866e-09 
90.9538682 2.283436e-09 
90.9541409 2.575774e-09 
93.6690806 1.256521e-09 
92.3115901 2.854575e-09 
93.6693566 3.340527e-09 
92.3118501 2.168902e-09 
95.026806 2.037929e-09 
95.0270698 3.408971e-09 
96.3845752 2.971831e-09 
97.7422918 3.651123e-09 
96.3848286 3.25475e-09 
97.7425356 2.612551e-09 
99.0998005 1.601675e-09 
99.1000527 4.164857e-09 
100.4575193 2.585204e-09 
101.815282 3.577361e-09 
100.4577625 4.091842e-09 
101.8155167 3.682158e-09 
103.1729935 4.236773e-09 
103.1732203 2.864811e-09 
104.5305186 1.814677e-09 
105.8882305 2.786377e-09 
104.5307488 4.459871e-09 
105.8884532 4.266287e-09 
107.2459871 3.505498e-09 
107.2462029 3.571121e-09 
-0.0098216 5.25347e-09 
-0.0093457 2.319907e-09 
2.7057071 1.915537e-09 
2.7061413 2.300921e-10 
5.4207665 1.050333e-09 
5.4212145 1.49727e-10 
8.1362873 3.844551e-11 
8.1366943 1.780911e-10 
10.8514044 2.283234e-10 
10.8517731 1.047823e-10 
13.5668716 2.070001e-10 
13.5672656 3.182759e-10 
16.2819859 7.93976e-10 
16.2823613 2.092601e-10 
18.9974693 7.799144e-12 
18.9978909 1.763019e-09 
21.7125944 1.719088e-10 
21.7129977 9.814411e-10 
24.4281183 1.746267e-10 
24.428547 1.296139e-09 
27.143258 3.61496e-11 
27.1436607 3.169856e-10 
29.8587891 7.707306e-11 
29.8591858 9.878395e-11 
32.5739315 6.686196e-10 
32.574303 4.745822e-10 
35.2894323 1.554906e-09 
35.2897944 5.027685e-10 
38.0045669 2.63265e-09 
38.0049187 1.242204e-09 
40.7200509 1.926812e-09 
40.7204126 1.347694e-10 
43.43518 2.025184e-09 
43.4355523 2.919863e-10 
46.1506942 2.837068e-10 
46.1510755 9.277564e-11 
48.8658255 2.892757e-10 
48.8662322 2.612548e-11 
51.5813841 1.272181e-10 
51.5817646 1.389296e-10 
54.2965183 7.755517e-10 
54.296932 5.847627e-11 
57.0120875 1.594081e-10 
57.0124404 4.732298e-10 
59.7272205 7.896664e-10 
59.7276126 1.834832e-10 
62.4427689 1.360522e-11 
62.443097 6.881381e-10 
65.1579033 3.847899e-10 
65.1582746 2.345839e-10 
67.8734366 7.35514e-11 
67.873759 5.64653e-10 
70.5885819 4.245456e-10 
70.5889455 4.805935e-10 
73.3041194 6.746631e-10 
73.3044412 8.494878e-10 
76.0192829 1.015756e-09 
76.0196369 1.193684e-09 
78.7348239 1.52198e-09 
78.7351334 1.207179e-09 
81.4500057 1.524555e-09 
81.4503364 1.793567e-09 
84.1655343 2.036545e-09 
84.1658225 1.54016e-09 
86.880731 1.619309e-09 
86.8810318 2.345537e-09 
89.5962392 2.527314e-09 
89.5965077 1.942526e-09 
92.3114489 1.819431e-09 
92.3117237 3.02607e-09 
95.0269409 3.240386e-09 
95.0271928 2.399506e-09 
97.7421627 2.313732e-09 
97.7424161 3.782913e-09 
100.4576429 4.014564e-09 
100.4578782 2.777961e-09 
103.1728754 2.765728e-09 
103.1731084 4.269792e-09 
105.8883431 4.246068e-09 
105.8885613 2.849965e-09 
1.3479687 3.423574e-09 
-0.0095744 4.397137e-09 
1.3484231 9.059947e-10 
-0.0091328 7.635572e-10 
2.7054624 2.828948e-09 
2.7059329 7.886981e-10 
4.0630071 1.977327e-09 
5.4209963 5.068074e-10 
4.0634921 7.526264e-10 
5.4214198 1.596747e-10 
6.7785571 2.632592e-10 
6.7789833 1.322913e-10 
9.4936913 3.937772e-11 
8.1360967 1.199894e-10 
8.1364922 8.238706e-11 
9.4940572 8.802415e-11 
10.8515815 1.443217e-10 
10.851974 1.258206e-10 
12.2091611 3.052422e-10 
13.5666966 6.892394e-10 
13.567062 5.951541e-11 
12.2095417 1.023466e-10 
14.9242809 1.181018e-09 
14.9246363 4.488578e-11 
17.6397461 2.31044e-10 
16.282165 7.380623e-11 
17.6401459 8.905986e-10 
16.2825718 9.964257e-10 
18.997283 4.923881e-10 
18.9976735 6.452718e-10 
20.3548724 8.540576e-10 
21.7127878 1.15601e-10 
20.3552527 3.691858e-10 
21.7132183 1.924759e-09 
24.427921 4.520881e-11 
23.0703763 3.545838e-11 
24.4283291 8.176499e-10 
23.0707956 1.396064e-09 
25.7855191 2.10226e-10 
25.7859129 3.505122e-10 
28.5010481 4.200865e-11 
27.1434547 5.992272e-11 
28.501449 1.624935e-10 
27.1438708 4.574079e-10 
29.8585976 1.576343e-10 
29.8589863 9.509625e-11 
31.2161968 4.068757e-10 
32.5741157 6.212481e-10 
31.2165711 1.993255e-10 
32.5744922 2.818303e-10 
33.9317071 1.109011e-09 
33.9320717 5.513062e-10 
36.6468462 2.044135e-09 
35.2892547 1.657211e-09 
35.289612 1.07226e-09 
36.647197 1.559247e-09 
38.0047419 2.172785e-09 
38.0050991 3.981267e-10 
40.7198727 2.825889e-09 
39.3623296 2.582156e-09 
40.7202303 8.34533e-10 
39.3626847 6.037641e-10 
42.077456 2.870715e-09 
42.0778196 1.009086e-09 
44.792955 1.069201e-09 
43.4353666 1.054573e-09 
44.7933345 2.694384e-11 
43.4357384 3.040855e-11 
46.1504962 8.976811e-10 
46.150887 2.826124e-11 
47.5080775 8.830804e-10 
48.8660345 3.169341e-11 
47.5084844 2.91371e-11 
48.8664195 1.367173e-10 
50.223627 1.521937e-10 
50.2240248 6.927678e-11 
52.9387509 7.778013e-10 
51.5811677 4.019581e-10 
52.9391856 5.20025e-11 
51.5815826 6.049366e-11 
54.2967371 2.108717e-10 
54.2971057 2.420596e-10 
57.011871 9.304429e-10 
55.6543316 4.321796e-10 
57.0122758 9.593264e-11 
55.6547153 1.75068e-10 
58.3694547 1.319353e-09 
58.3698798 5.783424e-12 
61.0850248 1.983558e-10 
59.7274315 6.710857e-11 
61.085381 4.948133e-10 
59.7277698 6.669849e-10 
62.4425643 5.530772e-10 
62.4429443 2.371374e-10 
63.8001477 7.827665e-10 
65.1581026 5.327649e-12 
63.8005483 1.048362e-10 
65.1584257 5.984943e-10 
66.5156965 1.477557e-10 
66.5160396 4.886825e-10 
69.2308285 5.378997e-10 
67.8732411 3.343068e-10 
69.2312145 3.312906e-10 
67.8736074 2.800022e-10 
70.588775 2.921944e-10 
70.5890978 6.650874e-10 
73.3039289 6.707481e-10 
71.9463747 5.551334e-10 
73.3042891 8.199068e-10 
71.9467165 7.458245e-10 
74.6615259 8.351972e-10 
74.6619024 1.012538e-09 
77.3770787 1.303435e-09 
76.0194698 1.125665e-09 
77.3774109 1.23752e-09 
76.0197871 1.039697e-09 
78.7346427 1.33333e-09 
78.7349867 1.519583e-09 
80.0922518 1.258643e-09 
81.4501794 1.812646e-09 
80.0926069 1.673995e-09 
81.4504787 1.367417e-09 
82.8077976 1.744159e-09 
82.8081069 1.677518e-09 
85.5229889 1.239954e-09 
84.165369 1.592901e-09 
85.5233109 2.193885e-09 
84.1656849 2.058283e-09 
86.8808875 2.260743e-09 
86.8811653 1.731623e-09 
89.5960908 1.681598e-09 
88.2385133 2.040965e-09 
89.5963779 2.668311e-09 
88.2387971 2.240999e-09 
90.9537191 1.1725e-09 
90.9540088 2.907178e-09 
93.6692219 2.603121e-09 
92.3115901 2.854541e-09 
93.6694846 2.924301e-09 
92.3118501 2.169172e-09 
95.026806 2.038322e-09 
95.0270698 3.408559e-09 
96.3844409 1.413572e-09 
97.7422918 3.651299e-09 
96.3847045 3.781084e-09 
97.7425356 2.612606e-09 
99.0999286 3.327429e-09 
99.1001727 3.522353e-09 
101.8151598 1.756486e-09 
100.4575193 2.585732e-09 
101.8154009 4.411938e-09 
100.4577625 4.091553e-09 
103.1729935 4.237152e-09 
103.1732203 2.864652e-09 
105.8882305 2.786285e-09 
104.530635 3.643241e-09 
105.8884532 4.267066e-09 
104.5308602 3.701328e-09 
107.2458764 1.756461e-09 
107.2460958 4.296407e-09 
1.3477229 3.513935e-09 
1.3482036 2.227232e-09 
4.0632599 1.508059e-09 
4.0637081 2.530933e-10 
6.7783673 5.162139e-10 
6.7787739 1.179831e-10 
9.4938656 2.931064e-11 
9.4942587 1.356841e-10 
12.2089914 5.383311e-10 
12.2093446 1.199376e-10 
14.9244511 4.172094e-10 
14.924837 3.069727e-10 
17.6395714 1.269121e-09 
17.6399378 1.015556e-10 
20.3550538 5.074143e-11 
20.355467 1.439346e-09 
23.0701886 4.135017e-10 
23.0705795 5.375829e-10 
25.7857101 4.693177e-11 
25.786125 7.606845e-10 
28.500858 2.008011e-10 
28.5012454 6.048543e-11 
31.2163823 3.127315e-10 
31.2167643 1.406505e-10 
33.9315276 1.029166e-09 
33.9318876 8.811121e-10 
36.6470216 2.115962e-09 
36.6473762 8.044038e-10 
39.3621538 2.890573e-09 
39.3625052 1.60311e-09 
42.0776382 2.092353e-09 
42.0780033 2.229337e-10 
44.7927615 1.943182e-09 
44.7931456 3.403533e-10 
47.5082846 3.062672e-10 
47.5086767 3.605838e-11 
50.2234077 4.794365e-10 
50.223833 2.180022e-11 
52.9389782 3.315075e-10 
52.9393726 8.325651e-11 
55.654102 1.214681e-09 
55.654536 2.145447e-11 
58.3696815 3.420244e-10 
58.3700509 3.54547e-10 
61.0848038 1.088284e-09 
61.0852164 4.730032e-11 
63.800362 1.245428e-10 
63.8007092 5.14582e-10 
66.515488 5.871888e-10 
66.5158796 1.739407e-10 
69.2310328 2.831536e-10 
69.2313751 5.534357e-10 
71.9461736 6.278073e-10 
71.9465554 6.286228e-10 
74.6617236 9.299697e-10 
74.6620625 9.98277e-10 
77.376886 1.083552e-09 
77.3772538 1.379645e-09 
80.0924377 1.577555e-09 
80.0927595 1.452884e-09 
82.8076205 1.297926e-09 
82.8079597 1.925472e-09 
85.5231565 1.873641e-09 
85.5234526 1.938631e-09 
88.2383553 1.174531e-09 
88.2386605 2.519864e-09 
90.9538682 2.283456e-09 
90.9541409 2.57594e-09 
93.6690806 1.256751e-09 
93.6693566 3.340141e-09 
96.3845752 2.972526e-09 
96.3848286 3.254562e-09 
99.0998005 1.602184e-09 
99.1000527 4.164456e-09 
101.815282 3.578056e-09 
101.8155167 3.681999e-09 
104.5305186 1.815035e-09 
104.5307488 4.460532e-09 
107.2459871 3.50591e-09 
107.2462029 3.571168e-09 
1.3479687 3.423427e-09 
-0.0098216 5.253525e-09 
-0.0093457 2.32031e-09 
1.3484231 9.060625e-10 
2.7057072 1.915376e-09 
2.7061413 2.300445e-10 
4.0630071 1.977253e-09 
5.4207665 1.050361e-09 
4.0634921 7.525621e-10 
5.4212145 1.497225e-10 
6.7785571 2.632458e-10 
6.7789833 1.322899e-10 
9.4936913 3.942532e-11 
8.1362873 3.842709e-11 
9.4940572 8.809631e-11 
8.1366943 1.780103e-10 
10.8514044 2.284376e-10 
10.8517731 1.048427e-10 
12.2091611 3.05639e-10 
13.5668716 2.074382e-10 
12.2095417 1.024344e-10 
13.5672656 3.187085e-10 
14.9242809 1.181206e-09 
14.9246363 4.497808e-11 
16.2819859 7.942144e-10 
17.6397461 2.311294e-10 
16.2823613 2.093107e-10 
17.6401459 8.909838e-10 
18.9974693 7.739111e-12 
18.9978909 1.76359e-09 
20.3548724 8.539404e-10 
21.7125944 1.718807e-10 
20.3552527 3.691735e-10 
21.7129977 9.813847e-10 
23.0703763 3.527249e-11 
24.4281183 1.746668e-10 
23.0707956 1.39581e-09 
24.428547 1.295855e-09 
25.785519 2.098777e-10 
25.7859129 3.504555e-10 
27.143258 3.59784e-11 
28.5010481 4.185373e-11 
27.1436607 3.168598e-10 
28.501449 1.622885e-10 
29.8587892 7.705814e-11 
29.8591858 9.868513e-11 
31.2161968 4.065352e-10 
32.5739315 6.683131e-10 
31.2165711 1.995215e-10 
32.574303 4.747639e-10 
33.9317071 1.108811e-09 
33.9320717 5.517106e-10 
36.6468462 2.043787e-09 
35.2894323 1.554601e-09 
36.647197 1.559502e-09 
35.2897944 5.030949e-10 
38.0045669 2.632272e-09 
38.0049188 1.242501e-09 
39.3623296 2.582103e-09 
40.7200509 1.926907e-09 
39.3626847 6.03901e-10 
40.7204126 1.347848e-10 
42.077456 2.870873e-09 
42.0778196 1.009274e-09 
43.43518 2.025331e-09 
44.792955 1.069577e-09 
43.4355523 2.920731e-10 
44.7933345 2.692229e-11 
46.1506942 2.840333e-10 
46.1510755 9.296525e-11 
47.5080775 8.833797e-10 
48.8658255 2.895825e-10 
47.5084844 2.914149e-11 
48.8662322 2.61838e-11 
50.2236271 1.522812e-10 
50.2240248 6.950268e-11 
52.9387509 7.782555e-10 
51.5813841 1.270684e-10 
52.9391856 5.198419e-11 
51.5817646 1.391676e-10 
54.2965183 7.756382e-10 
54.296932 5.854237e-11 
55.6543316 4.322454e-10 
57.0120875 1.594154e-10 
55.6547153 1.75217e-10 
57.0124404 4.735852e-10 
58.3694547 1.319678e-09 
58.3698798 5.781559e-12 
59.7272205 7.897685e-10 
61.0850248 1.985207e-10 
59.7276127 1.835907e-10 
61.085381 4.950238e-10 
62.4427689 1.365395e-11 
62.443097 6.885911e-10 
63.8001477 7.830822e-10 
65.1579033 3.850427e-10 
63.8005483 1.048815e-10 
65.1582746 2.347401e-10 
66.5156965 1.477132e-10 
66.5160396 4.88979e-10 
69.2308285 5.381918e-10 
67.8734366 7.338533e-11 
69.2312145 3.314263e-10 
67.873759 5.649913e-10 
70.5885819 4.245471e-10 
70.5889455 4.807402e-10 
71.9463747 5.547444e-10 
73.3041194 6.744172e-10 
71.9467165 7.460687e-10 
73.3044412 8.494726e-10 
74.6615259 8.352771e-10 
74.6619024 1.012938e-09 
76.0192829 1.0155e-09 
77.3770787 1.303342e-09 
76.0196369 1.193828e-09 
77.3774109 1.237338e-09 
78.7348239 1.522483e-09 
78.7351334 1.206724e-09 
80.0922518 1.258224e-09 
81.4500057 1.524372e-09 
80.0926069 1.675124e-09 
81.4503364 1.794092e-09 
82.8077976 1.744573e-09 
82.8081069 1.677295e-09 
85.5229889 1.239415e-09 
84.1655343 2.037206e-09 
85.5233109 2.194862e-09 
84.1658225 1.539766e-09 
86.880731 1.619042e-09 
86.8810318 2.346266e-09 
88.2385133 2.041131e-09 
89.5962392 2.527495e-09 
88.2387971 2.241239e-09 
89.5965077 1.942709e-09 
90.9537191 1.17265e-09 
90.9540088 2.907158e-09 
92.3114489 1.819554e-09 
93.6692219 2.603205e-09 
92.3117237 3.026096e-09 
93.6694846 2.924569e-09 
95.0269409 3.240292e-09 
95.0271928 2.39995e-09 
96.3844409 1.414228e-09 
97.7421627 2.314542e-09 
96.3847045 3.780461e-09 
97.7424161 3.782436e-09 
99.0999285 3.328022e-09 
99.1001727 3.522296e-09 
101.8151598 1.757186e-09 
100.4576429 4.014751e-09 
101.8154009 4.411902e-09 
100.4578783 2.778014e-09 
103.1728754 2.766523e-09 
103.1731084 4.269862e-09 
104.530635 3.644274e-09 
105.8883431 4.246904e-09 
104.5308602 3.701002e-09 
105.8885614 2.849639e-09 
107.2458764 1.756969e-09 
107.2460958 4.296947e-09 
-0.0095744 4.397623e-09 
-0.0091328 7.635359e-10 
2.7054624 2.828626e-09 
2.7059329 7.887792e-10 
5.4209963 5.066924e-10 
5.4214198 1.595968e-10 
8.1360967 1.200608e-10 
8.1364922 8.241181e-11 
10.8515815 1.446464e-10 
10.851974 1.258344e-10 
13.5666966 6.899435e-10 
13.567062 5.959064e-11 
16.282165 7.401854e-11 
16.2825718 9.970849e-10 
18.997283 4.924913e-10 
18.9976735 6.45345e-10 
21.7127878 1.154671e-10 
21.7132183 1.924693e-09 
24.427921 4.501403e-11 
24.4283291 8.172523e-10 
27.1434547 5.994821e-11 
27.1438708 4.570357e-10 
29.8585976 1.573755e-10 
29.8589863 9.502108e-11 
32.5741157 6.214246e-10 
32.5744922 2.81986e-10 
35.2892547 1.656975e-09 
35.289612 1.07261e-09 
38.0047419 2.172777e-09 
38.0050991 3.982315e-10 
40.7198727 2.825934e-09 
40.7202303 8.346791e-10 
43.4353666 1.05484e-09 
43.4357384 3.045317e-11 
46.1504962 8.979028e-10 
46.150887 2.827106e-11 
48.8660345 3.167593e-11 
48.8664195 1.370156e-10 
51.5811677 4.020392e-10 
51.5815826 6.060743e-11 
54.2967371 2.107878e-10 
54.2971057 2.422804e-10 
57.011871 9.305935e-10 
57.0122758 9.60263e-11 
59.7274315 6.707842e-11 
59.7277698 6.672705e-10 
62.4425643 5.533076e-10 
62.4429443 2.372805e-10 
65.1581026 5.326715e-12 
65.1584257 5.988496e-10 
67.8732411 3.343899e-10 
67.8736075 2.803516e-10 
70.588775 2.921066e-10 
70.5890978 6.653759e-10 
73.3039289 6.705428e-10 
73.3042891 8.203531e-10 
76.0194698 1.125969e-09 
76.0197871 1.039391e-09 
78.7346427 1.333162e-09 
78.7349867 1.519939e-09 
81.4501794 1.813753e-09 
81.4504787 1.366727e-09 
84.165369 1.592863e-09 
84.1656849 2.058652e-09 
86.8808875 2.261411e-09 
86.8811653 1.731386e-09 
89.5960908 1.681758e-09 
89.5963779 2.668605e-09 
92.3115902 2.85444e-09 
92.3118501 2.16955e-09 
95.026806 2.038727e-09 
95.0270698 3.408456e-09 
97.7422919 3.651134e-09 
97.7425356 2.61301e-09 
100.4575193 2.586612e-09 
100.4577625 4.091335e-09 
103.1729935 4.237635e-09 
103.1732203 2.864513e-09 
105.8882305 2.787349e-09 
105.8884532 4.266899e-09 
1.3477229 3.51396e-09 
-0.0098216 5.254838e-09 
1.3482036 2.227197e-09 
-0.0093457 2.320447e-09 
2.7057072 1.91517e-09 
2.7061413 2.301249e-10 
4.0632599 1.507724e-09 
5.4207665 1.049993e-09 
5.4212145 1.498524e-10 
4.0637081 2.532019e-10 
6.7783673 5.162462e-10 
6.7787739 1.180221e-10 
9.4938656 2.936601e-11 
8.1362873 3.839456e-11 
9.4942586 1.356331e-10 
8.1366943 1.778724e-10 
10.8514044 2.287893e-10 
10.8517731 1.048717e-10 
12.2089914 5.385204e-10 
13.5668716 2.078281e-10 
12.2093446 1.201512e-10 
13.5672656 3.189892e-10 
14.9244511 4.176479e-10 
14.924837 3.072455e-10 
17.6395714 1.269049e-09 
16.2819859 7.948457e-10 
16.2823613 2.095326e-10 
17.6399378 1.016545e-10 
18.9974693 7.735216e-12 
18.997891 1.763701e-09 
20.3550538 5.065004e-11 
21.7125944 1.717513e-10 
21.7129977 9.811106e-10 
20.355467 1.439211e-09 
23.0701886 4.130126e-10 
24.4281183 1.745102e-10 
23.0705795 5.374052e-10 
24.428547 1.29554e-09 
25.7857101 4.67993e-11 
25.786125 7.602799e-10 
28.500858 2.002136e-10 
27.143258 3.581614e-11 
27.1436607 3.164726e-10 
28.5012454 6.043865e-11 
29.8587892 7.718504e-11 
29.8591858 9.855385e-11 
32.5739315 6.681593e-10 
31.2163823 3.127836e-10 
32.574303 4.750144e-10 
31.2167643 1.406464e-10 
33.9315276 1.028691e-09 
33.9318876 8.816766e-10 
36.6470216 2.116249e-09 
35.2894324 1.555129e-09 
36.6473762 8.044813e-10 
35.2897944 5.031103e-10 
38.0045669 2.632306e-09 
38.0049188 1.242642e-09 
39.3621538 2.890525e-09 
40.7200509 1.927071e-09 
39.3625052 1.603317e-09 
40.7204126 1.347441e-10 
42.0776382 2.092678e-09 
42.0780033 2.228024e-10 
44.7927615 1.943556e-09 
43.43518 2.025575e-09 
44.7931456 3.402814e-10 
43.4355523 2.919737e-10 
46.1506942 2.839687e-10 
46.1510755 9.313097e-11 
48.8658255 2.895636e-10 
47.5082846 3.063699e-10 
48.8662322 2.628638e-11 
47.5086767 3.62219e-11 
50.2234077 4.796593e-10 
50.223833 2.182454e-11 
52.9389782 3.314705e-10 
51.5813841 1.27031e-10 
52.9393726 8.342499e-11 
51.5817646 1.393464e-10 
54.2965183 7.756689e-10 
54.296932 5.861891e-11 
55.654102 1.215023e-09 
57.0120875 1.593233e-10 
55.654536 2.14617e-11 
57.0124404 4.736326e-10 
58.3696815 3.420958e-10 
58.3700509 3.546311e-10 
61.0848038 1.088661e-09 
59.7272205 7.899582e-10 
61.0852164 4.733391e-11 
59.7276127 1.836735e-10 
62.4427689 1.360503e-11 
62.443097 6.886412e-10 
65.1579033 3.851722e-10 
63.800362 1.245908e-10 
65.1582746 2.349625e-10 
63.8007092 5.147372e-10 
66.515488 5.874061e-10 
66.5158796 1.74193e-10 
69.2310328 2.829534e-10 
67.8734366 7.345812e-11 
69.2313751 5.53799e-10 
67.873759 5.652428e-10 
70.5885819 4.243736e-10 
70.5889455 4.81312e-10 
71.9461736 6.276751e-10 
73.3041194 6.746686e-10 
71.9465554 6.291486e-10 
73.3044412 8.495564e-10 
74.6617236 9.298375e-10 
74.6620625 9.983763e-10 
77.376886 1.083281e-09 
76.0192829 1.015344e-09 
77.3772537 1.380547e-09 
76.0196369 1.194305e-09 
78.7348239 1.523287e-09 
78.7351334 1.20623e-09 
81.4500057 1.524447e-09 
80.0924377 1.578112e-09 
81.4503364 1.794113e-09 
80.0927595 1.45234e-09 
82.8076205 1.297407e-09 
82.8079597 1.92652e-09 
85.5231565 1.874329e-09 
84.1655343 2.038177e-09 
85.5234526 1.93832e-09 
84.1658225 1.539271e-09 
86.880731 1.6194e-09 
86.8810318 2.346184e-09 
88.2383553 1.174434e-09 
89.5962392 2.527693e-09 
88.2386605 2.520157e-09 
89.5965077 1.942679e-09 
90.9538682 2.283486e-09 
90.9541409 2.576289e-09 
93.6690806 1.257222e-09 
92.3114489 1.819819e-09 
93.6693566 3.339761e-09 
92.3117237 3.026234e-09 
95.0269409 3.240004e-09 
95.0271928 2.400323e-09 
97.7421627 2.314795e-09 
96.3845752 2.972375e-09 
97.7424162 3.782528e-09 
96.3848286 3.254945e-09 
99.0998005 1.602853e-09 
99.1000527 4.164127e-09 
101.815282 3.578714e-09 
100.4576429 4.014739e-09 
101.8155167 3.681807e-09 
100.4578783 2.778218e-09 
103.1728754 2.767377e-09 
103.1731084 4.269503e-09 
104.5305186 1.815671e-09 
105.8883431 4.247419e-09 
104.5307488 4.460492e-09 
105.8885614 2.849472e-09 
107.2459871 3.507191e-09 
107.2462029 3.570618e-09 
1.3479687 3.423286e-09 
1.3484231 9.061423e-10 
4.0630071 1.976717e-09 
4.0634921 7.526708e-10 
6.7785571 2.631281e-10 
6.7789833 1.32276e-10 
9.4936913 3.951676e-11 
9.4940572 8.816573e-11 
12.2091611 3.059632e-10 
12.2095417 1.024806e-10 
14.9242809 1.181406e-09 
14.9246363 4.513608e-11 
17.6397461 2.311622e-10 
17.6401459 8.909256e-10 
20.3548724 8.534448e-10 
20.3552527 3.691821e-10 
23.0703763 3.525054e-11 
23.0707956 1.395367e-09 
25.785519 2.093179e-10 
25.7859129 3.501282e-10 
28.5010481 4.189094e-11 
28.501449 1.621106e-10 
31.2161968 4.059529e-10 
31.2165711 1.997925e-10 
33.9317071 1.109404e-09 
33.9320717 5.51542e-10 
36.6468462 2.043632e-09 
36.647197 1.55996e-09 
39.3623296 2.582617e-09 
39.3626847 6.03678e-10 
42.0774561 2.871221e-09 
42.0778196 1.009122e-09 
44.792955 1.069568e-09 
44.7933345 2.69138e-11 
47.5080775 8.835142e-10 
47.5084844 2.906866e-11 
50.2236271 1.521535e-10 
50.2240248 6.963632e-11 
52.938751 7.782211e-10 
52.9391856 5.206423e-11 
55.6543316 4.322175e-10 
55.6547153 1.752826e-10 
58.3694547 1.319952e-09 
58.3698798 5.792544e-12 
61.0850248 1.984896e-10 
61.085381 4.949538e-10 
63.8001477 7.832875e-10 
63.8005483 1.050175e-10 
66.5156965 1.47684e-10 
66.5160396 4.891171e-10 
69.2308285 5.380359e-10 
69.2312145 3.319676e-10 
71.9463747 5.546058e-10 
71.9467165 7.463333e-10 
74.6615259 8.347587e-10 
74.6619024 1.013701e-09 
77.3770787 1.303895e-09 
77.3774109 1.237054e-09 
80.0922518 1.257903e-09 
80.0926069 1.675611e-09 
82.8077976 1.745408e-09 
82.8081069 1.676703e-09 
85.5229889 1.23946e-09 
85.5233109 2.195128e-09 
88.2385133 2.041443e-09 
88.2387971 2.241025e-09 
90.9537191 1.17282e-09 
90.9540088 2.907076e-09 
93.6692219 2.602897e-09 
93.6694846 2.925035e-09 
96.3844409 1.414516e-09 
96.3847045 3.780247e-09 
99.0999285 3.327764e-09 
99.1001727 3.522637e-09 
101.8151598 1.757569e-09 
101.8154009 4.411711e-09 
104.530635 3.644975e-09 
104.5308602 3.700511e-09 
107.2458764 1.757474e-09 
107.2460958 4.296406e-09 
1.3477229 3.513432e-09 
-0.0095744 4.398168e-09 
1.3482036 2.227113e-09 
-0.0091328 7.635502e-10 
2.7054624 2.828106e-09 
2.7059329 7.889074e-10 
4.0632599 1.507472e-09 
5.4209963 5.066806e-10 
4.0637081 2.532884e-10 
5.4214198 1.596277e-10 
6.7783673 5.162055e-10 
6.7787739 1.181195e-10 
8.1360967 1.199266e-10 
9.4938656 2.939382e-11 
8.1364922 8.245666e-11 
9.4942587 1.35569e-10 
10.8515815 1.447385e-10 
10.851974 1.257916e-10 
12.2089914 5.387712e-10 
13.5666966 6.905541e-10 
12.2093446 1.201352e-10 
13.567062 5.970307e-11 
14.9244511 4.1764e-10 
14.9248371 3.0716e-10 
17.6395714 1.268852e-09 
16.282165 7.412052e-11 
17.6399378 1.017736e-10 
16.2825718 9.969317e-10 
18.997283 4.925671e-10 
18.9976735 6.454063e-10 
20.3550538 5.067034e-11 
21.7127878 1.154129e-10 
20.355467 1.438839e-09 
21.7132183 1.924458e-09 
23.0701885 4.1257e-10 
24.427921 4.493555e-11 
23.0705795 5.372005e-10 
24.4283291 8.168284e-10 
25.7857101 4.685587e-11 
25.786125 7.601876e-10 
28.500858 1.998454e-10 
27.1434547 5.983095e-11 
28.5012454 6.029097e-11 
27.1438708 4.56937e-10 
29.8585976 1.573072e-10 
29.8589863 9.493831e-11 
31.2163823 3.132048e-10 
32.5741157 6.219554e-10 
31.2167643 1.404616e-10 
32.5744922 2.818741e-10 
33.9315276 1.028488e-09 
33.9318876 8.820339e-10 
35.2892547 1.657209e-09 
36.6470216 2.116982e-09 
35.289612 1.072715e-09 
36.6473762 8.040089e-10 
38.004742 2.173278e-09 
38.0050991 3.980851e-10 
39.3621538 2.890719e-09 
40.7198727 2.82615e-09 
39.3625052 1.603351e-09 
40.7202303 8.345261e-10 
42.0776382 2.092819e-09 
42.0780033 2.226978e-10 
44.7927615 1.943767e-09 
43.4353666 1.054615e-09 
44.7931456 3.400134e-10 
43.4357384 3.048203e-11 
46.1504962 8.978512e-10 
46.150887 2.823336e-11 
47.5082846 3.060296e-10 
48.8660345 3.157878e-11 
47.5086767 3.622885e-11 
48.8664195 1.370556e-10 
50.2234077 4.793323e-10 
50.223833 2.189563e-11 
51.5811677 4.01886e-10 
52.9389782 3.314194e-10 
51.5815826 6.067959e-11 
52.9393726 8.341538e-11 
54.2967371 2.107991e-10 
54.2971057 2.4228e-10 
55.654102 1.214892e-09 
57.011871 9.306416e-10 
55.654536 2.15056e-11 
57.0122758 9.606656e-11 
58.3696815 3.419811e-10 
58.3700509 3.545522e-10 
61.0848039 1.088737e-09 
59.7274315 6.695077e-11 
61.0852164 4.737224e-11 
59.7277698 6.669793e-10 
62.4425643 5.533791e-10 
62.4429443 2.373261e-10 
63.800362 1.24527e-10 
65.1581026 5.344991e-12 
63.8007092 5.145269e-10 
65.1584257 5.987234e-10 
66.515488 5.87316e-10 
66.5158796 1.744379e-10 
67.8732411 3.343281e-10 
69.2310328 2.829311e-10 
67.8736075 2.806943e-10 
69.2313751 5.539091e-10 
70.588775 2.924086e-10 
70.5890978 6.654765e-10 
71.9461736 6.271603e-10 
73.3039289 6.702483e-10 
71.9465554 6.298258e-10 
73.3042891 8.208632e-10 
74.6617236 9.302044e-10 
74.6620625 9.983141e-10 
77.376886 1.082739e-09 
76.0194698 1.126581e-09 
77.3772537 1.38066e-09 
76.0197871 1.039355e-09 
78.7346427 1.333328e-09 
78.7349867 1.519891e-09 
80.0924377 1.578929e-09 
81.4501794 1.814206e-09 
80.0927595 1.452052e-09 
81.4504787 1.36651e-09 
82.8076205 1.297803e-09 
82.8079597 1.926068e-09 
84.165369 1.593403e-09 
85.5231565 1.87462e-09 
84.1656849 2.058214e-09 
85.5234526 1.937864e-09 
86.8808875 2.261703e-09 
86.8811653 1.731107e-09 
88.2383553 1.174726e-09 
89.5960908 1.682046e-09 
88.2386605 2.520044e-09 
89.5963779 2.668366e-09 
90.9538682 2.283414e-09 
90.9541409 2.576156e-09 
93.6690806 1.257105e-09 
92.3115902 2.854442e-09 
93.6693566 3.339835e-09 
92.3118501 2.169512e-09 
95.026806 2.038641e-09 
95.0270698 3.408764e-09 
96.3845752 2.971851e-09 
97.7422919 3.650849e-09 
96.3848286 3.255489e-09 
97.7425356 2.613279e-09 
99.0998005 1.602742e-09 
99.1000527 4.164116e-09 
100.4575193 2.586631e-09 
101.815282 3.578396e-09 
100.4577625 4.091422e-09 
101.8155167 3.681848e-09 
103.1729935 4.237643e-09 
103.1732203 2.864546e-09 
104.5305186 1.815734e-09 
105.8882305 2.787995e-09 
104.5307488 4.460019e-09 
105.8884532 4.266102e-09 
107.2459871 3.507354e-09 
107.2462029 3.570177e-09 
-0.0098216 5.255571e-09 
-0.0093457 2.320127e-09 
2.7057071 1.915213e-09 
2.7061413 2.302202e-10 
5.4207665 1.049738e-09 
5.4212145 1.499358e-10 
8.1362873 3.839362e-11 
8.1366943 1.778645e-10 
10.8514044 2.288859e-10 
10.8517731 1.048332e-10 
13.5668716 2.076254e-10 
13.5672656 3.187312e-10 
16.2819859 7.949931e-10 
16.2823613 2.096181e-10 
18.9974693 7.794828e-12 
18.997891 1.763187e-09 
21.7125944 1.716957e-10 
21.7129977 9.809974e-10 
24.4281183 1.743753e-10 
24.428547 1.295632e-09 
27.143258 3.58829e-11 
27.1436607 3.163624e-10 
29.8587892 7.72753e-11 
29.8591858 9.857278e-11 
32.5739315 6.683902e-10 
32.574303 4.749796e-10 
35.2894324 1.55574e-09 
35.2897944 5.027936e-10 
38.0045669 2.632667e-09 
38.0049187 1.242434e-09 
40.7200509 1.927094e-09 
40.7204126 1.347082e-10 
43.43518 2.025558e-09 
43.4355523 2.918287e-10 
46.1506942 2.835831e-10 
46.1510755 9.304897e-11 
48.8658255 2.892536e-10 
48.8662322 2.628785e-11 
51.5813841 1.271498e-10 
51.5817646 1.392258e-10 
54.2965183 7.755893e-10 
54.296932 5.860759e-11 
57.0120875 1.59268e-10 
57.0124404 4.733507e-10 
59.7272205 7.899067e-10 
59.7276126 1.836597e-10 
62.4427689 1.353312e-11 
62.443097 6.881403e-10 
65.1579033 3.850896e-10 
65.1582746 2.349575e-10 
67.8734366 7.36042e-11 
67.873759 5.650479e-10 
70.5885819 4.241798e-10 
70.5889455 4.815944e-10 
73.3041194 6.752522e-10 
73.3044412 8.495612e-10 
76.0192829 1.01528e-09 
76.0196369 1.19425e-09 
78.7348239 1.523392e-09 
78.7351334 1.206517e-09 
81.4500057 1.525131e-09 
81.4503364 1.793601e-09 
84.1655343 2.03775e-09 
84.1658225 1.539332e-09 
86.880731 1.619774e-09 
86.8810318 2.345614e-09 
89.5962392 2.527821e-09 
89.5965077 1.942361e-09 
92.3114489 1.819656e-09 
92.3117237 3.026146e-09 
95.0269409 3.240002e-09 
95.0271928 2.400228e-09 
97.7421628 2.314354e-09 
97.7424161 3.78302e-09 
100.4576429 4.014392e-09 
100.4578783 2.778324e-09 
103.1728754 2.767095e-09 
103.1731084 4.269263e-09 
105.8883431 4.247003e-09 
105.8885613 2.84961e-09 
1.3479687 3.423342e-09 
-0.0095744 4.398033e-09 
1.3484231 9.061205e-10 
-0.0091328 7.635764e-10 
2.7054624 2.828101e-09 
2.7059329 7.88909e-10 
4.0630071 1.97648e-09 
5.4209963 5.067989e-10 
4.0634921 7.528131e-10 
5.4214198 1.597254e-10 
6.7785571 2.630701e-10 
6.7789833 1.322654e-10 
9.4936913 3.952482e-11 
8.1360967 1.197703e-10 
8.1364922 8.245795e-11 
9.4940572 8.813997e-11 
10.8515815 1.444695e-10 
10.851974 1.257495e-10 
12.2091611 3.057541e-10 
13.5666966 6.902141e-10 
13.567062 5.969951e-11 
12.2095417 1.024228e-10 
14.9242809 1.181343e-09 
14.9246363 4.513846e-11 
17.6397461 2.311009e-10 
16.282165 7.397078e-11 
17.640146 8.905118e-10 
16.2825718 9.96184e-10 
18.997283 4.925034e-10 
18.9976735 6.453753e-10 
20.3548724 8.532269e-10 
21.7127878 1.155156e-10 
20.3552527 3.692023e-10 
21.7132183 1.924364e-09 
24.427921 4.508525e-11 
23.0703763 3.542627e-11 
24.4283291 8.169601e-10 
23.0707956 1.395341e-09 
25.7855191 2.093237e-10 
25.7859129 3.499844e-10 
28.5010481 4.206002e-11 
27.1434547 5.973767e-11 
28.501449 1.622092e-10 
27.1438708 4.572499e-10 
29.8585976 1.575092e-10 
29.8589863 9.496342e-11 
31.2161968 4.059287e-10 
32.5741157 6.221253e-10 
31.2165711 1.997616e-10 
32.5744922 2.816508e-10 
33.9317071 1.110023e-09 
33.9320717 5.510384e-10 
36.6468462 2.043846e-09 
35.2892547 1.657621e-09 
36.647197 1.559947e-09 
35.289612 1.072424e-09 
38.0047419 2.173509e-09 
38.0050991 3.978844e-10 
40.7198727 2.826268e-09 
39.3623296 2.582915e-09 
40.7202302 8.343139e-10 
39.3626847 6.034017e-10 
42.0774561 2.871404e-09 
42.0778196 1.008898e-09 
44.792955 1.069175e-09 
43.4353666 1.054256e-09 
44.7933345 2.69278e-11 
43.4357384 3.045572e-11 
46.1504962 8.975154e-10 
46.150887 2.819157e-11 
47.5080775 8.831991e-10 
48.8660345 3.153759e-11 
47.5084844 2.900981e-11 
48.8664195 1.367824e-10 
50.223627 1.519992e-10 
50.2240248 6.948368e-11 
52.938751 7.776986e-10 
51.5811677 4.016839e-10 
52.9391856 5.213366e-11 
51.5815826 6.05988e-11 
54.2967371 2.10916e-10 
54.2971057 2.420513e-10 
57.011871 9.305869e-10 
55.6543316 4.321748e-10 
57.0122758 9.601036e-11 
55.6547153 1.751831e-10 
58.3694547 1.319764e-09 
58.3698798 5.80322e-12 
61.0850248 1.983181e-10 
59.7274315 6.689568e-11 
61.085381 4.947029e-10 
59.7277698 6.665181e-10 
62.4425643 5.531903e-10 
62.4429443 2.371984e-10 
63.8001477 7.831619e-10 
65.1581026 5.354171e-12 
63.8005483 1.050524e-10 
65.1584257 5.982998e-10 
66.5156965 1.476666e-10 
66.5160396 4.888917e-10 
69.2308285 5.376635e-10 
67.8732411 3.341596e-10 
69.2312145 3.321971e-10 
67.8736074 2.805621e-10 
70.588775 2.927265e-10 
70.5890978 6.652307e-10 
73.3039289 6.70274e-10 
71.9463747 5.549401e-10 
73.3042891 8.207129e-10 
71.9467165 7.462455e-10 
74.6615259 8.342554e-10 
74.6619024 1.013761e-09 
77.3770787 1.304388e-09 
76.0194698 1.126669e-09 
77.3774109 1.237044e-09 
76.0197871 1.039642e-09 
78.7346427 1.333685e-09 
78.7349867 1.519477e-09 
80.0922518 1.258199e-09 
81.4501794 1.813314e-09 
80.0926069 1.674744e-09 
81.4504787 1.367101e-09 
82.8077976 1.745508e-09 
82.8081069 1.676603e-09 
85.5229889 1.240091e-09 
84.165369 1.59381e-09 
85.5233109 2.194293e-09 
84.1656849 2.057628e-09 
86.8808875 2.261173e-09 
86.8811653 1.73114e-09 
89.5960908 1.68199e-09 
88.2385133 2.041406e-09 
89.5963779 2.667917e-09 
88.2387971 2.240637e-09 
90.9537191 1.172736e-09 
90.9540088 2.907135e-09 
93.6692219 2.602642e-09 
92.3115901 2.854675e-09 
93.6694846 2.925025e-09 
92.3118501 2.16912e-09 
95.026806 2.038162e-09 
95.0270698 3.408999e-09 
96.3844409 1.414047e-09 
97.7422918 3.650766e-09 
96.3847045 3.780654e-09 
97.7425356 2.61304e-09 
99.0999286 3.327072e-09 
99.1001727 3.522979e-09 
101.8151598 1.757095e-09 
100.4575193 2.585856e-09 
101.8154009 4.411577e-09 
100.4577625 4.091794e-09 
103.1729935 4.237072e-09 
103.1732203 2.864717e-09 
105.8882305 2.787343e-09 
104.530635 3.644371e-09 
105.8884532 4.265708e-09 
104.5308602 3.700464e-09 
107.2458764 1.757255e-09 
107.2460958 4.295682e-09 
1.3477229 3.513094e-09 
1.3482036 2.227093e-09 
4.0632599 1.507641e-09 
4.0637081 2.532343e-10 
6.7783673 5.161511e-10 
6.7787739 1.181401e-10 
9.4938656 2.935551e-11 
9.4942587 1.355776e-10 
12.2089914 5.387431e-10 
12.2093446 1.199161e-10 
14.9244511 4.171923e-10 
14.9248371 3.068357e-10 
17.6395714 1.268804e-09 
17.6399378 1.017459e-10 
20.3550538 5.078008e-11 
20.355467 1.438751e-09 
23.0701886 4.127819e-10 
23.0705795 5.372568e-10 
25.7857101 4.702468e-11 
25.786125 7.605282e-10 
28.500858 2.002107e-10 
28.5012454 6.025058e-11 
31.2163823 3.133997e-10 
31.2167642 1.403468e-10 
33.9315276 1.028814e-09 
33.9318876 8.816902e-10 
36.6470216 2.117205e-09 
36.6473762 8.036566e-10 
39.3621538 2.890932e-09 
39.3625052 1.603145e-09 
42.0776382 2.092535e-09 
42.0780033 2.227516e-10 
44.7927615 1.943497e-09 
44.7931456 3.399373e-10 
47.5082846 3.057448e-10 
47.5086767 3.607217e-11 
50.2234077 4.789078e-10 
50.223833 2.192745e-11 
52.9389782 3.314505e-10 
52.9393726 8.323459e-11 
55.654102 1.214381e-09 
55.654536 2.151074e-11 
58.3696815 3.418703e-10 
58.3700509 3.543495e-10 
61.0848039 1.088547e-09 
61.0852164 4.735319e-11 
63.800362 1.24377e-10 
63.8007092 5.14296e-10 
66.515488 5.869781e-10 
66.5158796 1.743575e-10 
69.2310328 2.832168e-10 
69.2313751 5.535703e-10 
71.9461736 6.268515e-10 
71.9465554 6.295568e-10 
74.6617236 9.306209e-10 
74.6620625 9.983339e-10 
77.376886 1.083065e-09 
77.3772537 1.379906e-09 
80.0924377 1.578513e-09 
80.0927595 1.4523e-09 
82.8076205 1.298375e-09 
82.8079597 1.924928e-09 
85.5231564 1.874395e-09 
85.5234526 1.937849e-09 
88.2383553 1.174882e-09 
88.2386604 2.519414e-09 
90.9538682 2.283387e-09 
90.9541409 2.575872e-09 
93.6690806 1.256716e-09 
93.6693566 3.340348e-09 
96.3845752 2.971449e-09 
96.3848286 3.255349e-09 
99.0998005 1.602042e-09 
99.1000527 4.164572e-09 
101.815282 3.577602e-09 
101.8155167 3.682077e-09 
104.5305186 1.815069e-09 
104.5307488 4.459598e-09 
107.2459871 3.506328e-09 
107.2462029 3.570452e-09 
108.603584 2.643861e-09 
109.9613374 3.221976e-09 
108.6037966 4.069618e-09 
109.9615442 3.312935e-09 
111.3190367 3.663319e-09 
111.3192394 2.507404e-09 
112.6765874 1.482077e-09 
114.034285 2.157148e-09 
112.6767843 3.553036e-09 
114.0344769 3.288866e-09 
115.3920318 2.596013e-09 
115.3922206 2.62962e-09 
118.1072941 1.423459e-09 
116.7497215 2.843619e-09 
118.1074635 2.795246e-09 
116.7499093 1.960332e-09 
119.4649816 1.906573e-09 
119.4651485 2.496972e-09 
120.8227202 2.26814e-09 
122.1804013 2.320242e-09 
120.8228876 2.074175e-09 
122.1805707 1.552128e-09 
123.5380013 1.689381e-09 
123.5381365 2.317302e-09 
124.8956788 1.928627e-09 
126.2534073 2.063614e-09 
124.8958155 1.995276e-09 
126.2535494 1.733131e-09 
127.6110808 1.906924e-09 
127.6112284 1.314053e-09 
128.9687039 1.46717e-09 
130.3263701 1.378661e-09 
128.9688077 1.779968e-09 
130.3264815 1.463795e-09 
131.6840866 1.156049e-09 
131.6842092 1.247805e-09 
134.3993811 6.183595e-10 
133.041751 9.019467e-10 
134.3994685 6.799441e-10 
133.0418842 9.815128e-10 
135.757034 4.140039e-10 
135.7571352 5.990284e-10 
137.1147385 1.506354e-10 
138.4723921 7.763413e-11 
137.1148554 5.603099e-10 
138.4725239 6.580293e-10 
139.830022 5.040731e-10 
139.8301007 9.519731e-11 
141.187663 2.494348e-10 
142.5453595 1.009779e-10 
141.1877585 3.517148e-10 
142.5454714 5.794409e-10 
143.9030043 1.868684e-11 
143.9031315 8.829974e-10 
145.2606489 8.541554e-10 
146.6182837 5.241533e-10 
145.2607079 1.349513e-10 
146.6183587 3.044608e-10 
147.9759783 3.225416e-10 
147.976068 4.579192e-10 
150.6912879 1.234369e-09 
149.3336193 1.23133e-10 
150.6913226 1.558957e-10 
149.3337212 5.800413e-10 
152.0489214 8.288253e-10 
152.0489698 1.688713e-10 
153.406616 5.450717e-10 
154.7642559 2.739622e-10 
153.4066776 2.467112e-10 
154.7643254 3.015178e-10 
156.1219212 4.36766e-10 
156.1219576 2.442194e-10 
157.4795537 2.824392e-10 
158.8372446 1.89674e-10 
157.4796005 1.503719e-10 
158.8373022 1.965975e-10 
160.1948808 2.031329e-10 
160.1949409 1.780556e-10 
161.5525031 2.167322e-09 
162.9101334 2.423424e-09 
161.5525742 2.262214e-10 
162.9102077 2.282669e-10 
164.2678179 2.418691e-09 
164.2678956 1.753171e-10 
166.9830295 4.292123e-09 
165.6254476 2.237815e-09 
166.9831299 1.848043e-09 
165.6255202 1.17188e-10 
168.3406592 3.620313e-09 
168.3407521 1.347822e-09 
169.6983409 2.878419e-09 
171.0559661 1.855872e-09 
169.6984255 8.544382e-10 
171.0560369 4.321969e-10 
172.4135528 1.514033e-09 
172.4136421 1.034682e-09 
173.7711836 8.813334e-10 
175.1288668 3.720156e-10 
173.7712569 3.611189e-10 
175.1289229 7.116221e-11 
176.4864891 7.566169e-11 
176.4865272 2.821427e-11 
177.8441082 1.71835e-10 
179.2017362 1.383173e-10 
177.8441631 5.131764e-11 
179.2017728 3.817565e-10 
180.5594175 1.13903e-10 
180.5594361 8.972981e-10 
183.2746632 2.363328e-10 
181.9170325 3.455898e-10 
183.2747012 6.531875e-10 
181.9170358 1.448694e-09 
184.6322803 1.241897e-10 
184.6323014 1.045731e-09 
185.9899508 4.925176e-11 
187.347551 1.097658e-10 
185.9899589 1.399885e-09 
187.3475497 1.51015e-09 
188.7051647 1.224469e-09 
188.7052074 2.004849e-10 
190.062766 8.553164e-10 
191.420421 5.16428e-10 
190.0627927 3.030026e-10 
191.4204403 3.770423e-10 
192.7780043 3.568227e-10 
192.7780199 3.273237e-10 
194.1356155 5.929918e-10 
195.4932015 1.629161e-10 
194.1356485 2.302945e-10 
195.4932232 2.53982e-10 
196.8508443 1.473049e-11 
196.850869 2.599739e-10 
199.5660606 7.095732e-10 
198.2084196 1.632293e-10 
199.5660697 3.522595e-10 
198.2084471 2.924461e-10 
200.9236302 1.294812e-09 
200.9236538 7.186391e-10 
202.2812877 1.893634e-09 
203.6388866 2.371875e-09 
202.2813124 8.558887e-10 
203.6388978 9.878087e-10 
204.99651 4.468058e-09 
204.9965335 2.674255e-09 
109.9612327 1.621204e-09 
108.603691 4.033432e-09 
109.9614411 3.965739e-09 
108.6039012 2.726034e-09 
111.3189354 2.402898e-09 
111.3191379 3.718881e-09 
112.6766857 2.890256e-09 
114.0343801 3.237172e-09 
112.6768835 2.977816e-09 
114.0345755 2.233911e-09 
115.391941 1.403115e-09 
115.392125 3.144396e-09 
116.7496335 1.979577e-09 
118.1073764 2.386478e-09 
116.7498137 2.862331e-09 
118.1075552 2.319797e-09 
119.4650616 2.535503e-09 
119.4652409 1.727654e-09 
120.8226475 1.543737e-09 
122.18033 1.922224e-09 
120.8228003 2.525169e-09 
122.1804822 2.213575e-09 
123.5380639 2.198996e-09 
123.5382187 1.888872e-09 
126.2533542 1.706225e-09 
124.8957412 2.149016e-09 
126.2534724 2.105858e-09 
124.8958996 1.423243e-09 
127.6110264 1.775157e-09 
127.6111489 1.776052e-09 
128.9687491 1.723032e-09 
130.3264183 1.482333e-09 
128.9688799 1.541789e-09 
130.326557 1.178582e-09 
131.684047 1.02558e-09 
131.6841407 1.272885e-09 
134.399417 5.436177e-10 
133.0417067 8.433861e-10 
133.0418112 1.032046e-09 
134.3995354 8.710264e-10 
135.7570761 3.655716e-10 
135.7572074 7.646226e-10 
137.1147054 4.524471e-10 
138.4723519 2.398384e-10 
137.1147888 2.371877e-10 
138.4724512 3.574507e-10 
139.8300516 5.476604e-11 
139.8301675 4.78174e-10 
142.545335 6.423906e-10 
141.1877003 2.016596e-11 
142.5454057 1.334991e-10 
141.1878318 7.418296e-10 
143.902972 3.368018e-10 
143.9030595 3.922083e-10 
145.2606669 1.712655e-10 
146.6183092 1.942545e-11 
145.2607701 6.175806e-10 
146.6184264 8.408786e-10 
147.9759668 1.132174e-09 
147.9760124 9.191985e-11 
149.3336005 7.760811e-10 
150.6912953 5.319252e-10 
149.3336611 1.707167e-10 
150.6913697 2.657634e-10 
152.0489358 2.891897e-10 
152.0490203 3.406099e-10 
153.4066083 8.973515e-10 
154.7642415 5.148052e-10 
153.406639 2.866496e-10 
154.7642845 2.328394e-10 
156.1219349 2.637454e-10 
156.1219902 3.003393e-10 
158.8372205 7.271291e-10 
157.4795734 7.553636e-11 
158.8372718 6.40965e-11 
157.4796342 3.15895e-10 
160.194852 9.052264e-10 
160.1949106 1.468559e-11 
161.5525396 9.758412e-10 
162.9101726 1.077827e-09 
161.5526061 3.55128e-11 
162.9102382 1.705963e-11 
164.2677707 3.838667e-09 
164.2678603 1.005593e-09 
165.6254003 3.710872e-09 
166.9830827 3.339778e-09 
165.6254879 8.689944e-10 
166.983168 6.230967e-10 
168.3407097 2.62887e-09 
168.3407854 3.966195e-10 
169.6982879 3.170969e-09 
171.0559182 2.287848e-09 
169.698388 1.880072e-09 
171.0560059 1.088453e-09 
172.4136005 1.498566e-09 
172.4136746 5.273166e-10 
175.128827 4.630571e-10 
173.7712244 6.774825e-10 
175.1288993 1.793261e-10 
173.7712817 1.368376e-10 
176.4864574 2.264973e-10 
176.4865116 5.792326e-12 
177.8441405 4.680401e-11 
179.2017601 1.703846e-10 
177.8441762 1.823853e-10 
179.2017784 5.636852e-10 
180.5593896 1.514938e-10 
180.5594324 4.457191e-10 
181.9170133 1.058172e-10 
183.2746902 8.189605e-11 
181.9170381 9.568632e-10 
183.2746993 1.497222e-09 
184.6322985 2.358741e-10 
184.6322952 1.884992e-09 
185.9899223 6.469953e-10 
187.3475316 4.537423e-10 
185.9899618 4.412254e-10 
187.3475549 6.508987e-10 
188.7051944 2.78267e-10 
188.7052074 8.194169e-10 
191.4203935 1.282347e-09 
190.0627859 2.397882e-10 
191.4204353 2.107836e-10 
190.0627923 7.74193e-10 
192.7779871 7.333457e-10 
192.7780137 2.524993e-10 
194.1356352 3.294026e-10 
195.4932125 1.819837e-10 
194.1356583 2.774472e-10 
195.4932354 2.646888e-10 
196.8508374 4.935768e-11 
196.8508554 1.155502e-10 
198.2084147 1.348121e-10 
199.566056 4.763396e-10 
198.2084323 2.590315e-10 
199.566084 3.253251e-10 
200.9236405 9.906515e-10 
200.9236654 4.382583e-10 
202.2812774 2.344538e-09 
203.638871 2.925726e-09 
202.2813033 1.350456e-09 
203.6388934 1.739801e-09 
204.9965292 3.706357e-09 
204.9965344 1.791619e-09 
108.603584 2.643208e-09 
108.6037966 4.070609e-09 
111.3190367 3.663736e-09 
111.3192394 2.507079e-09 
114.034285 2.157161e-09 
114.0344769 3.288973e-09 
116.7497215 2.844468e-09 
116.7499093 1.959733e-09 
119.4649816 1.907058e-09 
119.4651485 2.496655e-09 
122.1804013 2.320355e-09 
122.1805707 1.551734e-09 
124.8956788 1.928992e-09 
124.8958155 1.995414e-09 
127.6110808 1.906503e-09 
127.6112284 1.314093e-09 
130.3263701 1.37848e-09 
130.3264815 1.464147e-09 
133.041751 9.018065e-10 
133.0418842 9.816923e-10 
135.757034 4.137657e-10 
135.7571352 5.992745e-10 
138.4723921 7.751873e-11 
138.4725239 6.580734e-10 
141.187663 2.491051e-10 
141.1877585 3.5176e-10 
143.9030043 1.864742e-11 
143.9031315 8.827579e-10 
146.6182837 5.233667e-10 
146.6183587 3.0444e-10 
149.3336193 1.232407e-10 
149.3337212 5.798894e-10 
152.0489214 8.280112e-10 
152.0489699 1.693137e-10 
154.7642559 2.739635e-10 
154.7643254 3.01831e-10 
157.4795537 2.821666e-10 
157.4796005 1.507408e-10 
160.1948808 2.0325e-10 
160.1949409 1.784694e-10 
162.9101334 2.423617e-09 
162.9102077 2.280048e-10 
165.6254476 2.23829e-09 
165.6255202 1.169103e-10 
168.3406592 3.62034e-09 
168.3407521 1.347153e-09 
171.0559661 1.855788e-09 
171.0560369 4.318972e-10 
173.7711836 8.812976e-10 
173.7712569 3.608858e-10 
176.4864891 7.563012e-11 
176.4865272 2.819496e-11 
179.2017362 1.37972e-10 
179.2017728 3.820115e-10 
181.9170325 3.456301e-10 
181.9170358 1.448288e-09 
184.6322803 1.240822e-10 
184.6323014 1.045807e-09 
187.347551 1.098119e-10 
187.3475497 1.510005e-09 
190.062766 8.553029e-10 
190.0627927 3.031173e-10 
192.7780043 3.571819e-10 
192.7780199 3.272167e-10 
195.4932015 1.629814e-10 
195.4932232 2.541741e-10 
198.2084196 1.632055e-10 
198.2084471 2.922052e-10 
200.9236302 1.294496e-09 
200.9236538 7.187127e-10 
203.6388866 2.372093e-09 
203.6388978 9.880057e-10 
109.9613374 3.221936e-09 
108.603691 4.034054e-09 
109.9615442 3.313223e-09 
108.6039012 2.725754e-09 
111.3189354 2.402882e-09 
111.3191379 3.719609e-09 
112.6765874 1.481812e-09 
114.0343801 3.238085e-09 
112.6767843 3.553668e-09 
114.0345755 2.233659e-09 
115.3920318 2.596662e-09 
115.3922206 2.62923e-09 
118.1072941 1.423493e-09 
116.7496335 1.979892e-09 
118.1074635 2.79558e-09 
116.7498137 2.862378e-09 
119.4650616 2.53612e-09 
119.4652409 1.72749e-09 
122.18033 1.922446e-09 
120.8227202 2.268389e-09 
122.1804822 2.213717e-09 
120.8228876 2.073801e-09 
123.5380013 1.689941e-09 
123.5381365 2.317377e-09 
126.2534073 2.063292e-09 
124.8957412 2.148902e-09 
126.2535494 1.733417e-09 
124.8958996 1.423308e-09 
127.6110264 1.775218e-09 
127.6111489 1.776515e-09 
128.9687039 1.467204e-09 
130.3264183 1.482207e-09 
128.9688077 1.779985e-09 
130.326557 1.178951e-09 
131.6840866 1.155796e-09 
131.6842092 1.248372e-09 
134.3993811 6.180606e-10 
133.0417067 8.431967e-10 
134.3994685 6.801595e-10 
133.0418112 1.032552e-09 
135.7570761 3.655665e-10 
135.7572075 7.65036e-10 
137.1147385 1.505156e-10 
138.4723519 2.397336e-10 
138.4724512 3.57804e-10 
137.1148555 5.606592e-10 
139.830022 5.037365e-10 
139.8301007 9.536136e-11 
142.5453595 1.007614e-10 
141.1877003 2.012028e-11 
142.5454714 5.79366e-10 
141.1878318 7.420106e-10 
143.902972 3.365617e-10 
143.9030595 3.923003e-10 
145.2606489 8.535244e-10 
146.6183092 1.942792e-11 
145.260708 1.351519e-10 
146.6184264 8.40744e-10 
147.9759783 3.219801e-10 
147.976068 4.577421e-10 
150.6912879 1.233622e-09 
149.3336005 7.755268e-10 
150.6913226 1.563197e-10 
149.3336611 1.710935e-10 
152.0489358 2.8907e-10 
152.0490203 3.406724e-10 
154.7642415 5.144111e-10 
153.406616 5.443665e-10 
154.7642845 2.332933e-10 
153.4066776 2.471195e-10 
156.1219212 4.363603e-10 
156.1219576 2.444227e-10 
158.8372446 1.895723e-10 
157.4795734 7.541178e-11 
158.8373022 1.970904e-10 
157.4796342 3.16332e-10 
160.194852 9.052678e-10 
160.1949106 1.474944e-11 
161.5525031 2.167083e-09 
162.9101726 1.078307e-09 
161.5525742 2.262769e-10 
162.9102382 1.715463e-11 
164.2678179 2.419534e-09 
164.2678956 1.749037e-10 
166.9830295 4.292244e-09 
165.6254003 3.712056e-09 
166.9831299 1.848061e-09 
165.6254879 8.682512e-10 
168.3407097 2.629481e-09 
168.3407854 3.960307e-10 
171.0559182 2.288892e-09 
169.6983409 2.879237e-09 
171.0560059 1.087583e-09 
169.6984255 8.534775e-10 
172.4135528 1.514416e-09 
172.4136421 1.03446e-09 
175.1288668 3.722986e-10 
173.7712244 6.776894e-10 
175.1289229 7.091334e-11 
173.7712817 1.365722e-10 
176.4864573 2.263998e-10 
176.4865116 5.860204e-12 
177.8441082 1.716473e-10 
179.2017601 1.702732e-10 
177.8441631 5.137641e-11 
179.2017784 5.638686e-10 
180.5594175 1.136631e-10 
180.5594362 8.974373e-10 
183.2746632 2.361089e-10 
181.9170132 1.054826e-10 
183.2747012 6.532344e-10 
181.9170381 9.57122e-10 
184.6322985 2.357069e-10 
184.6322953 1.885053e-09 
187.3475316 4.53942e-10 
185.9899508 4.922933e-11 
187.3475549 6.509415e-10 
185.9899589 1.399885e-09 
188.7051647 1.224357e-09 
188.7052074 2.004473e-10 
191.420421 5.16659e-10 
190.0627859 2.399092e-10 
191.4204403 3.771313e-10 
190.0627923 7.742944e-10 
192.7779871 7.334883e-10 
192.7780137 2.527359e-10 
194.1356155 5.931958e-10 
195.4932125 1.82268e-10 
194.1356485 2.305717e-10 
195.4932354 2.645613e-10 
196.8508444 1.479524e-11 
196.850869 2.598774e-10 
199.5660606 7.094363e-10 
198.2084147 1.346623e-10 
198.2084323 2.591221e-10 
199.5660697 3.522358e-10 
200.9236405 9.902179e-10 
200.9236654 4.382163e-10 
203.638871 2.925669e-09 
202.2812877 1.893272e-09 
203.6388934 1.739988e-09 
202.2813124 8.560921e-10 
204.99651 4.46607e-09 
204.9965335 2.674876e-09 
109.9612327 1.621407e-09 
109.9614411 3.966545e-09 
112.6766856 2.890827e-09 
112.6768836 2.977901e-09 
115.391941 1.403035e-09 
115.392125 3.144836e-09 
118.1073764 2.386846e-09 
118.1075552 2.31979e-09 
120.8226475 1.543679e-09 
120.8228003 2.5256e-09 
123.5380639 2.198771e-09 
123.5382187 1.889071e-09 
126.2533542 1.706413e-09 
126.2534724 2.106098e-09 
128.9687491 1.722903e-09 
128.9688799 1.542363e-09 
131.684047 1.025439e-09 
131.6841407 1.273051e-09 
134.399417 5.435875e-10 
134.3995354 8.716423e-10 
137.1147054 4.524187e-10 
137.1147888 2.373873e-10 
139.8300516 5.47713e-11 
139.8301675 4.785054e-10 
142.545335 6.4253e-10 
142.5454057 1.33637e-10 
145.2606669 1.711254e-10 
145.2607701 6.175235e-10 
147.9759667 1.1323e-09 
147.9760124 9.221996e-11 
150.6912953 5.314568e-10 
150.6913697 2.659047e-10 
153.4066083 8.974752e-10 
153.406639 2.868018e-10 
156.1219348 2.633825e-10 
156.1219902 3.007551e-10 
158.8372205 7.269811e-10 
158.8372718 6.41008e-11 
161.5525396 9.764259e-10 
161.5526061 3.556998e-11 
164.2677707 3.839036e-09 
164.2678603 1.005537e-09 
166.9830827 3.341462e-09 
166.983168 6.221802e-10 
169.6982879 3.171967e-09 
169.698388 1.879837e-09 
172.4136005 1.499725e-09 
172.4136746 5.264572e-10 
175.128827 4.632642e-10 
175.1288993 1.792629e-10 
177.8441405 4.671764e-11 
177.8441762 1.825488e-10 
180.5593896 1.512108e-10 
180.5594324 4.457543e-10 
183.2746902 8.165897e-11 
183.2746993 1.49743e-09 
185.9899222 6.470478e-10 
185.9899618 4.409845e-10 
188.7051944 2.784498e-10 
188.7052074 8.195346e-10 
191.4203935 1.282375e-09 
191.4204353 2.108505e-10 
194.1356352 3.29734e-10 
194.1356583 2.775025e-10 
196.8508374 4.946792e-11 
196.8508554 1.156695e-10 
199.566056 4.75888e-10 
199.566084 3.25437e-10 
202.2812774 2.344704e-09 
202.2813033 1.350239e-09 
204.9965292 3.707195e-09 
204.9965344 1.792174e-09 
108.603584 2.643611e-09 
109.9613374 3.222807e-09 
108.6037966 4.071108e-09 
109.9615442 3.313074e-09 
111.3190367 3.664678e-09 
111.3192394 2.506948e-09 
112.6765874 1.482159e-09 
114.034285 2.157391e-09 
112.6767843 3.554026e-09 
114.0344769 3.289414e-09 
115.3920318 2.596825e-09 
115.3922206 2.629642e-09 
118.1072941 1.423317e-09 
116.7497215 2.844983e-09 
118.1074635 2.795972e-09 
116.7499093 1.959949e-09 
119.4649816 1.907125e-09 
119.4651485 2.497033e-09 
120.8227202 2.268224e-09 
122.1804013 2.320564e-09 
120.8228876 2.074286e-09 
122.1805707 1.552023e-09 
123.5380013 1.689527e-09 
123.5381365 2.317806e-09 
124.8956788 1.928886e-09 
126.2534073 2.063274e-09 
124.8958155 1.995759e-09 
126.2535494 1.73377e-09 
127.6110808 1.906634e-09 
127.6112284 1.31444e-09 
128.9687039 1.467151e-09 
130.3263701 1.378469e-09 
128.9688077 1.780262e-09 
130.3264815 1.464615e-09 
131.6840866 1.155949e-09 
131.6842092 1.248826e-09 
134.3993811 6.181787e-10 
133.041751 9.019291e-10 
134.3994685 6.803147e-10 
133.0418842 9.821898e-10 
135.757034 4.137255e-10 
135.7571352 5.99814e-10 
137.1147385 1.505756e-10 
138.4723921 7.752942e-11 
137.1148554 5.611608e-10 
138.4725239 6.585749e-10 
139.830022 5.042017e-10 
139.8301007 9.540291e-11 
141.187663 2.492683e-10 
142.5453595 1.009526e-10 
141.1877585 3.520062e-10 
142.5454714 5.795875e-10 
143.9030043 1.866506e-11 
143.9031316 8.829715e-10 
145.2606489 8.543811e-10 
146.6182837 5.234758e-10 
145.2607079 1.353138e-10 
146.6183587 3.047607e-10 
147.9759782 3.220437e-10 
147.976068 4.578958e-10 
150.6912879 1.23462e-09 
149.3336193 1.230944e-10 
150.6913226 1.56343e-10 
149.3337212 5.799037e-10 
152.0489214 8.280075e-10 
152.0489699 1.696508e-10 
153.406616 5.44271e-10 
154.7642559 2.736387e-10 
153.4066777 2.472071e-10 
154.7643254 3.019459e-10 
156.1219212 4.366295e-10 
156.1219576 2.442546e-10 
157.4795537 2.819621e-10 
158.8372446 1.896835e-10 
157.4796005 1.50863e-10 
158.8373022 1.971542e-10 
160.1948808 2.033959e-10 
160.1949409 1.786877e-10 
161.5525031 2.167323e-09 
162.9101334 2.424504e-09 
161.5525742 2.263002e-10 
162.9102077 2.277921e-10 
164.2678179 2.420662e-09 
164.2678956 1.746394e-10 
166.9830295 4.293488e-09 
165.6254476 2.238872e-09 
166.9831299 1.847742e-09 
165.6255202 1.166835e-10 
168.3406592 3.622405e-09 
168.3407521 1.346172e-09 
169.6983409 2.88109e-09 
171.0559661 1.856582e-09 
169.6984255 8.526058e-10 
171.0560369 4.312736e-10 
172.4135527 1.515124e-09 
172.4136421 1.034388e-09 
173.7711836 8.821344e-10 
175.1288668 3.728075e-10 
173.7712569 3.604909e-10 
175.1289229 7.069291e-11 
176.4864891 7.56598e-11 
176.4865272 2.829177e-11 
177.8441082 1.715568e-10 
179.2017362 1.37658e-10 
177.8441631 5.138167e-11 
179.2017728 3.822562e-10 
180.5594175 1.133965e-10 
180.5594362 8.978499e-10 
183.2746632 2.361127e-10 
181.9170324 3.453208e-10 
183.2747012 6.529841e-10 
181.9170358 1.448931e-09 
184.6322803 1.241387e-10 
184.6323014 1.045903e-09 
185.9899508 4.922056e-11 
187.347551 1.096195e-10 
185.9899589 1.400064e-09 
187.3475497 1.510368e-09 
188.7051647 1.22449e-09 
188.7052074 2.001792e-10 
190.062766 8.555879e-10 
191.4204209 5.170005e-10 
190.0627927 3.031683e-10 
191.4204403 3.771855e-10 
192.7780043 3.573802e-10 
192.7780199 3.272838e-10 
194.1356155 5.931848e-10 
195.4932015 1.630306e-10 
194.1356485 2.305867e-10 
195.4932232 2.543121e-10 
196.8508443 1.481112e-11 
196.850869 2.598754e-10 
199.5660606 7.097345e-10 
198.2084196 1.63103e-10 
199.5660697 3.520156e-10 
198.2084471 2.921026e-10 
200.9236302 1.294649e-09 
200.9236538 7.187367e-10 
202.2812877 1.893177e-09 
203.6388865 2.372406e-09 
202.2813124 8.562897e-10 
203.6388978 9.880471e-10 
204.99651 4.465811e-09 
204.9965335 2.67582e-09 
108.603691 4.03499e-09 
108.6039012 2.725574e-09 
111.3189354 2.403433e-09 
111.3191379 3.719654e-09 
114.0343801 3.238408e-09 
114.0345755 2.23403e-09 
116.7496335 1.97975e-09 
116.7498137 2.862994e-09 
119.4650616 2.536027e-09 
119.4652409 1.72807e-09 
122.1803301 1.922213e-09 
122.1804821 2.21417e-09 
124.8957412 2.149206e-09 
124.8958996 1.423758e-09 
127.6110264 1.775076e-09 
127.6111489 1.776637e-09 
130.3264183 1.482624e-09 
130.326557 1.179265e-09 
133.0417067 8.432534e-10 
133.0418112 1.032922e-09 
135.7570761 3.656617e-10 
135.7572074 7.654792e-10 
138.4723519 2.399754e-10 
138.4724511 3.581396e-10 
141.1877003 2.017498e-11 
141.1878318 7.424413e-10 
143.902972 3.370386e-10 
143.9030595 3.925379e-10 
146.6183092 1.937555e-11 
146.6184264 8.409922e-10 
149.3336005 7.761816e-10 
149.3336611 1.713869e-10 
152.0489358 2.887397e-10 
152.0490203 3.406785e-10 
154.7642414 5.146272e-10 
154.7642845 2.331725e-10 
157.4795734 7.524009e-11 
157.4796342 3.162304e-10 
160.194852 9.05381e-10 
160.1949106 1.472844e-11 
162.9101726 1.078552e-09 
162.9102382 1.716048e-11 
165.6254003 3.713553e-09 
165.6254879 8.679681e-10 
168.3407097 2.630047e-09 
168.3407854 3.95763e-10 
171.0559182 2.290584e-09 
171.0560059 1.087048e-09 
173.7712244 6.78268e-10 
173.7712817 1.362582e-10 
176.4864573 2.26614e-10 
176.4865116 5.839049e-12 
179.2017601 1.700007e-10 
179.2017784 5.644705e-10 
181.9170132 1.054027e-10 
181.9170382 9.572516e-10 
184.6322985 2.353939e-10 
184.6322953 1.885817e-09 
187.3475316 4.541743e-10 
187.3475549 6.509471e-10 
190.0627859 2.397516e-10 
190.0627923 7.745789e-10 
192.7779871 7.33678e-10 
192.7780137 2.526705e-10 
195.4932125 1.822933e-10 
195.4932354 2.645755e-10 
198.2084147 1.347026e-10 
198.2084323 2.59184e-10 
200.9236405 9.898702e-10 
200.9236654 4.381993e-10 
203.638871 2.925845e-09 
203.6388934 1.74012e-09 
109.9612327 1.621946e-09 
108.603584 2.644663e-09 
109.9614411 3.966464e-09 
108.6037966 4.070452e-09 
111.3190367 3.664819e-09 
111.3192394 2.507234e-09 
114.034285 2.157468e-09 
112.6766857 2.891158e-09 
114.0344769 3.289523e-09 
112.6768835 2.97805e-09 
115.391941 1.40324e-09 
115.392125 3.144972e-09 
118.1073764 2.386286e-09 
116.7497215 2.844532e-09 
118.1075552 2.320612e-09 
116.7499093 1.960634e-09 
119.4649816 1.906567e-09 
119.4651485 2.497665e-09 
120.8226475 1.543199e-09 
122.1804013 2.320445e-09 
120.8228003 2.525902e-09 
122.1805707 1.552576e-09 
123.5380639 2.198791e-09 
123.5382187 1.889562e-09 
126.2533542 1.705781e-09 
124.8956788 1.928704e-09 
126.2534724 2.106382e-09 
124.8958155 1.995816e-09 
127.6110808 1.907197e-09 
127.6112284 1.314681e-09 
130.3263701 1.378456e-09 
128.9687491 1.723291e-09 
130.3264815 1.464467e-09 
128.9688799 1.542385e-09 
131.684047 1.025569e-09 
131.6841407 1.27325e-09 
134.399417 5.437063e-10 
133.041751 9.022178e-10 
134.3995353 8.718486e-10 
133.0418842 9.822768e-10 
135.757034 4.139463e-10 
135.7571352 5.999597e-10 
137.1147054 4.52951e-10 
138.4723921 7.761583e-11 
137.1147888 2.373736e-10 
138.4725239 6.588395e-10 
139.8300516 5.497892e-11 
139.8301675 4.787821e-10 
142.545335 6.434459e-10 
141.187663 2.497076e-10 
142.5454057 1.336028e-10 
141.1877585 3.521173e-10 
143.9030043 1.870093e-11 
143.9031316 8.83318e-10 
146.6182837 5.242883e-10 
145.2606669 1.714932e-10 
146.6183587 3.049857e-10 
145.2607701 6.17818e-10 
147.9759668 1.133762e-09 
147.9760124 9.219344e-11 
150.6912953 5.318944e-10 
149.3336193 1.229053e-10 
150.6913697 2.660144e-10 
149.3337212 5.800897e-10 
152.0489214 8.288745e-10 
152.0489699 1.694249e-10 
153.4066083 8.985927e-10 
154.7642559 2.734304e-10 
153.406639 2.864265e-10 
154.7643254 3.016999e-10 
156.1219348 2.636079e-10 
156.1219902 3.004234e-10 
158.8372205 7.2711e-10 
157.4795537 2.821461e-10 
158.8372718 6.398445e-11 
157.4796005 1.505649e-10 
160.1948808 2.033285e-10 
160.1949409 1.784018e-10 
162.9101334 2.424803e-09 
161.5525396 9.766962e-10 
162.9102077 2.278979e-10 
161.5526061 3.55e-11 
164.2677707 3.839919e-09 
164.2678603 1.005415e-09 
166.9830827 3.342581e-09 
165.6254476 2.23891e-09 
166.983168 6.220515e-10 
165.6255202 1.168154e-10 
168.3406592 3.623463e-09 
168.3407521 1.346258e-09 
169.6982879 3.172897e-09 
171.0559661 1.857058e-09 
169.698388 1.879597e-09 
171.0560369 4.311796e-10 
172.4136005 1.500657e-09 
172.4136746 5.261817e-10 
175.128827 4.63404e-10 
173.7711836 8.827689e-10 
175.1288993 1.794271e-10 
173.7712569 3.604915e-10 
176.4864891 7.571799e-11 
176.4865272 2.836487e-11 
179.2017362 1.378244e-10 
177.8441405 4.669661e-11 
179.2017728 3.821643e-10 
177.8441762 1.827025e-10 
180.5593896 1.512606e-10 
180.5594324 4.455653e-10 
183.2746902 8.155519e-11 
181.9170324 3.450692e-10 
183.2746993 1.497777e-09 
181.9170358 1.449757e-09 
184.6322803 1.242829e-10 
184.6323014 1.045879e-09 
185.9899222 6.47155e-10 
187.347551 1.094516e-10 
185.9899618 4.407025e-10 
187.3475497 1.510735e-09 
188.7051944 2.785167e-10 
188.7052074 8.196332e-10 
191.4203935 1.282573e-09 
190.062766 8.557943e-10 
191.4204353 2.105871e-10 
190.0627927 3.03088e-10 
192.7780043 3.571308e-10 
192.7780199 3.274285e-10 
195.4932015 1.629849e-10 
194.1356352 3.297418e-10 
195.4932232 2.542126e-10 
194.1356583 2.774806e-10 
196.8508374 4.938113e-11 
196.8508554 1.156004e-10 
199.566056 4.758239e-10 
198.2084196 1.630626e-10 
199.566084 3.255215e-10 
198.2084471 2.922773e-10 
200.9236302 1.295051e-09 
200.9236538 7.186747e-10 
202.2812774 2.345486e-09 
203.6388866 2.372392e-09 
202.2813033 1.349824e-09 
203.6388978 9.878787e-10 
204.9965292 3.707017e-09 
204.9965344 1.792535e-09 
109.9613374 3.223473e-09 
109.9615442 3.312745e-09 
112.6765874 1.482508e-09 
112.6767843 3.553575e-09 
115.3920318 2.596289e-09 
115.3922206 2.630206e-09 
118.1072941 1.423205e-09 
118.1074635 2.796012e-09 
120.8227202 2.267705e-09 
120.8228876 2.074991e-09 
123.5380013 1.688884e-09 
123.5381365 2.317897e-09 
126.2534073 2.06381e-09 
126.2535494 1.733759e-09 
128.9687039 1.466788e-09 
128.9688077 1.780359e-09 
131.6840866 1.156252e-09 
131.6842092 1.248466e-09 
134.3993811 6.186202e-10 
134.3994685 6.803166e-10 
137.1147385 1.506848e-10 
137.1148554 5.611168e-10 
139.830022 5.048922e-10 
139.8301006 9.526514e-11 
142.5453595 1.012587e-10 
142.5454714 5.797875e-10 
145.2606489 8.554534e-10 
145.2607079 1.352021e-10 
147.9759782 3.226381e-10 
147.976068 4.581965e-10 
150.6912879 1.236015e-09 
150.6913226 1.559483e-10 
153.406616 5.449435e-10 
153.4066777 2.468501e-10 
156.1219212 4.372661e-10 
156.1219576 2.439282e-10 
158.8372446 1.898394e-10 
158.8373022 1.966946e-10 
161.5525031 2.167541e-09 
161.5525742 2.26225e-10 
164.2678179 2.4206e-09 
164.2678956 1.748705e-10 
166.9830295 4.294097e-09 
166.9831299 1.847624e-09 
169.6983409 2.881258e-09 
169.6984255 8.530279e-10 
172.4135527 1.515253e-09 
172.4136421 1.034538e-09 
175.1288668 3.728639e-10 
175.1289229 7.081207e-11 
177.8441082 1.71663e-10 
177.8441631 5.132679e-11 
180.5594175 1.1348e-10 
180.5594362 8.979951e-10 
183.2746632 2.363485e-10 
183.2747012 6.527672e-10 
185.9899508 4.924312e-11 
185.9899589 1.400166e-09 
188.7051647 1.224678e-09 
188.7052074 2.000411e-10 
191.4204209 5.169633e-10 
191.4204403 3.77135e-10 
194.1356155 5.929898e-10 
194.1356485 2.303292e-10 
196.8508443 1.475444e-11 
196.850869 2.599647e-10 
199.5660606 7.100605e-10 
199.5660697 3.518989e-10 
202.2812877 1.893479e-09 
202.2813124 8.562098e-10 
204.99651 4.467636e-09 
204.9965335 2.675772e-09 
109.9612327 1.622227e-09 
108.603691 4.034811e-09 
109.9614411 3.9656e-09 
108.6039012 2.725682e-09 
111.3189354 2.403946e-09 
111.3191379 3.71902e-09 
112.6766857 2.8909e-09 
114.0343801 3.23766e-09 
112.6768835 2.978149e-09 
114.0345755 2.234589e-09 
115.391941 1.403277e-09 
115.392125 3.144483e-09 
116.7496335 1.979315e-09 
118.1073764 2.385697e-09 
116.7498137 2.863197e-09 
118.1075552 2.321057e-09 
119.4650616 2.535526e-09 
119.4652409 1.728585e-09 
120.8226475 1.542931e-09 
122.1803301 1.92167e-09 
120.8228003 2.525797e-09 
122.1804821 2.214358e-09 
123.5380639 2.198787e-09 
123.5382187 1.889668e-09 
126.2533543 1.705445e-09 
124.8957412 2.149362e-09 
126.2534724 2.10628e-09 
124.8958996 1.423929e-09 
127.6110264 1.775164e-09 
127.6111489 1.776292e-09 
128.9687491 1.723794e-09 
130.3264183 1.482996e-09 
128.9688798 1.541895e-09 
130.326557 1.179143e-09 
131.684047 1.025637e-09 
131.6841407 1.273136e-09 
134.399417 5.438128e-10 
133.0417067 8.433772e-10 
133.0418112 1.032584e-09 
134.3995353 8.71304e-10 
135.7570761 3.657813e-10 
135.7572074 7.653092e-10 
137.1147054 4.533272e-10 
138.4723519 2.402479e-10 
137.1147888 2.372116e-10 
138.4724511 3.579941e-10 
139.8300516 5.509252e-11 
139.8301675 4.786195e-10 
142.545335 6.438764e-10 
141.1877003 2.025698e-11 
142.5454057 1.334628e-10 
141.1878318 7.425364e-10 
143.902972 3.375283e-10 
143.9030595 3.926083e-10 
145.2606669 1.718459e-10 
146.6183092 1.933738e-11 
145.2607701 6.180607e-10 
146.6184264 8.412611e-10 
147.9759668 1.134496e-09 
147.9760124 9.186864e-11 
149.3336005 7.770763e-10 
150.6912953 5.325755e-10 
149.3336611 1.711952e-10 
150.6913697 2.65937e-10 
152.0489358 2.886195e-10 
152.0490203 3.406161e-10 
153.4066083 8.992667e-10 
154.7642414 5.152434e-10 
153.4066389 2.860324e-10 
154.7642845 2.326506e-10 
156.1219348 2.641136e-10 
156.1219902 2.998262e-10 
158.8372205 7.274618e-10 
157.4795734 7.525542e-11 
158.8372717 6.391293e-11 
157.4796342 3.157595e-10 
160.194852 9.054566e-10 
160.1949106 1.465567e-11 
161.5525396 9.763118e-10 
162.9101726 1.078156e-09 
161.5526061 3.540245e-11 
162.9102382 1.706996e-11 
164.2677707 3.83989e-09 
164.2678603 1.005255e-09 
165.6254003 3.713303e-09 
166.9830827 3.341741e-09 
165.6254879 8.68447e-10 
166.983168 6.228718e-10 
168.3407097 2.62997e-09 
168.3407854 3.961972e-10 
169.6982879 3.172472e-09 
171.0559182 2.290494e-09 
169.698388 1.87981e-09 
171.0560059 1.087612e-09 
172.4136005 1.499961e-09 
172.4136746 5.268441e-10 
175.128827 4.63328e-10 
173.7712244 6.783605e-10 
175.1288993 1.795882e-10 
173.7712817 1.363125e-10 
176.4864573 2.268548e-10 
176.4865116 5.757361e-12 
177.8441405 4.675997e-11 
179.2017601 1.699492e-10 
177.8441762 1.826163e-10 
179.2017784 5.646385e-10 
180.5593896 1.515701e-10 
180.5594324 4.454386e-10 
181.9170132 1.05704e-10 
183.2746902 8.173535e-11 
181.9170382 9.571037e-10 
183.2746993 1.497802e-09 
184.6322985 2.353569e-10 
184.6322953 1.886227e-09 
185.9899222 6.471872e-10 
187.3475316 4.541424e-10 
185.9899618 4.407561e-10 
187.3475549 6.509054e-10 
188.7051944 2.783668e-10 
188.7052074 8.1958e-10 
191.4203935 1.282645e-09 
190.0627859 2.395157e-10 
191.4204353 2.103626e-10 
190.0627923 7.746583e-10 
192.7779871 7.336395e-10 
192.7780138 2.524008e-10 
194.1356352 3.294207e-10 
195.4932125 1.820313e-10 
194.1356583 2.774077e-10 
195.4932354 2.647082e-10 
196.8508374 4.922416e-11 
196.8508554 1.154351e-10 
198.2084146 1.348829e-10 
199.566056 4.762437e-10 
198.2084323 2.591272e-10 
199.566084 3.254643e-10 
200.9236405 9.900889e-10 
200.9236654 4.382366e-10 
202.2812774 2.345773e-09 
203.638871 2.925975e-09 
202.2813033 1.349781e-09 
203.6388934 1.740014e-09 
204.9965292 3.706085e-09 
204.9965344 1.792207e-09 
108.603584 2.644776e-09 
108.6037966 4.069604e-09 
111.3190367 3.663885e-09 
111.3192394 2.507512e-09 
114.034285 2.157422e-09 
114.0344769 3.289166e-09 
116.7497215 2.843741e-09 
116.7499093 1.960925e-09 
119.4649816 1.906145e-09 
119.4651485 2.497553e-09 
122.1804013 2.320323e-09 
122.1805707 1.552611e-09 
124.8956788 1.928487e-09 
124.8958155 1.995591e-09 
127.6110808 1.907244e-09 
127.6112284 1.314429e-09 
130.3263701 1.378715e-09 
130.3264815 1.463958e-09 
133.041751 9.022686e-10 
133.0418842 9.818805e-10 
135.757034 4.140635e-10 
135.7571352 5.994517e-10 
138.4723921 7.768765e-11 
138.4725239 6.584993e-10 
141.187663 2.498096e-10 
141.1877585 3.519238e-10 
143.9030043 1.872058e-11 
143.9031315 8.833314e-10 
146.6182837 5.246736e-10 
146.6183587 3.048165e-10 
149.3336193 1.22929e-10 
149.3337212 5.801686e-10 
152.0489214 8.293959e-10 
152.0489698 1.689455e-10 
154.7642559 2.736049e-10 
154.7643254 3.014376e-10 
157.4795537 2.824111e-10 
157.4796005 1.502522e-10 
160.1948808 2.03148e-10 
160.1949409 1.780234e-10 
162.9101334 2.424267e-09 
162.9102077 2.281986e-10 
165.6254476 2.238263e-09 
165.6255202 1.171438e-10 
168.3406592 3.62213e-09 
168.3407521 1.347217e-09 
171.0559661 1.856675e-09 
171.0560369 4.317356e-10 
173.7711836 8.822554e-10 
173.7712569 3.60904e-10 
176.4864891 7.571235e-11 
176.4865272 2.831926e-11 
179.2017362 1.38231e-10 
179.2017728 3.818555e-10 
181.9170324 3.452317e-10 
181.9170358 1.449587e-09 
184.6322803 1.243212e-10 
184.6323014 1.045783e-09 
187.347551 1.095367e-10 
187.3475497 1.51061e-09 
190.062766 8.556299e-10 
190.0627927 3.02987e-10 
192.7780043 3.567878e-10 
192.7780199 3.274534e-10 
195.4932015 1.62912e-10 
195.4932232 2.54006e-10 
198.2084196 1.631409e-10 
198.2084471 2.924915e-10 
200.9236302 1.295149e-09 
200.9236538 7.186134e-10 
203.6388866 2.372064e-09 
203.6388978 9.877304e-10 
109.9613374 3.222866e-09 
108.603691 4.033929e-09 
109.9615442 3.312674e-09 
108.6039012 2.725941e-09 
111.3189354 2.403558e-09 
111.3191379 3.718566e-09 
112.6765874 1.482518e-09 
114.0343801 3.236842e-09 
112.6767843 3.552882e-09 
114.0345755 2.234512e-09 
115.3920318 2.59592e-09 
115.3922206 2.630232e-09 
118.1072941 1.423147e-09 
116.7496335 1.979312e-09 
116.7498137 2.862782e-09 
118.1074635 2.795522e-09 
119.4650616 2.535221e-09 
119.4652409 1.728366e-09 
122.1803301 1.921614e-09 
120.8227202 2.267652e-09 
122.1804821 2.213945e-09 
120.8228876 2.074867e-09 
123.5380013 1.688867e-09 
123.5381365 2.317697e-09 
126.2534073 2.063866e-09 
124.8957412 2.149311e-09 
126.2535494 1.73339e-09 
124.8958996 1.423584e-09 
127.6110264 1.775159e-09 
127.6111489 1.775998e-09 
128.9687039 1.466908e-09 
130.3264183 1.48271e-09 
128.9688077 1.780107e-09 
130.326557 1.178709e-09 
131.6840866 1.156429e-09 
131.6842092 1.247857e-09 
134.3993811 6.186672e-10 
133.0417067 8.435771e-10 
134.3994685 6.800752e-10 
133.0418112 1.032028e-09 
135.7570761 3.657604e-10 
135.7572074 7.648002e-10 
137.1147385 1.507118e-10 
138.4723519 2.401248e-10 
138.4724511 3.575639e-10 
137.1148554 5.605791e-10 
139.830022 5.047978e-10 
139.8301006 9.513662e-11 
142.5453595 1.012701e-10 
141.1877003 2.024732e-11 
142.5454714 5.796899e-10 
141.1878318 7.421691e-10 
143.902972 3.373884e-10 
143.9030595 3.923835e-10 
145.2606489 8.553092e-10 
146.6183092 1.936939e-11 
145.2607079 1.34991e-10 
146.6184264 8.411823e-10 
147.9759783 3.229436e-10 
147.976068 4.582145e-10 
150.6912879 1.235913e-09 
149.3336005 7.770261e-10 
149.3336611 1.707919e-10 
150.6913226 1.556742e-10 
152.0489358 2.889109e-10 
152.0490203 3.405737e-10 
154.7642415 5.153363e-10 
153.406616 5.454111e-10 
154.7642845 2.324394e-10 
153.4066776 2.465432e-10 
156.1219212 4.373478e-10 
156.1219576 2.438898e-10 
158.8372446 1.897977e-10 
157.4795734 7.544057e-11 
158.8373022 1.963556e-10 
157.4796342 3.155539e-10 
160.194852 9.052843e-10 
160.1949106 1.462981e-11 
161.5525031 2.167647e-09 
162.9101726 1.077679e-09 
161.5525742 2.261656e-10 
162.9102382 1.700599e-11 
164.2678179 2.419506e-09 
164.2678956 1.753126e-10 
166.9830295 4.29313e-09 
165.6254003 3.711847e-09 
166.9831299 1.847748e-09 
165.6254879 8.691028e-10 
168.3407097 2.629214e-09 
168.3407854 3.967426e-10 
171.0559182 2.288752e-09 
169.6983409 2.879603e-09 
171.0560059 1.08845e-09 
169.6984255 8.541209e-10 
172.4135528 1.514598e-09 
172.4136421 1.034784e-09 
175.1288668 3.723567e-10 
173.7712244 6.779112e-10 
175.1289229 7.110205e-11 
173.7712817 1.36664e-10 
176.4864573 2.267843e-10 
176.4865116 5.729463e-12 
177.8441082 1.718588e-10 
179.2017601 1.701928e-10 
177.8441631 5.129568e-11 
179.2017784 5.641553e-10 
180.5594175 1.137836e-10 
180.5594362 8.976346e-10 
183.2746632 2.364806e-10 
181.9170132 1.059482e-10 
183.2747012 6.528928e-10 
181.9170381 9.568606e-10 
184.6322985 2.356541e-10 
184.6322953 1.885709e-09 
187.3475316 4.538642e-10 
185.9899508 4.92561e-11 
187.3475549 6.5088e-10 
185.9899589 1.400072e-09 
188.7051647 1.224661e-09 
188.7052074 2.002376e-10 
191.4204209 5.1662e-10 
190.0627859 2.39549e-10 
191.4204403 3.770411e-10 
190.0627923 7.744226e-10 
192.7779871 7.334416e-10 
192.7780137 2.52288e-10 
194.1356155 5.928678e-10 
195.4932124 1.818401e-10 
194.1356485 2.301436e-10 
195.4932354 2.647829e-10 
196.8508443 1.470496e-11 
196.850869 2.600277e-10 
199.5660606 7.099456e-10 
198.2084146 1.349474e-10 
199.5660697 3.520496e-10 
198.2084323 2.590331e-10 
200.9236405 9.905742e-10 
200.9236654 4.382699e-10 
203.638871 2.925919e-09 
202.2812877 1.893769e-09 
203.6388934 1.739819e-09 
202.2813124 8.559591e-10 
204.99651 4.469027e-09 
204.9965335 2.674804e-09 
109.9612327 1.62177e-09 
109.9614411 3.965214e-09 
112.6766857 2.890267e-09 
112.6768835 2.97802e-09 
115.391941 1.403283e-09 
115.392125 3.144074e-09 
118.1073764 2.3859e-09 
118.1075552 2.320584e-09 
120.8226475 1.543131e-09 
120.8228003 2.525314e-09 
123.5380639 2.19891e-09 
123.5382187 1.889192e-09 
126.2533542 1.705792e-09 
126.2534724 2.106062e-09 
128.9687491 1.723508e-09 
128.9688799 1.541542e-09 
131.684047 1.025726e-09 
131.6841407 1.272839e-09 
134.399417 5.4385e-10 
134.3995354 8.708206e-10 
137.1147054 4.529615e-10 
137.1147888 2.370863e-10 
139.8300516 5.49646e-11 
139.8301675 4.782578e-10 
142.545335 6.432144e-10 
142.5454057 1.333847e-10 
145.2606669 1.717039e-10 
145.2607701 6.178901e-10 
147.9759668 1.133551e-09 
147.9760124 9.170555e-11 
150.6912953 5.326088e-10 
150.6913697 2.657875e-10 
153.4066083 8.984847e-10 
153.406639 2.861794e-10 
156.1219348 2.641954e-10 
156.1219902 2.997733e-10 
158.8372205 7.274317e-10 
158.8372717 6.39847e-11 
161.5525396 9.75722e-10 
161.5526061 3.540873e-11 
164.2677707 3.839292e-09 
164.2678602 1.005362e-09 
166.9830827 3.340083e-09 
166.983168 6.235447e-10 
169.6982879 3.17119e-09 
169.698388 1.880066e-09 
172.4136005 1.498685e-09 
172.4136746 5.275243e-10 
175.128827 4.631239e-10 
175.1288993 1.795388e-10 
177.8441405 4.68196e-11 
177.8441762 1.824179e-10 
180.5593896 1.517157e-10 
180.5594324 4.455445e-10 
183.2746902 8.194415e-11 
183.2746993 1.49745e-09 
185.9899223 6.470912e-10 
185.9899618 4.41083e-10 
188.7051944 2.782102e-10 
188.7052074 8.194471e-10 
191.4203935 1.282498e-09 
191.4204353 2.104849e-10 
194.1356352 3.292221e-10 
194.1356583 2.773887e-10 
196.8508374 4.920764e-11 
196.8508554 1.154014e-10 
199.566056 4.765631e-10 
199.566084 3.253436e-10 
202.2812774 2.345189e-09 
202.2813033 1.350175e-09 
204.9965292 3.705668e-09 
204.9965344 1.791639e-09 
