# c_kinat vs. Position.Y (3040 data points):
# Position.Y c_kinat
-0.0082669 2.198331e-09 
1.3494509 1.843073e-09 
1.3497246 4.180627e-10 
-0.0079979 1.204467e-09 
2.7068588 1.487855e-09 
2.7071559 1.069909e-09 
4.0646018 1.142648e-09 
5.4223113 4.979553e-10 
4.0648979 4.623848e-10 
5.4226122 1.233054e-10 
6.780061 2.510167e-10 
6.7803656 5.157265e-11 
8.1374491 4.770278e-11 
9.4952097 1.552894e-10 
8.137781 7.835512e-11 
9.4955381 9.639542e-11 
10.8529364 2.115828e-10 
10.8532583 7.770054e-11 
13.5680785 7.712985e-10 
12.2106997 2.598039e-10 
13.5684232 1.40509e-10 
12.211012 4.748608e-11 
14.9258492 6.668997e-10 
14.9261781 4.537713e-11 
16.2835761 3.438696e-10 
17.6413333 8.807321e-11 
16.2838865 1.809282e-10 
17.6416274 4.853301e-10 
18.9987172 6.481263e-10 
18.9990425 1.292953e-10 
20.3564775 1.971145e-10 
21.714188 9.726839e-11 
20.3567837 3.612844e-10 
21.714479 6.157239e-10 
24.4293233 9.648583e-11 
23.0719307 2.034054e-10 
24.429628 3.237436e-10 
23.072214 6.200863e-10 
25.7870689 1.158071e-10 
25.7873661 2.504406e-10 
27.1447693 1.460812e-10 
28.5025118 8.375626e-11 
28.5028118 7.678576e-12 
27.1450658 1.157499e-10 
29.8599038 1.04172e-10 
29.8602163 7.54854e-11 
31.2176521 1.579841e-10 
32.5753621 3.597195e-10 
31.2179683 1.602276e-10 
32.5756836 2.983176e-10 
33.9331201 6.434563e-10 
33.9334427 3.270634e-10 
36.6482683 1.125796e-09 
35.2905038 6.87857e-10 
35.2908398 8.605335e-10 
36.6486033 7.979984e-10 
38.005992 1.377987e-09 
38.0063239 5.058027e-10 
40.721141 1.461577e-09 
39.3637592 1.212106e-09 
40.7214807 7.687811e-10 
39.3640804 1.725089e-10 
42.0789115 1.249518e-09 
42.0792388 3.077676e-10 
43.4366334 7.746452e-10 
44.7943926 3.346665e-10 
44.7946953 1.059054e-11 
43.4369499 4.826677e-11 
46.1517843 4.973103e-10 
46.1521034 6.755976e-11 
47.5095442 2.208458e-10 
48.8672547 4.818105e-11 
47.5098503 1.073649e-12 
48.8675546 2.531743e-11 
50.2250032 1.156806e-11 
50.2252981 5.189933e-11 
52.9401573 7.456186e-11 
51.5824073 8.710373e-11 
51.5827089 1.953086e-11 
52.9404558 2.814925e-11 
54.2978644 5.353121e-11 
54.2981646 8.493684e-11 
57.013025 1.661273e-10 
55.6556144 2.028571e-11 
57.013326 6.253894e-11 
55.6559161 1.7268e-10 
58.3707776 5.417198e-11 
58.3710811 1.321406e-10 
59.7284912 4.480139e-11 
61.0862492 7.141568e-11 
61.0865527 2.836036e-10 
59.7287959 2.124715e-10 
62.4436636 6.918516e-11 
62.4439656 1.387604e-10 
63.8014235 4.338893e-11 
65.1591405 9.838806e-11 
63.8017246 2.284625e-10 
65.1594377 2.699728e-10 
66.5169009 2.33063e-10 
66.5171923 3.201273e-10 
69.2320842 2.595915e-10 
67.8743233 9.494909e-11 
67.874614 3.507406e-10 
69.2323697 5.069259e-10 
70.5897965 4.661626e-10 
70.5900768 5.449626e-10 
73.3049877 4.660008e-10 
71.9475528 7.674824e-10 
73.3052595 9.58404e-10 
71.9478268 5.039618e-10 
74.6627439 8.525078e-10 
74.6630106 1.034395e-09 
76.0204499 1.21027e-09 
77.3782013 1.501766e-09 
77.3784607 7.670327e-10 
76.0207136 9.824269e-10 
78.7356493 1.032495e-09 
78.7359043 1.680107e-09 
80.0934009 1.48166e-09 
81.4511034 1.933627e-09 
80.0936523 1.617519e-09 
81.4513534 1.452651e-09 
82.8088518 2.208888e-09 
82.8090987 1.105257e-09 
85.5240601 1.996857e-09 
84.1663114 1.447091e-09 
84.1665528 2.385624e-09 
85.5242988 2.281644e-09 
86.8817607 2.57597e-09 
86.8819974 1.991781e-09 
89.5969767 1.761456e-09 
88.239507 2.962311e-09 
89.5972054 3.138829e-09 
88.2397406 1.525022e-09 
90.9547233 2.521917e-09 
90.9549492 3.02473e-09 
92.3124213 3.218086e-09 
93.6701655 3.741495e-09 
93.6703844 1.955463e-09 
92.3126438 2.582125e-09 
95.0276437 2.070797e-09 
95.0278599 3.873115e-09 
96.3853886 3.02685e-09 
97.7430826 3.794569e-09 
96.3856013 3.688667e-09 
97.7432911 3.078464e-09 
99.1008249 4.343945e-09 
99.1010285 2.265471e-09 
101.8160533 3.348437e-09 
100.4583102 2.335875e-09 
100.4585146 4.399757e-09 
101.8162531 4.058859e-09 
103.1737432 4.128454e-09 
103.1739376 3.314168e-09 
105.888975 2.44608e-09 
104.5314828 4.551739e-09 
105.8891677 4.522116e-09 
104.531671 2.353406e-09 
107.2467153 3.350049e-09 
107.2469022 4.014948e-09 
1.3493086 1.970552e-09 
-0.0084144 2.029707e-09 
-0.0081301 1.959831e-09 
1.3495877 1.192396e-09 
2.7070122 1.455686e-09 
2.7072951 4.876103e-10 
5.4221497 6.042303e-10 
4.0647524 9.115281e-10 
5.4224645 3.101596e-10 
4.065042 1.024358e-10 
6.7799006 3.179517e-10 
6.7802153 1.238802e-10 
8.1376195 6.504539e-11 
9.495378 1.545073e-10 
8.1379349 7.494887e-11 
9.4956908 5.491967e-11 
10.8527596 2.492696e-10 
10.8531024 1.398773e-10 
12.2105277 4.715389e-10 
13.5682574 4.165618e-10 
12.2108609 8.425952e-11 
13.5685769 6.271208e-11 
14.9260201 2.174102e-10 
14.9263247 1.753844e-10 
16.2833999 9.499048e-10 
17.6411676 4.882439e-10 
16.2837377 7.275727e-11 
17.6414858 1.407471e-10 
18.9988871 1.475728e-10 
18.9991863 4.528942e-10 
21.7140254 2.557927e-10 
20.3566365 9.283034e-11 
21.714338 2.950395e-10 
20.3569221 7.295421e-10 
23.0717771 8.88129e-11 
24.4294803 1.626165e-10 
23.0720752 4.457627e-10 
24.4297702 4.425959e-10 
25.7872203 1.984318e-10 
25.787509 2.449083e-10 
27.1446141 9.949552e-11 
28.5023583 1.048084e-10 
27.1449188 1.472864e-10 
28.5026626 3.78119e-11 
29.8600614 1.100087e-10 
29.8603701 3.957905e-11 
32.5751989 2.356902e-10 
31.2178109 1.806287e-10 
32.5755236 3.816032e-10 
31.2181239 1.119991e-10 
33.932955 5.295292e-10 
33.9332831 5.529487e-10 
35.290673 9.261743e-10 
36.6484377 1.140621e-09 
35.2910033 5.538798e-10 
36.6487633 3.447006e-10 
38.005819 1.260393e-09 
38.0061607 1.04267e-09 
39.3635889 1.471458e-09 
40.7213139 1.294399e-09 
39.3639234 6.533439e-10 
40.7216403 2.463439e-10 
42.0790787 8.195482e-10 
42.079391 2.883305e-11 
43.4364645 1.091992e-09 
44.7942309 6.807607e-10 
43.4367954 3.340395e-10 
44.7945473 6.508126e-11 
46.1519471 2.678613e-10 
46.1522536 5.941429e-12 
48.8670983 1.307165e-10 
47.5096999 6.831477e-11 
48.8674066 7.588197e-12 
47.5099963 3.751297e-11 
50.2248519 6.431616e-11 
50.2251518 9.922883e-12 
51.5825591 3.516526e-11 
52.9403067 1.648186e-11 
51.5828572 4.337112e-11 
52.9406042 8.971213e-11 
54.2977148 1.561575e-10 
54.2980146 3.381368e-11 
55.6554647 8.13774e-11 
57.0131746 4.800346e-11 
55.6557653 6.999418e-11 
57.0134779 1.565052e-10 
58.3709287 3.750328e-11 
58.371233 2.518315e-10 
59.7283409 1.163746e-10 
61.0860976 3.372062e-11 
59.7286436 1.029806e-10 
61.0864016 1.824819e-10 
62.4438139 5.679515e-11 
62.4441166 2.348615e-10 
65.1589918 5.398221e-11 
63.8015741 1.229776e-10 
65.1592898 1.998632e-10 
63.801873 2.894939e-10 
66.5167532 1.05155e-10 
66.5170477 3.245483e-10 
67.8744686 2.197954e-10 
69.2322274 4.496274e-10 
67.8747578 3.719588e-10 
69.23251 3.961979e-10 
70.5896558 2.295118e-10 
70.5899372 6.162893e-10 
71.9474146 5.224188e-10 
73.3051235 8.18074e-10 
71.9476904 7.564446e-10 
73.3053951 7.574007e-10 
74.6628772 1.133576e-09 
74.6631434 6.284547e-10 
76.0203188 7.552316e-10 
77.3780724 1.184473e-09 
76.0205816 1.322483e-09 
77.378331 1.320526e-09 
78.7357763 1.587426e-09 
78.736033 1.212638e-09 
81.4509801 1.261839e-09 
81.451228 2.0302e-09 
80.093526 1.856504e-09 
80.0937791 9.248743e-10 
82.8087299 1.744563e-09 
82.808975 1.935962e-09 
84.1664315 2.257317e-09 
85.5241788 2.575207e-09 
84.166675 1.711059e-09 
85.5244193 1.307426e-09 
86.8816437 1.607311e-09 
86.8818787 2.755622e-09 
88.2393912 2.254964e-09 
89.5970908 2.896785e-09 
88.2396237 2.649664e-09 
89.5973204 2.288027e-09 
90.954836 3.358339e-09 
90.9550624 1.746852e-09 
92.3123101 1.916667e-09 
93.6700558 2.785401e-09 
92.3125325 3.51822e-09 
93.6702752 3.380782e-09 
95.0277519 3.524017e-09 
95.0279674 2.852948e-09 
97.7429771 2.214993e-09 
96.3854952 4.079508e-09 
97.7431873 4.175468e-09 
96.3857065 2.133743e-09 
99.1007211 3.221827e-09 
99.1009274 3.920779e-09 
100.4584131 4.003208e-09 
101.8161541 4.505923e-09 
100.4586146 3.237751e-09 
101.8163501 2.341087e-09 
103.1736429 2.41772e-09 
103.1738415 4.519713e-09 
104.5313848 3.391053e-09 
105.8890727 4.149333e-09 
104.5315782 4.091498e-09 
105.8892599 3.30119e-09 
107.2468104 4.477388e-09 
107.2469909 2.300821e-09 
-0.0082669 2.198049e-09 
-0.0079979 1.204358e-09 
2.7068588 1.488005e-09 
2.7071559 1.069802e-09 
5.4223113 4.980372e-10 
5.4226122 1.232704e-10 
8.1374491 4.770789e-11 
8.137781 7.84163e-11 
10.8529364 2.115741e-10 
10.8532583 7.775629e-11 
13.5680785 7.710253e-10 
13.5684232 1.40576e-10 
16.2835761 3.438463e-10 
16.2838865 1.809732e-10 
18.9987172 6.48115e-10 
18.9990425 1.293251e-10 
21.714188 9.726032e-11 
21.714479 6.159718e-10 
24.4293233 9.650816e-11 
24.429628 3.239507e-10 
27.1447693 1.461126e-10 
27.1450658 1.158288e-10 
29.8599038 1.041896e-10 
29.8602163 7.547958e-11 
32.5753621 3.597052e-10 
32.5756836 2.982386e-10 
35.2905038 6.879534e-10 
35.2908398 8.605368e-10 
38.005992 1.37776e-09 
38.0063239 5.057766e-10 
40.721141 1.461424e-09 
40.7214807 7.689312e-10 
43.4366334 7.745534e-10 
43.4369499 4.823544e-11 
46.1517843 4.973338e-10 
46.1521034 6.755989e-11 
48.8672547 4.818902e-11 
48.8675546 2.531112e-11 
51.5824073 8.709065e-11 
51.5827089 1.953563e-11 
54.2978644 5.355113e-11 
54.2981646 8.491285e-11 
57.013025 1.659488e-10 
57.013326 6.25082e-11 
59.7284912 4.479212e-11 
59.7287959 2.124967e-10 
62.4436636 6.906083e-11 
62.4439656 1.387084e-10 
65.1591405 9.833003e-11 
65.1594377 2.700036e-10 
67.8743233 9.484386e-11 
67.874614 3.50573e-10 
70.5897965 4.659331e-10 
70.5900768 5.449719e-10 
73.3049877 4.657747e-10 
73.3052595 9.581751e-10 
76.0204499 1.209776e-09 
76.0207136 9.824567e-10 
78.7356493 1.031925e-09 
78.7359043 1.679983e-09 
81.4511034 1.933131e-09 
81.4513534 1.452669e-09 
84.1663114 1.446506e-09 
84.1665528 2.385333e-09 
86.8817607 2.575455e-09 
86.8819974 1.991819e-09 
89.5969767 1.761244e-09 
89.5972054 3.138126e-09 
92.3124213 3.2172e-09 
92.3126438 2.582324e-09 
95.0276437 2.070831e-09 
95.0278599 3.872159e-09 
97.7430826 3.793421e-09 
97.7432911 3.078791e-09 
100.4583102 2.335885e-09 
100.4585146 4.39888e-09 
103.1737432 4.127697e-09 
103.1739376 3.314364e-09 
105.888975 2.445953e-09 
105.8891677 4.521639e-09 
-0.0084144 2.029451e-09 
1.3494509 1.842761e-09 
-0.0081301 1.959458e-09 
1.3497246 4.181113e-10 
2.7070122 1.455671e-09 
2.7072951 4.875557e-10 
4.0646018 1.142888e-09 
5.4221497 6.045526e-10 
5.4224645 3.100337e-10 
4.0648979 4.622674e-10 
6.780061 2.510069e-10 
6.7803656 5.160292e-11 
9.4952097 1.551452e-10 
8.1376195 6.502783e-11 
9.4955381 9.648402e-11 
8.1379349 7.497886e-11 
10.8527596 2.490351e-10 
10.8531024 1.399736e-10 
13.5682574 4.164224e-10 
12.2106997 2.598503e-10 
12.211012 4.751365e-11 
13.5685769 6.276403e-11 
14.9258492 6.666205e-10 
14.9261781 4.539932e-11 
16.2833999 9.496018e-10 
16.2837377 7.280651e-11 
17.6413333 8.808119e-11 
17.6416274 4.853492e-10 
18.9988871 1.474914e-10 
18.9991863 4.530099e-10 
20.3564775 1.971227e-10 
21.7140254 2.558851e-10 
21.714338 2.952228e-10 
20.3567837 3.614632e-10 
24.4294803 1.626696e-10 
23.0719307 2.035315e-10 
24.4297701 4.427439e-10 
23.0722139 6.201632e-10 
25.7870689 1.158169e-10 
25.7873661 2.506177e-10 
27.1446141 9.949325e-11 
27.1449188 1.473968e-10 
28.5025118 8.38449e-11 
28.5028118 7.681492e-12 
29.8600614 1.100591e-10 
29.8603701 3.952836e-11 
31.2176521 1.579996e-10 
32.5751989 2.357679e-10 
32.5755236 3.815498e-10 
31.2179682 1.601678e-10 
33.9331201 6.434217e-10 
33.9334427 3.268938e-10 
36.6482683 1.125722e-09 
35.290673 9.261564e-10 
36.6486033 7.980758e-10 
35.2910033 5.537235e-10 
38.005819 1.260336e-09 
38.0061607 1.042879e-09 
40.7213139 1.294489e-09 
39.3637592 1.212243e-09 
40.7216403 2.462621e-10 
39.3640804 1.723611e-10 
42.0789115 1.249537e-09 
42.0792388 3.078199e-10 
43.4364645 1.091954e-09 
43.4367954 3.341665e-10 
44.7943926 3.347295e-10 
44.7946953 1.059655e-11 
46.1519471 2.679024e-10 
46.1522536 5.926837e-12 
47.5095442 2.208667e-10 
48.8670983 1.307493e-10 
48.8674066 7.584141e-12 
47.5098503 1.069997e-12 
50.2250032 1.154597e-11 
50.2252981 5.189443e-11 
52.9401573 7.451217e-11 
51.5825591 3.518324e-11 
52.9404558 2.814195e-11 
51.5828572 4.335612e-11 
54.2977148 1.561143e-10 
54.2980146 3.382831e-11 
57.0131746 4.804312e-11 
55.6556145 2.03059e-11 
57.0134779 1.565488e-10 
55.6559161 1.7272e-10 
58.3707776 5.416996e-11 
58.3710811 1.321526e-10 
59.7283409 1.163246e-10 
59.7286436 1.030117e-10 
61.0862492 7.135665e-11 
61.0865527 2.837287e-10 
62.4438139 5.677417e-11 
62.4441166 2.349299e-10 
63.8014235 4.334914e-11 
65.1589918 5.393359e-11 
65.1592898 1.99792e-10 
63.8017246 2.284614e-10 
66.5169009 2.328889e-10 
66.5171923 3.202615e-10 
69.2320842 2.594652e-10 
67.8744686 2.197035e-10 
69.2323697 5.067855e-10 
67.8747578 3.71942e-10 
70.5896558 2.294581e-10 
70.5899372 6.160361e-10 
73.3051235 8.17893e-10 
71.9475528 7.672215e-10 
73.3053951 7.572828e-10 
71.9478268 5.040416e-10 
74.6627439 8.521784e-10 
74.6630106 1.034244e-09 
76.0203188 7.550065e-10 
76.0205816 1.322316e-09 
77.3782013 1.501609e-09 
77.3784607 7.670487e-10 
78.7357763 1.587285e-09 
78.736033 1.21247e-09 
80.0934009 1.481158e-09 
81.4509801 1.261421e-09 
81.451228 2.030199e-09 
80.0936523 1.617429e-09 
82.8088518 2.208778e-09 
82.8090987 1.10531e-09 
85.5240601 1.996388e-09 
84.1664315 2.257225e-09 
85.5242988 2.281519e-09 
84.166675 1.710955e-09 
86.8816437 1.606875e-09 
86.8818787 2.755564e-09 
89.5970908 2.896392e-09 
88.239507 2.961854e-09 
89.5973204 2.288158e-09 
88.2397406 1.525242e-09 
90.9547233 2.521472e-09 
90.9549492 3.02457e-09 
92.3123101 1.916393e-09 
92.3125325 3.517914e-09 
93.6701655 3.740498e-09 
93.6703844 1.955914e-09 
95.0277519 3.52311e-09 
95.0279674 2.853364e-09 
96.3853886 3.026343e-09 
97.7429771 2.214961e-09 
97.7431873 4.174842e-09 
96.3856013 3.68851e-09 
99.1008249 4.342767e-09 
99.1010285 2.266028e-09 
101.8160533 3.348077e-09 
100.4584131 4.00235e-09 
101.8162531 4.058714e-09 
100.4586146 3.238202e-09 
103.1736429 2.41782e-09 
103.1738415 4.51903e-09 
105.8890727 4.149041e-09 
104.5314828 4.551e-09 
105.8892599 3.301355e-09 
104.531671 2.353736e-09 
107.2467153 3.349829e-09 
107.2469022 4.014877e-09 
1.3493086 1.970488e-09 
1.3495877 1.192331e-09 
4.0647524 9.114134e-10 
4.065042 1.024474e-10 
6.7799006 3.179793e-10 
6.7802153 1.238462e-10 
9.495378 1.545062e-10 
9.4956908 5.493601e-11 
12.2105277 4.71257e-10 
12.2108609 8.432189e-11 
14.9260201 2.173708e-10 
14.9263247 1.753992e-10 
17.6411676 4.8803e-10 
17.6414858 1.408068e-10 
20.3566365 9.287688e-11 
20.3569221 7.295159e-10 
23.0717771 8.880124e-11 
23.0720752 4.459087e-10 
25.7872203 1.986041e-10 
25.787509 2.449226e-10 
28.5023583 1.048823e-10 
28.5026626 3.779067e-11 
31.2178109 1.806264e-10 
31.2181239 1.11908e-10 
33.932955 5.29522e-10 
33.9332831 5.529489e-10 
36.6484377 1.140853e-09 
36.6487633 3.444562e-10 
39.3635889 1.471625e-09 
39.3639234 6.533887e-10 
42.0790787 8.197955e-10 
42.079391 2.878356e-11 
44.7942309 6.808927e-10 
44.7945473 6.509508e-11 
47.5096999 6.830449e-11 
47.5099963 3.751056e-11 
50.2248519 6.426353e-11 
50.2251518 9.913223e-12 
52.9403067 1.648623e-11 
52.9406042 8.971916e-11 
55.6554647 8.141719e-11 
55.6557653 7.003126e-11 
58.3709287 3.750239e-11 
58.371233 2.519171e-10 
61.0860976 3.3741e-11 
61.0864016 1.825628e-10 
63.8015741 1.228739e-10 
63.801873 2.895971e-10 
66.5167533 1.051328e-10 
66.5170477 3.244905e-10 
69.2322274 4.494413e-10 
69.23251 3.962243e-10 
71.9474146 5.223771e-10 
71.9476904 7.562277e-10 
74.6628772 1.133569e-09 
74.6631434 6.283394e-10 
77.3780724 1.184487e-09 
77.378331 1.320276e-09 
80.093526 1.856717e-09 
80.0937791 9.24702e-10 
82.8087299 1.744549e-09 
82.808975 1.935868e-09 
85.5241788 2.57543e-09 
85.5244193 1.30732e-09 
88.2393912 2.254669e-09 
88.2396237 2.649812e-09 
90.954836 3.358255e-09 
90.9550624 1.746975e-09 
93.6700558 2.784882e-09 
93.6702752 3.381041e-09 
96.3854952 4.078906e-09 
96.3857065 2.134193e-09 
99.1007211 3.221527e-09 
99.1009274 3.920888e-09 
101.8161541 4.505165e-09 
101.8163501 2.341635e-09 
104.5313848 3.391088e-09 
104.5315782 4.091436e-09 
107.2468104 4.47714e-09 
107.2469909 2.301081e-09 
-0.0082669 2.197666e-09 
1.3494509 1.842726e-09 
1.3497246 4.181804e-10 
-0.0079979 1.204357e-09 
2.7068588 1.488213e-09 
2.7071559 1.069653e-09 
4.0646018 1.142996e-09 
5.4223113 4.980067e-10 
4.0648979 4.622228e-10 
5.4226122 1.232289e-10 
6.780061 2.508482e-10 
6.7803656 5.158613e-11 
8.1374491 4.774838e-11 
9.4952097 1.550314e-10 
8.137781 7.837541e-11 
9.4955381 9.649421e-11 
10.8529364 2.115027e-10 
10.8532583 7.778042e-11 
13.5680785 7.707235e-10 
12.2106997 2.598258e-10 
13.5684232 1.406242e-10 
12.211012 4.752882e-11 
14.9258492 6.663616e-10 
14.9261781 4.545278e-11 
16.2835761 3.436241e-10 
17.6413333 8.801953e-11 
16.2838865 1.810221e-10 
17.6416274 4.853149e-10 
18.9987172 6.480692e-10 
18.9990425 1.294098e-10 
20.3564775 1.9697e-10 
21.714188 9.722278e-11 
20.3567837 3.614978e-10 
21.714479 6.160139e-10 
24.4293233 9.653558e-11 
24.429628 3.241063e-10 
23.0719307 2.036773e-10 
23.0722139 6.200468e-10 
25.7870689 1.159051e-10 
25.7873661 2.505556e-10 
27.1447693 1.462176e-10 
28.5025118 8.386327e-11 
27.1450658 1.158333e-10 
28.5028118 7.683504e-12 
29.8599038 1.04228e-10 
29.8602163 7.542181e-11 
31.2176521 1.580179e-10 
32.5753621 3.597089e-10 
31.2179682 1.601648e-10 
32.5756836 2.981151e-10 
33.9331201 6.435954e-10 
33.9334427 3.267123e-10 
35.2905038 6.879183e-10 
36.6482683 1.125888e-09 
35.2908398 8.606522e-10 
36.6486033 7.980486e-10 
38.005992 1.378029e-09 
38.0063239 5.055934e-10 
40.721141 1.461425e-09 
40.7214807 7.69151e-10 
39.3637592 1.212608e-09 
39.3640804 1.72251e-10 
42.0789115 1.249875e-09 
42.0792388 3.07816e-10 
43.4366334 7.747963e-10 
44.7943926 3.348168e-10 
43.4369499 4.820519e-11 
44.7946953 1.060084e-11 
46.1517843 4.973454e-10 
46.1521034 6.760448e-11 
47.5095442 2.208449e-10 
48.8672547 4.819598e-11 
47.5098503 1.077324e-12 
48.8675546 2.529258e-11 
50.2250032 1.152979e-11 
50.2252981 5.187448e-11 
51.5824073 8.711125e-11 
52.9401572 7.453511e-11 
51.582709 1.953504e-11 
52.9404558 2.814719e-11 
54.2978644 5.359333e-11 
54.2981646 8.494781e-11 
57.013025 1.660399e-10 
57.013326 6.257819e-11 
55.6556144 2.031365e-11 
55.6559161 1.727628e-10 
58.3707776 5.425551e-11 
58.3710811 1.32268e-10 
59.7284912 4.481815e-11 
61.0862492 7.134706e-11 
59.7287959 2.125887e-10 
61.0865527 2.837695e-10 
62.4436636 6.909465e-11 
62.4439656 1.387726e-10 
63.8014235 4.337233e-11 
65.1591405 9.831041e-11 
63.8017246 2.285084e-10 
65.1594377 2.700284e-10 
66.5169009 2.327914e-10 
66.5171923 3.202574e-10 
67.8743233 9.489187e-11 
69.2320842 2.595441e-10 
67.874614 3.504473e-10 
69.2323697 5.066909e-10 
70.5897965 4.659209e-10 
70.5900768 5.448498e-10 
73.3049877 4.658148e-10 
73.3052595 9.580155e-10 
71.9475528 7.672727e-10 
71.9478268 5.038831e-10 
74.6627439 8.524527e-10 
74.6630106 1.033984e-09 
76.0204499 1.209977e-09 
77.3782013 1.501972e-09 
76.0207136 9.821739e-10 
77.3784607 7.667753e-10 
78.7356493 1.031927e-09 
78.7359043 1.679992e-09 
80.0934009 1.481714e-09 
81.4511034 1.933493e-09 
80.0936523 1.617197e-09 
81.4513534 1.452405e-09 
82.8088518 2.20929e-09 
82.8090987 1.105007e-09 
84.1663114 1.446371e-09 
85.5240601 1.996656e-09 
84.1665528 2.385619e-09 
85.5242988 2.281692e-09 
86.8817607 2.575653e-09 
86.8819974 1.991772e-09 
89.5969767 1.760867e-09 
89.5972054 3.138575e-09 
88.239507 2.962484e-09 
88.2397406 1.524998e-09 
90.9547233 2.521184e-09 
90.9549492 3.025116e-09 
92.3124212 3.216995e-09 
93.6701655 3.740947e-09 
92.3126438 2.582584e-09 
93.6703844 1.955931e-09 
95.0276437 2.070532e-09 
95.0278599 3.872352e-09 
96.3853886 3.026091e-09 
97.7430826 3.792994e-09 
96.3856013 3.688998e-09 
97.7432911 3.079241e-09 
99.1008249 4.342707e-09 
99.1010285 2.266368e-09 
100.4583102 2.33598e-09 
101.8160533 3.348287e-09 
100.4585146 4.398587e-09 
101.8162531 4.058863e-09 
103.1737432 4.1275e-09 
103.1739376 3.314706e-09 
105.888975 2.446167e-09 
105.8891677 4.521326e-09 
104.5314828 4.550833e-09 
104.531671 2.354106e-09 
107.2467153 3.350092e-09 
107.2469022 4.014855e-09 
-0.0084144 2.029309e-09 
-0.0081301 1.959351e-09 
2.7070122 1.455688e-09 
2.7072951 4.875856e-10 
5.4221497 6.047235e-10 
5.4224645 3.098807e-10 
8.1376195 6.494136e-11 
8.1379349 7.49455e-11 
10.8527596 2.489615e-10 
10.8531024 1.399622e-10 
13.5682574 4.162716e-10 
13.5685769 6.279496e-11 
16.2833999 9.494679e-10 
16.2837377 7.283572e-11 
18.9988871 1.473165e-10 
18.9991863 4.529794e-10 
21.7140254 2.558621e-10 
21.714338 2.953171e-10 
24.4294803 1.627749e-10 
24.4297701 4.426216e-10 
27.1446141 9.954785e-11 
27.1449188 1.473438e-10 
29.8600614 1.100524e-10 
29.8603701 3.952472e-11 
32.5751989 2.357148e-10 
32.5755236 3.815797e-10 
35.290673 9.263518e-10 
35.2910033 5.535569e-10 
38.005819 1.260305e-09 
38.0061607 1.043032e-09 
40.7213139 1.294953e-09 
40.7216403 2.461726e-10 
43.4364645 1.092057e-09 
43.4367954 3.342445e-10 
46.1519471 2.680048e-10 
46.1522536 5.930925e-12 
48.8670983 1.307062e-10 
48.8674066 7.592661e-12 
51.5825591 3.517989e-11 
51.5828572 4.335592e-11 
54.2977148 1.562654e-10 
54.2980146 3.385693e-11 
57.0131746 4.808214e-11 
57.0134779 1.56635e-10 
59.7283409 1.164916e-10 
59.7286436 1.03136e-10 
62.4438139 5.679716e-11 
62.4441166 2.349735e-10 
65.1589918 5.402115e-11 
65.1592898 1.998173e-10 
67.8744686 2.19741e-10 
67.8747578 3.71899e-10 
70.5896558 2.296148e-10 
70.5899372 6.160086e-10 
73.3051235 8.181819e-10 
73.3053951 7.570516e-10 
76.0203188 7.552539e-10 
76.0205816 1.322339e-09 
78.7357763 1.587948e-09 
78.736033 1.212148e-09 
81.4509801 1.261765e-09 
81.451228 2.030419e-09 
84.1664315 2.257846e-09 
84.166675 1.710781e-09 
86.8816437 1.606894e-09 
86.8818787 2.756276e-09 
89.5970907 2.896781e-09 
89.5973204 2.288197e-09 
92.3123101 1.916024e-09 
92.3125325 3.518845e-09 
95.0277519 3.523425e-09 
95.0279674 2.853566e-09 
97.7429771 2.214799e-09 
97.7431873 4.175355e-09 
100.4584131 4.002639e-09 
100.4586146 3.238459e-09 
103.1736429 2.418094e-09 
103.1738415 4.519081e-09 
105.8890727 4.149277e-09 
105.8892599 3.301531e-09 
1.3493086 1.97049e-09 
-0.0082669 2.197709e-09 
1.3495877 1.192478e-09 
-0.0079979 1.204466e-09 
2.7068588 1.488194e-09 
2.7071559 1.069669e-09 
5.4223113 4.979052e-10 
4.0647524 9.113268e-10 
4.065042 1.024595e-10 
5.4226122 1.232382e-10 
6.7799006 3.178917e-10 
6.7802153 1.238043e-10 
8.1374491 4.7768e-11 
8.137781 7.828934e-11 
9.495378 1.544107e-10 
9.4956908 5.488665e-11 
10.8529364 2.114666e-10 
10.8532583 7.773966e-11 
12.2105277 4.712649e-10 
13.5680785 7.708115e-10 
13.5684232 1.405873e-10 
12.2108609 8.430574e-11 
14.9260201 2.172931e-10 
14.9263247 1.754105e-10 
17.6411676 4.878608e-10 
16.2835761 3.435096e-10 
17.6414858 1.408318e-10 
16.2838865 1.810074e-10 
18.9987172 6.480507e-10 
18.9990425 1.294323e-10 
21.714188 9.720775e-11 
20.3566365 9.288696e-11 
20.3569221 7.29365e-10 
21.714479 6.157925e-10 
23.0717771 8.877019e-11 
24.4293233 9.653048e-11 
24.429628 3.239955e-10 
23.0720752 4.45723e-10 
25.7872203 1.986298e-10 
25.787509 2.448491e-10 
28.5023583 1.04957e-10 
27.1447693 1.462508e-10 
28.5026626 3.773431e-11 
27.1450658 1.157567e-10 
29.8599038 1.042347e-10 
29.8602163 7.539177e-11 
32.5753621 3.597248e-10 
31.2178109 1.806526e-10 
31.2181239 1.118879e-10 
32.5756836 2.981183e-10 
33.932955 5.295771e-10 
33.9332831 5.529493e-10 
35.2905038 6.878009e-10 
36.6484377 1.141153e-09 
35.2908398 8.607228e-10 
36.6487633 3.443853e-10 
38.005992 1.378422e-09 
38.0063239 5.055042e-10 
39.3635889 1.471978e-09 
40.721141 1.461569e-09 
40.7214807 7.691347e-10 
39.3639234 6.533031e-10 
42.0790787 8.199535e-10 
42.079391 2.87979e-11 
44.7942309 6.810163e-10 
43.4366334 7.750441e-10 
44.7945473 6.510926e-11 
43.4369499 4.821891e-11 
46.1517843 4.973379e-10 
46.1521034 6.763163e-11 
48.8672547 4.819047e-11 
47.5096999 6.831622e-11 
47.5099963 3.748512e-11 
48.8675546 2.528717e-11 
50.2248519 6.423048e-11 
50.2251518 9.899567e-12 
51.5824073 8.713622e-11 
52.9403067 1.647449e-11 
51.5827089 1.9528e-11 
52.9406042 8.973062e-11 
54.2978644 5.359851e-11 
54.2981646 8.499297e-11 
55.6554647 8.152588e-11 
57.013025 1.662862e-10 
57.013326 6.265213e-11 
55.6557653 7.01013e-11 
58.3709287 3.751745e-11 
58.371233 2.519106e-10 
61.0860976 3.379014e-11 
59.7284912 4.483987e-11 
61.0864016 1.82654e-10 
59.7287959 2.126229e-10 
62.4436636 6.9231e-11 
62.4439656 1.388633e-10 
65.1591405 9.836304e-11 
63.8015741 1.228878e-10 
63.801873 2.895402e-10 
65.1594377 2.700143e-10 
66.5167533 1.052171e-10 
66.5170477 3.245084e-10 
67.8743233 9.503081e-11 
69.2322274 4.495161e-10 
67.874614 3.505328e-10 
69.23251 3.960815e-10 
70.5897965 4.661279e-10 
70.5900768 5.447663e-10 
71.9474146 5.22658e-10 
73.3049877 4.660833e-10 
73.3052595 9.581636e-10 
71.9476904 7.561558e-10 
74.6628772 1.133928e-09 
74.6631434 6.280826e-10 
77.3780724 1.1852e-09 
76.0204499 1.21059e-09 
77.378331 1.320053e-09 
76.0207136 9.819604e-10 
78.7356493 1.032455e-09 
78.7359043 1.680118e-09 
81.4511034 1.934254e-09 
80.093526 1.857232e-09 
80.0937791 9.243964e-10 
81.4513534 1.45223e-09 
82.8087299 1.745361e-09 
82.808975 1.935862e-09 
84.1663114 1.446888e-09 
85.5241788 2.576155e-09 
84.1665528 2.386065e-09 
85.5244193 1.306955e-09 
86.8817607 2.576265e-09 
86.8819974 1.991712e-09 
88.2393912 2.254903e-09 
89.5969767 1.760877e-09 
89.5972054 3.139577e-09 
88.2396237 2.650306e-09 
90.954836 3.359306e-09 
90.9550624 1.746624e-09 
93.6700558 2.784816e-09 
92.3124212 3.21774e-09 
93.6702752 3.381719e-09 
92.3126438 2.582535e-09 
95.0276437 2.070282e-09 
95.0278599 3.873427e-09 
97.7430826 3.793907e-09 
96.3854952 4.079823e-09 
96.3857065 2.134057e-09 
97.7432911 3.079194e-09 
99.1007211 3.221792e-09 
99.1009274 3.921306e-09 
100.4583102 2.336029e-09 
101.8161541 4.505605e-09 
100.4585146 4.399267e-09 
101.8163501 2.341735e-09 
103.1737432 4.128133e-09 
103.1739376 3.314728e-09 
104.5313848 3.391575e-09 
105.888975 2.446435e-09 
105.8891677 4.521619e-09 
104.5315782 4.091523e-09 
107.2468104 4.47736e-09 
107.2469909 2.301289e-09 
1.3494509 1.843018e-09 
1.3497246 4.181749e-10 
4.0646018 1.142822e-09 
4.0648979 4.62313e-10 
6.780061 2.507602e-10 
6.7803656 5.154547e-11 
9.4952097 1.551047e-10 
9.4955381 9.641184e-11 
12.2106997 2.597636e-10 
12.211012 4.751054e-11 
14.9258492 6.664814e-10 
14.9261781 4.54636e-11 
17.6413333 8.797379e-11 
17.6416274 4.852746e-10 
20.3564775 1.968674e-10 
20.3567837 3.613399e-10 
23.0719307 2.036414e-10 
23.072214 6.198992e-10 
25.7870689 1.159499e-10 
25.7873661 2.503402e-10 
28.5025118 8.378561e-11 
28.5028118 7.681737e-12 
31.2176521 1.580144e-10 
31.2179682 1.602216e-10 
33.9331201 6.437341e-10 
33.9334427 3.267706e-10 
36.6482683 1.126073e-09 
36.6486033 7.979594e-10 
39.3637592 1.212695e-09 
39.3640804 1.723283e-10 
42.0789115 1.250047e-09 
42.0792388 3.077604e-10 
44.7943926 3.348147e-10 
44.7946953 1.059723e-11 
47.5095442 2.208147e-10 
47.5098503 1.085289e-12 
50.2250032 1.154203e-11 
50.2252981 5.186724e-11 
52.9401572 7.459688e-11 
52.9404558 2.815698e-11 
55.6556144 2.029741e-11 
55.6559161 1.727474e-10 
58.3707776 5.431678e-11 
58.3710811 1.32328e-10 
61.0862492 7.139911e-11 
61.0865527 2.836708e-10 
63.8014235 4.342305e-11 
63.8017246 2.285383e-10 
66.5169009 2.32911e-10 
66.5171923 3.2012e-10 
69.2320842 2.597106e-10 
69.2323697 5.067662e-10 
71.9475528 7.675665e-10 
71.9478268 5.037082e-10 
74.6627439 8.529752e-10 
74.6630106 1.033978e-09 
77.3782013 1.502335e-09 
77.3784607 7.665869e-10 
80.0934009 1.482546e-09 
80.0936523 1.61715e-09 
82.8088518 2.209737e-09 
82.8090987 1.104767e-09 
85.5240601 1.99728e-09 
85.5242988 2.281912e-09 
88.239507 2.963332e-09 
88.2397406 1.524631e-09 
90.9547233 2.521473e-09 
90.9549492 3.02562e-09 
93.6701655 3.742205e-09 
93.6703844 1.955486e-09 
96.3853886 3.026438e-09 
96.3856013 3.689466e-09 
99.1008249 4.343856e-09 
99.1010285 2.266019e-09 
101.8160533 3.348773e-09 
101.8162531 4.059091e-09 
104.5314828 4.551478e-09 
104.531671 2.354007e-09 
107.2467153 3.35047e-09 
107.2469022 4.01491e-09 
1.3493086 1.970555e-09 
-0.0084144 2.029478e-09 
-0.0081301 1.959659e-09 
1.3495877 1.192632e-09 
2.7070122 1.455714e-09 
2.7072951 4.876589e-10 
5.4221497 6.045071e-10 
4.0647524 9.113887e-10 
5.4224645 3.099123e-10 
4.065042 1.024553e-10 
6.7799006 3.178106e-10 
6.7802153 1.238126e-10 
8.1376195 6.490519e-11 
9.495378 1.543533e-10 
8.1379349 7.489492e-11 
9.4956908 5.483985e-11 
10.8527596 2.491503e-10 
10.8531024 1.398594e-10 
12.2105277 4.715514e-10 
13.5682574 4.163171e-10 
12.2108609 8.423345e-11 
13.5685769 6.276209e-11 
14.9260201 2.172839e-10 
14.9263247 1.75403e-10 
16.2833999 9.496896e-10 
17.6411676 4.87972e-10 
16.2837377 7.280435e-11 
17.6414858 1.407876e-10 
18.9988871 1.472902e-10 
18.9991863 4.528446e-10 
21.7140254 2.55754e-10 
20.3566365 9.284694e-11 
21.714338 2.951921e-10 
20.3569221 7.292971e-10 
23.0717771 8.876229e-11 
24.4294803 1.627873e-10 
23.0720752 4.454612e-10 
24.4297702 4.423988e-10 
25.7872203 1.984732e-10 
25.787509 2.447899e-10 
27.1446141 9.958422e-11 
28.5023583 1.049289e-10 
27.1449188 1.472004e-10 
28.5026626 3.772094e-11 
29.8600614 1.099974e-10 
29.8603701 3.957309e-11 
32.5751989 2.356048e-10 
31.2178109 1.806716e-10 
32.5755236 3.81648e-10 
31.2181239 1.119676e-10 
33.932955 5.296241e-10 
33.9332831 5.529478e-10 
35.290673 9.264924e-10 
36.6484377 1.1411e-09 
35.2910033 5.536141e-10 
36.6487633 3.445864e-10 
38.005819 1.260355e-09 
38.0061607 1.042919e-09 
39.3635889 1.472031e-09 
40.7213139 1.29514e-09 
39.3639234 6.53212e-10 
40.7216403 2.461959e-10 
42.0790787 8.198095e-10 
42.079391 2.885526e-11 
43.4364645 1.092146e-09 
44.7942309 6.809438e-10 
43.4367954 3.3417e-10 
44.7945473 6.510242e-11 
46.1519471 2.680328e-10 
46.1522536 5.947953e-12 
48.8670983 1.306471e-10 
47.5096999 6.833584e-11 
48.8674066 7.602214e-12 
47.5099963 3.747076e-11 
50.2248519 6.426364e-11 
50.2251518 9.901067e-12 
51.5825591 3.516089e-11 
52.9403067 1.64659e-11 
51.5828572 4.337033e-11 
52.9406042 8.973001e-11 
54.2977148 1.563899e-10 
54.2980146 3.38591e-11 
55.6554647 8.155492e-11 
57.0131746 4.806913e-11 
55.6557653 7.010932e-11 
57.0134779 1.566435e-10 
58.3709287 3.752709e-11 
58.371233 2.51818e-10 
59.7283409 1.166558e-10 
61.0860976 3.380655e-11 
59.7286436 1.031825e-10 
61.0864016 1.826261e-10 
62.4438138 5.683043e-11 
62.4441166 2.349314e-10 
65.1589918 5.412355e-11 
63.8015741 1.229994e-10 
65.1592898 1.999055e-10 
63.801873 2.894042e-10 
66.5167532 1.052772e-10 
66.5170477 3.245778e-10 
67.8744686 2.198568e-10 
69.2322274 4.497663e-10 
67.8747578 3.718875e-10 
69.23251 3.959675e-10 
70.5896558 2.297507e-10 
70.5899372 6.162412e-10 
71.9474146 5.228805e-10 
73.3051235 8.185548e-10 
71.9476904 7.563145e-10 
73.3053951 7.570315e-10 
74.6628772 1.134139e-09 
74.6631434 6.28045e-10 
76.0203188 7.556508e-10 
77.3780724 1.18567e-09 
76.0205816 1.322514e-09 
77.378331 1.320181e-09 
78.7357763 1.58848e-09 
78.736033 1.212118e-09 
81.4509801 1.262402e-09 
80.093526 1.857317e-09 
81.451228 2.030572e-09 
80.0937791 9.243708e-10 
82.8087299 1.745821e-09 
82.808975 1.935958e-09 
84.1664315 2.258323e-09 
85.5241788 2.576421e-09 
84.166675 1.71077e-09 
85.5244193 1.306837e-09 
86.8816437 1.60732e-09 
86.8818787 2.756764e-09 
88.2393912 2.255351e-09 
89.5970908 2.897435e-09 
88.2396237 2.65044e-09 
89.5973204 2.288094e-09 
90.954836 3.360027e-09 
90.9550624 1.746293e-09 
92.3123101 1.916078e-09 
93.6700558 2.785326e-09 
92.3125325 3.51972e-09 
93.6702752 3.381891e-09 
95.0277519 3.524511e-09 
95.0279674 2.853275e-09 
97.7429771 2.214747e-09 
96.3854952 4.080972e-09 
97.7431873 4.176312e-09 
96.3857065 2.133512e-09 
99.1007211 3.222233e-09 
99.1009274 3.921468e-09 
100.4584131 4.003669e-09 
101.8161541 4.506646e-09 
100.4586146 3.238167e-09 
101.8163501 2.341249e-09 
103.1736429 2.418154e-09 
103.1738415 4.519784e-09 
104.5313848 3.391844e-09 
105.8890727 4.149733e-09 
104.5315782 4.091623e-09 
105.8892599 3.301476e-09 
107.2468104 4.477758e-09 
107.2469909 2.301165e-09 
-0.0082669 2.19812e-09 
-0.0079979 1.204534e-09 
2.7068588 1.487972e-09 
2.7071559 1.069827e-09 
5.4223113 4.978733e-10 
5.4226122 1.232854e-10 
8.1374491 4.773989e-11 
8.137781 7.827684e-11 
10.8529364 2.115162e-10 
10.8532583 7.769032e-11 
13.5680785 7.711666e-10 
13.5684232 1.40516e-10 
16.2835761 3.436614e-10 
16.2838865 1.809494e-10 
18.9987172 6.480869e-10 
18.9990425 1.293614e-10 
21.714188 9.723637e-11 
21.714479 6.156131e-10 
24.4293233 9.649896e-11 
24.429628 3.237708e-10 
27.1447693 1.461663e-10 
27.1450658 1.157056e-10 
29.8599038 1.042007e-10 
29.8602163 7.543131e-11 
32.5753621 3.597333e-10 
32.5756836 2.982447e-10 
35.2905038 6.877665e-10 
35.2908398 8.606452e-10 
38.005992 1.378391e-09 
38.0063239 5.056348e-10 
40.721141 1.461669e-09 
40.7214807 7.689124e-10 
43.4366334 7.749485e-10 
43.4369499 4.825554e-11 
46.1517843 4.973053e-10 
46.1521034 6.760337e-11 
48.8672547 4.81825e-11 
48.8675546 2.530196e-11 
51.5824073 8.71297e-11 
51.5827089 1.952648e-11 
54.2978644 5.356361e-11 
54.2981646 8.498663e-11 
57.013025 1.66335e-10 
57.013326 6.262808e-11 
59.7284912 4.48299e-11 
59.7287959 2.125478e-10 
62.4436636 6.929549e-11 
62.4439656 1.388557e-10 
65.1591405 9.840706e-11 
65.1594377 2.699796e-10 
67.8743233 9.505897e-11 
67.874614 3.507174e-10 
70.5897965 4.662898e-10 
70.5900768 5.448355e-10 
73.3049877 4.661894e-10 
73.3052595 9.583899e-10 
76.0204499 1.210772e-09 
76.0207136 9.821242e-10 
78.7356493 1.032839e-09 
78.7359043 1.680195e-09 
81.4511034 1.93431e-09 
81.4513534 1.452376e-09 
84.1663114 1.447317e-09 
84.1665528 2.38608e-09 
86.8817607 2.576482e-09 
86.8819974 1.991715e-09 
89.5969767 1.761224e-09 
89.5972054 3.139716e-09 
92.3124212 3.218422e-09 
92.3126438 2.582258e-09 
95.0276437 2.070468e-09 
95.0278599 3.873904e-09 
97.7430826 3.794858e-09 
97.7432911 3.078711e-09 
100.4583102 2.335968e-09 
100.4585146 4.399998e-09 
103.1737432 4.128733e-09 
103.1739376 3.314395e-09 
105.888975 2.446365e-09 
105.8891677 4.522096e-09 
-0.0084144 2.029722e-09 
1.3494509 1.843233e-09 
-0.0081301 1.959955e-09 
1.3497246 4.181021e-10 
2.7070122 1.455714e-09 
2.7072951 4.876742e-10 
4.0646018 1.142607e-09 
5.4221497 6.042021e-10 
5.4224645 3.100841e-10 
4.0648979 4.624128e-10 
6.780061 2.508641e-10 
6.7803656 5.153724e-11 
9.4952097 1.55264e-10 
8.1376195 6.496968e-11 
9.4955381 9.635072e-11 
8.1379349 7.489705e-11 
10.8527596 2.493403e-10 
10.8531024 1.398068e-10 
13.5682574 4.164972e-10 
12.2106997 2.597506e-10 
12.211012 4.748409e-11 
13.5685769 6.271102e-11 
14.9258492 6.668144e-10 
14.9261781 4.541695e-11 
16.2833999 9.4996e-10 
16.2837377 7.275598e-11 
17.6413333 8.80066e-11 
17.6416274 4.852838e-10 
18.9988871 1.474483e-10 
18.9991863 4.52792e-10 
20.3564775 1.969574e-10 
21.7140254 2.557118e-10 
21.714338 2.950205e-10 
20.3567837 3.612081e-10 
24.4294803 1.626895e-10 
23.0719307 2.034736e-10 
23.072214 6.199235e-10 
24.4297702 4.423827e-10 
25.7870689 1.15889e-10 
25.7873661 2.502687e-10 
27.1446141 9.955131e-11 
27.1449188 1.471648e-10 
28.5025118 8.371937e-11 
28.5028118 7.678717e-12 
29.8600614 1.099703e-10 
29.8603701 3.960645e-11 
31.2176521 1.579932e-10 
32.5751989 2.355888e-10 
32.5755236 3.816621e-10 
31.2179683 1.602602e-10 
33.9331201 6.436479e-10 
33.9334427 3.269885e-10 
36.6482683 1.126021e-09 
35.290673 9.263847e-10 
36.6486033 7.979284e-10 
35.2910033 5.538147e-10 
38.005819 1.260413e-09 
38.0061607 1.042693e-09 
40.7213139 1.294792e-09 
39.3637592 1.212382e-09 
40.7216403 2.46302e-10 
39.3640804 1.724872e-10 
42.0789115 1.249821e-09 
42.0792388 3.077323e-10 
43.4364645 1.092107e-09 
43.4367954 3.340456e-10 
44.7943926 3.347245e-10 
44.7946953 1.059108e-11 
46.1519471 2.679458e-10 
46.1522536 5.954564e-12 
47.5095442 2.208135e-10 
48.8670983 1.30651e-10 
48.8674066 7.599368e-12 
47.5098503 1.082896e-12 
50.2250032 1.156575e-11 
50.2252981 5.188195e-11 
52.9401573 7.461082e-11 
51.5825591 3.515034e-11 
52.9404558 2.815859e-11 
51.5828572 4.337938e-11 
54.2977148 1.563187e-10 
54.2980146 3.383302e-11 
57.0131746 4.802384e-11 
55.6556144 2.028113e-11 
57.0134779 1.565627e-10 
55.6559161 1.726952e-10 
58.3707776 5.426871e-11 
58.3710811 1.322493e-10 
59.7283409 1.165826e-10 
59.7286436 1.030866e-10 
61.0862492 7.144188e-11 
61.0865527 2.835685e-10 
62.4438138 5.682814e-11 
62.4441166 2.348608e-10 
63.8014235 4.343362e-11 
65.1589918 5.410503e-11 
65.1592898 1.999362e-10 
63.8017246 2.285093e-10 
66.5169009 2.3308e-10 
66.5171923 3.200393e-10 
69.2320842 2.597308e-10 
67.8744686 2.198888e-10 
69.2323697 5.069091e-10 
67.8747578 3.71923e-10 
70.5896558 2.296738e-10 
70.5899372 6.16412e-10 
73.3051235 8.185044e-10 
71.9475528 7.677034e-10 
73.3053951 7.572503e-10 
71.9478268 5.037591e-10 
74.6627439 8.530283e-10 
74.6630106 1.034228e-09 
76.0203188 7.556471e-10 
76.0205816 1.322594e-09 
77.3782013 1.50219e-09 
77.3784607 7.667461e-10 
78.7357763 1.58814e-09 
78.736033 1.212424e-09 
80.0934009 1.482512e-09 
81.4509801 1.262467e-09 
81.451228 2.030451e-09 
80.0936523 1.61736e-09 
82.8088518 2.209493e-09 
82.8090987 1.104916e-09 
85.5240601 1.997381e-09 
84.1664315 2.257989e-09 
85.5242988 2.281876e-09 
84.166675 1.710936e-09 
86.8816437 1.607548e-09 
86.8818787 2.756358e-09 
89.5970908 2.897461e-09 
88.239507 2.963239e-09 
89.5973204 2.28799e-09 
88.2397406 1.524652e-09 
90.9547233 2.521946e-09 
90.9549492 3.025373e-09 
92.3123101 1.916479e-09 
92.3125325 3.519322e-09 
93.6701655 3.742532e-09 
93.6703844 1.955197e-09 
95.0277519 3.524866e-09 
95.0279674 2.852896e-09 
96.3853886 3.026905e-09 
97.7429771 2.214879e-09 
97.7431873 4.176391e-09 
96.3856013 3.689271e-09 
99.1008249 4.344617e-09 
99.1010285 2.26546e-09 
101.8160533 3.34886e-09 
100.4584131 4.004011e-09 
101.8162531 4.059089e-09 
100.4586146 3.237725e-09 
103.1736429 2.417915e-09 
103.1738415 4.520178e-09 
105.8890727 4.149777e-09 
104.5314828 4.552044e-09 
105.8892599 3.301266e-09 
104.531671 2.353578e-09 
107.2467153 3.350448e-09 
107.2469022 4.014958e-09 
1.3493086 1.970594e-09 
1.3495877 1.192581e-09 
4.0647524 9.11513e-10 
4.065042 1.024408e-10 
6.7799006 3.178479e-10 
6.7802153 1.238593e-10 
9.495378 1.544129e-10 
9.4956908 5.486031e-11 
12.2105277 4.717204e-10 
12.2108609 8.420488e-11 
14.9260201 2.173563e-10 
14.9263247 1.753869e-10 
17.6411676 4.882084e-10 
17.6414858 1.407352e-10 
20.3566365 9.281181e-11 
20.3569221 7.294063e-10 
23.0717771 8.878887e-11 
23.0720752 4.454864e-10 
25.7872203 1.983513e-10 
25.787509 2.448264e-10 
28.5023583 1.048368e-10 
28.5026626 3.776881e-11 
31.2178109 1.806568e-10 
31.2181239 1.120355e-10 
33.932955 5.295911e-10 
33.9332831 5.529471e-10 
36.6484377 1.140775e-09 
36.6487633 3.447822e-10 
39.3635889 1.471713e-09 
39.3639234 6.532343e-10 
42.0790787 8.195538e-10 
42.079391 2.887724e-11 
44.7942309 6.80791e-10 
44.7945473 6.508657e-11 
47.5096999 6.833489e-11 
47.5099963 3.748865e-11 
50.2248519 6.43159e-11 
50.2251518 9.915876e-12 
52.9403067 1.646934e-11 
52.9406042 8.971838e-11 
55.6554647 8.14606e-11 
55.6557653 7.004234e-11 
58.3709287 3.751958e-11 
58.371233 2.517696e-10 
61.0860976 3.376288e-11 
61.0864016 1.825203e-10 
63.8015741 1.230547e-10 
63.801873 2.893749e-10 
66.5167532 1.052442e-10 
66.5170477 3.246036e-10 
69.2322274 4.498282e-10 
69.23251 3.960388e-10 
71.9474146 5.227276e-10 
71.9476904 7.564959e-10 
74.6628772 1.133932e-09 
74.6631434 6.282747e-10 
77.3780724 1.185211e-09 
77.378331 1.320466e-09 
80.093526 1.856867e-09 
80.0937791 9.246686e-10 
82.8087299 1.745344e-09 
82.808975 1.936026e-09 
85.5241788 2.575823e-09 
85.5244193 1.307125e-09 
88.2393912 2.255382e-09 
88.2396237 2.650047e-09 
90.954836 3.359439e-09 
90.9550624 1.746434e-09 
93.6700558 2.785682e-09 
93.6702752 3.381305e-09 
96.3854952 4.08078e-09 
96.3857065 2.13332e-09 
99.1007211 3.222261e-09 
99.1009274 3.921144e-09 
101.8161541 4.506835e-09 
101.8163501 2.340847e-09 
104.5313848 3.391524e-09 
104.5315782 4.091613e-09 
107.2468104 4.477773e-09 
107.2469909 2.300875e-09 
108.6044013 4.059368e-09 
109.9621367 4.295086e-09 
109.9623095 2.186442e-09 
108.6045811 3.199994e-09 
111.3196362 2.32849e-09 
111.3198167 4.170991e-09 
112.6773725 3.067452e-09 
114.035054 3.596332e-09 
112.677546 3.56949e-09 
114.0352187 2.766583e-09 
115.3927842 3.697049e-09 
115.3929412 1.820431e-09 
118.1080223 2.636347e-09 
116.7502909 2.057886e-09 
116.7504585 3.465892e-09 
118.1081817 2.893547e-09 
119.465698 2.938299e-09 
119.4658478 2.162025e-09 
122.1809348 1.727277e-09 
120.8234224 2.969701e-09 
122.1810896 2.662268e-09 
120.8235638 1.395745e-09 
123.538661 2.128454e-09 
123.5388065 2.195854e-09 
124.8963291 2.240466e-09 
126.2540476 2.207767e-09 
126.2541748 1.027736e-09 
124.8964651 1.578898e-09 
127.6115659 1.272722e-09 
127.6117067 1.898577e-09 
128.9692867 1.445569e-09 
130.3269466 1.457604e-09 
128.9694176 1.537153e-09 
130.3270681 1.069961e-09 
131.6846594 1.345141e-09 
131.6847723 7.036907e-10 
134.3999029 6.300881e-10 
133.0421879 6.319211e-10 
133.0423103 1.127119e-09 
134.4000157 8.61533e-10 
135.7575554 6.314148e-10 
135.7576586 6.094518e-10 
138.4728048 1.672079e-10 
137.1152623 5.258011e-10 
138.4729062 4.65503e-10 
137.115358 4.101076e-10 
139.8305127 1.531639e-10 
139.8306063 3.52563e-10 
141.1881583 1.722477e-10 
142.5458584 1.59742e-10 
142.5459379 2.82224e-10 
141.1882429 3.199619e-10 
143.9034073 9.119155e-11 
143.9034958 1.897584e-10 
145.2611064 8.614247e-11 
146.6187444 6.988543e-11 
145.2611898 1.949481e-10 
146.6188208 2.348093e-10 
147.9764365 8.272119e-11 
147.9765106 2.415422e-10 
150.6916694 1.14084e-10 
149.3339786 1.586665e-10 
149.334067 9.322359e-11 
150.6917542 1.101296e-10 
152.0492996 4.754792e-11 
152.0493793 1.30221e-10 
154.7645231 4.995912e-11 
153.406985 4.777961e-11 
154.7646092 3.270381e-11 
153.4070635 1.385186e-10 
156.1222091 3.512361e-11 
156.1222912 5.341168e-11 
157.4798338 4.444546e-11 
158.8375162 7.492217e-11 
158.8375921 9.202758e-11 
157.4799116 6.343183e-11 
160.1950674 5.671105e-10 
160.1951366 9.197967e-11 
161.5527514 6.749261e-10 
162.910372 7.582878e-10 
161.5528173 1.056018e-10 
162.9104354 9.328534e-11 
164.2680538 7.446409e-10 
164.2681159 8.904576e-11 
166.983298 1.137021e-09 
165.625618 1.201083e-09 
165.6256715 6.689586e-10 
166.9833525 5.364826e-10 
168.3409131 9.664427e-10 
168.340969 3.789505e-10 
171.056144 4.620714e-10 
169.6985919 7.286327e-10 
171.0562051 4.661442e-10 
169.6986505 2.398525e-10 
172.413817 3.534023e-10 
172.4138842 2.356094e-10 
173.771425 2.122084e-10 
175.1290991 1.220273e-10 
175.1291768 8.295354e-12 
173.7714966 7.25437e-11 
176.4866251 1.421619e-10 
176.4867069 7.360085e-11 
177.8442934 1.533109e-10 
179.2018982 1.402729e-10 
177.844383 1.305955e-10 
179.2019912 2.396765e-10 
180.5595706 1.835954e-10 
180.5596698 4.296398e-10 
183.2747604 2.124484e-10 
181.9170905 2.394479e-10 
181.9171773 2.232104e-10 
183.2748539 3.166629e-10 
184.6323686 1.453796e-10 
184.6324626 3.931138e-10 
187.3475817 8.473169e-10 
185.9900445 1.147979e-10 
187.347656 6.601857e-11 
185.9901431 4.70853e-10 
188.7052563 6.367694e-10 
188.705337 6.272895e-11 
190.0628704 4.395742e-10 
191.4205511 2.843765e-10 
191.420635 4.64513e-11 
190.0629505 4.39536e-11 
192.778096 4.767849e-10 
192.7781684 1.652441e-10 
194.1357739 1.987728e-10 
195.4933917 1.282443e-10 
194.1358528 9.731333e-11 
195.4934702 4.954875e-11 
196.8510746 5.480004e-11 
196.8511551 3.286353e-11 
199.5662745 6.399193e-10 
198.2085941 3.688324e-10 
198.2086942 1.032557e-10 
199.5663775 1.112401e-10 
200.9238934 1.049823e-09 
200.923993 1.523329e-10 
203.6390606 2.027668e-09 
202.2815766 1.32843e-09 
203.6391938 1.570525e-09 
202.2816724 1.294388e-10 
204.9967208 2.799789e-09 
204.9968491 1.733953e-09 
108.6043062 2.414233e-09 
109.9620447 3.236328e-09 
108.6044929 4.402844e-09 
109.9622249 3.834774e-09 
111.3197285 3.866963e-09 
111.3199008 3.01702e-09 
114.0349647 2.203962e-09 
112.6774615 4.025582e-09 
114.0351387 3.847654e-09 
112.6776263 2.020621e-09 
115.3926986 2.861965e-09 
115.392865 3.245973e-09 
116.7503774 3.277908e-09 
118.1081047 3.338405e-09 
116.7505345 2.471783e-09 
118.1082537 1.605539e-09 
119.4656145 1.900043e-09 
119.4657756 3.06192e-09 
120.8233433 2.395527e-09 
122.1810153 2.592956e-09 
120.8234956 2.538085e-09 
122.1811581 1.860269e-09 
123.5387368 2.596093e-09 
123.5388709 1.202631e-09 
124.8962519 1.525019e-09 
126.2539753 1.816389e-09 
124.8964 2.27665e-09 
126.2541138 1.866085e-09 
127.6116393 1.86695e-09 
127.6117684 1.317156e-09 
130.3268776 9.64208e-10 
128.969355 1.791498e-09 
130.3270099 1.516037e-09 
128.9694753 8.635547e-10 
131.6845956 1.030953e-09 
131.684718 1.199309e-09 
133.0422517 1.027418e-09 
134.3999616 9.009438e-10 
133.0423646 8.316653e-10 
134.4000662 5.475691e-10 
135.7574972 3.473562e-10 
135.7576088 7.593541e-10 
137.1152088 3.245101e-10 
138.4728579 3.390192e-10 
137.1153116 5.621231e-10 
138.4729512 4.29023e-10 
139.8305616 2.807219e-10 
139.8306484 3.17355e-10 
141.1881091 9.233374e-11 
142.5458127 8.932365e-11 
141.1882022 2.828718e-10 
142.5458994 2.454228e-10 
143.9034546 9.694699e-11 
143.9035333 2.714792e-10 
146.6186974 1.316753e-10 
145.2611507 1.075522e-10 
146.6187848 1.346176e-10 
145.2612258 2.729984e-10 
147.976392 1.101051e-10 
147.9764753 1.511439e-10 
149.334026 6.457529e-11 
150.6917143 7.077277e-11 
149.3341034 1.811142e-10 
150.6917904 1.829562e-10 
152.0492527 1.143941e-10 
152.0493415 6.448605e-11 
153.4069405 6.22573e-11 
154.7645677 8.719263e-12 
153.4070257 8.333624e-11 
154.7646481 9.846563e-11 
156.122251 1.493487e-11 
156.12233 1.207454e-10 
157.4797938 1.611736e-10 
158.8374788 2.231575e-10 
157.479873 9.17364e-12 
158.8375539 3.034449e-11 
160.1951014 3.074579e-10 
160.1951729 3.43792e-11 
162.9103433 1.047481e-09 
161.5527835 3.502319e-10 
162.9104027 3.596212e-10 
161.552853 5.600445e-11 
164.2680258 1.103253e-09 
164.2680836 3.276562e-10 
165.625644 1.073185e-09 
166.9833247 9.346453e-10 
165.6257011 2.613255e-10 
166.9833823 1.979356e-10 
168.3408864 9.057694e-10 
168.3409405 7.306363e-10 
169.698563 7.67267e-10 
171.0561745 5.542246e-10 
169.6986209 4.979305e-10 
171.0562357 2.817545e-10 
172.4138509 3.400378e-10 
172.4139168 1.228817e-10 
173.7713894 2.009872e-10 
175.1290594 1.706047e-10 
173.7714612 1.512643e-10 
175.1291386 5.052974e-11 
176.486665 1.231987e-10 
176.4867486 3.303574e-11 
179.2018566 1.462453e-10 
177.8443375 1.42216e-10 
179.201944 1.82999e-10 
177.8444277 1.268242e-10 
180.559525 1.503758e-10 
180.5596197 3.07403e-10 
181.9171308 1.202113e-10 
183.2748044 1.328044e-10 
181.9172273 4.388367e-10 
183.2749064 6.025832e-10 
184.6323317 5.203695e-10 
184.632413 1.290675e-10 
185.990004 4.267538e-10 
187.3476152 3.011689e-10 
185.9900916 1.659578e-10 
187.3477024 1.832521e-10 
188.7052936 2.132565e-10 
188.705385 2.023937e-10 
190.0628382 8.672587e-10 
191.4205147 5.530082e-10 
190.0629083 1.206652e-10 
191.4205914 8.284533e-11 
192.7781311 3.455366e-10 
192.7782074 4.042474e-11 
195.4933494 1.128155e-10 
194.1358132 1.734815e-10 
195.4934323 9.57645e-11 
194.1358928 3.520786e-11 
196.8510283 6.721631e-11 
196.8511167 3.770804e-11 
198.2086469 2.545532e-10 
199.5663302 3.676896e-10 
198.208734 2.562797e-11 
199.5664166 9.542155e-12 
200.9238297 1.252122e-09 
200.923949 5.500891e-10 
202.2815119 1.734944e-09 
203.6391312 2.241616e-09 
202.2816301 6.245673e-10 
203.6392436 6.390441e-10 
204.9967895 2.843425e-09 
204.9968985 5.286537e-10 
108.6044013 4.059161e-09 
108.6045811 3.199908e-09 
111.3196362 2.328338e-09 
111.3198167 4.170984e-09 
114.035054 3.596342e-09 
114.0352187 2.766333e-09 
116.7502909 2.0579e-09 
116.7504585 3.466009e-09 
119.465698 2.938385e-09 
119.4658478 2.161768e-09 
122.1809348 1.727503e-09 
122.1810896 2.662305e-09 
124.8963291 2.240787e-09 
124.8964651 1.578613e-09 
127.6115659 1.272979e-09 
127.6117067 1.898731e-09 
130.3269466 1.458143e-09 
130.3270681 1.0696e-09 
133.0421879 6.320631e-10 
133.0423103 1.127458e-09 
135.7575554 6.318139e-10 
135.7576586 6.091416e-10 
138.4728048 1.673522e-10 
138.4729062 4.656994e-10 
141.1881583 1.723956e-10 
141.1882429 3.198242e-10 
143.9034073 9.140248e-11 
143.9034958 1.897614e-10 
146.6187444 6.993422e-11 
146.6188208 2.347631e-10 
149.3339786 1.589607e-10 
149.334067 9.318017e-11 
152.0492996 4.755719e-11 
152.0493793 1.301522e-10 
154.7645231 4.991119e-11 
154.7646092 3.265969e-11 
157.4798338 4.444053e-11 
157.4799116 6.336478e-11 
160.1950674 5.666677e-10 
160.1951366 9.204446e-11 
162.910372 7.582963e-10 
162.9104354 9.338826e-11 
165.625618 1.200781e-09 
165.6256716 6.689397e-10 
168.3409131 9.664416e-10 
168.340969 3.791893e-10 
171.056144 4.619455e-10 
171.0562051 4.660357e-10 
173.7714251 2.120972e-10 
173.7714966 7.265532e-11 
176.4866251 1.420742e-10 
176.4867069 7.353827e-11 
179.2018982 1.401895e-10 
179.2019912 2.395529e-10 
181.9170905 2.393365e-10 
181.9171773 2.231378e-10 
184.6323686 1.452827e-10 
184.6324626 3.92981e-10 
187.3475817 8.47052e-10 
187.347656 6.599236e-11 
190.0628704 4.393773e-10 
190.0629505 4.395374e-11 
192.778096 4.765595e-10 
192.7781684 1.652507e-10 
195.4933917 1.281625e-10 
195.4934702 4.956942e-11 
198.2085941 3.689333e-10 
198.2086942 1.032257e-10 
200.9238934 1.050159e-09 
200.923993 1.522872e-10 
203.6390606 2.02794e-09 
203.6391938 1.570318e-09 
108.6043062 2.414167e-09 
108.6044929 4.402632e-09 
109.9621367 4.295002e-09 
109.9623095 2.186391e-09 
111.3197285 3.866926e-09 
111.3199008 3.016953e-09 
112.6773725 3.067279e-09 
114.0349647 2.20379e-09 
114.0351387 3.847826e-09 
112.677546 3.569475e-09 
115.3927842 3.697162e-09 
115.3929412 1.820259e-09 
118.1080223 2.636304e-09 
116.7503774 3.277699e-09 
118.1081817 2.893503e-09 
116.7505345 2.471786e-09 
119.4656145 1.900093e-09 
119.4657756 3.061966e-09 
122.1810153 2.592797e-09 
120.8234224 2.969708e-09 
122.1811581 1.860321e-09 
120.8235638 1.395653e-09 
123.538661 2.128634e-09 
123.5388065 2.195773e-09 
124.8962519 1.525229e-09 
124.8964 2.276614e-09 
126.2540476 2.207962e-09 
126.2541748 1.027594e-09 
127.6116393 1.86718e-09 
127.6117684 1.317024e-09 
128.9692867 1.445915e-09 
130.3268776 9.643245e-10 
130.3270099 1.516263e-09 
128.9694176 1.537087e-09 
131.6846594 1.345644e-09 
131.6847723 7.033938e-10 
134.3999029 6.303842e-10 
133.0422517 1.027817e-09 
134.4000157 8.615142e-10 
133.0423646 8.314161e-10 
135.7574972 3.474199e-10 
135.7576088 7.596774e-10 
138.4728579 3.392325e-10 
137.1152623 5.261566e-10 
138.4729512 4.288758e-10 
137.115358 4.098473e-10 
139.8305127 1.533218e-10 
139.8306063 3.525368e-10 
141.188109 9.244163e-11 
141.1882022 2.829807e-10 
142.5458584 1.598223e-10 
142.5459379 2.821561e-10 
143.9034546 9.699267e-11 
143.9035333 2.714066e-10 
145.2611064 8.624819e-11 
146.6186974 1.318477e-10 
146.6187848 1.346101e-10 
145.2611898 1.949228e-10 
147.9764365 8.270256e-11 
147.9765106 2.415075e-10 
150.6916694 1.141986e-10 
149.334026 6.455092e-11 
150.6917542 1.100837e-10 
149.3341034 1.810396e-10 
152.0492527 1.145047e-10 
152.0493415 6.442517e-11 
154.7645677 8.708034e-12 
153.406985 4.772124e-11 
154.7646481 9.836236e-11 
153.4070635 1.384203e-10 
156.1222091 3.504752e-11 
156.1222912 5.335049e-11 
157.4797938 1.609003e-10 
157.479873 9.170079e-12 
158.8375162 7.496859e-11 
158.8375921 9.192234e-11 
160.1951014 3.074412e-10 
160.1951729 3.436746e-11 
161.5527514 6.747809e-10 
162.9103433 1.047035e-09 
162.9104027 3.596748e-10 
161.5528173 1.056723e-10 
164.2680538 7.446926e-10 
164.2681159 8.911529e-11 
166.983298 1.137077e-09 
165.625644 1.073222e-09 
166.9833525 5.365833e-10 
165.6257011 2.615426e-10 
168.3408864 9.055174e-10 
168.3409405 7.306595e-10 
171.0561745 5.542565e-10 
169.6985919 7.285656e-10 
171.0562357 2.819757e-10 
169.6986505 2.400706e-10 
172.413817 3.533684e-10 
172.4138842 2.356612e-10 
173.7713894 2.008684e-10 
173.7714612 1.512687e-10 
175.1290991 1.219356e-10 
175.1291768 8.333243e-12 
176.486665 1.230993e-10 
176.4867486 3.303708e-11 
177.8442934 1.532034e-10 
179.2018566 1.461554e-10 
179.201944 1.829085e-10 
177.844383 1.305893e-10 
180.5595706 1.835197e-10 
180.5596698 4.294999e-10 
183.2747604 2.122893e-10 
181.9171308 1.201312e-10 
183.2748539 3.166015e-10 
181.9172273 4.386641e-10 
184.6323318 5.201642e-10 
184.632413 1.290179e-10 
187.3476152 3.009678e-10 
185.9900445 1.147113e-10 
185.9901431 4.707855e-10 
187.3477024 1.832036e-10 
188.7052563 6.364744e-10 
188.705337 6.276404e-11 
190.0628382 8.669336e-10 
190.0629083 1.207121e-10 
191.4205511 2.842767e-10 
191.420635 4.645043e-11 
192.7781311 3.453118e-10 
192.7782074 4.045518e-11 
194.1357739 1.986142e-10 
195.4933494 1.127388e-10 
195.4934323 9.577141e-11 
194.1358528 9.734935e-11 
196.8510747 5.478593e-11 
196.8511551 3.285491e-11 
199.5662745 6.402011e-10 
198.2086469 2.545901e-10 
199.5663775 1.111776e-10 
198.208734 2.56046e-11 
200.9238297 1.252372e-09 
200.923949 5.499825e-10 
203.6391312 2.241606e-09 
202.2815766 1.328556e-09 
202.2816724 1.294425e-10 
203.6392436 6.39117e-10 
204.9967208 2.800222e-09 
204.9968491 1.733567e-09 
109.9620447 3.236238e-09 
109.9622249 3.834776e-09 
112.6774615 4.025704e-09 
112.6776263 2.020673e-09 
115.3926986 2.861633e-09 
115.392865 3.246155e-09 
118.1081047 3.33826e-09 
118.1082537 1.605718e-09 
120.8233433 2.395294e-09 
120.8234956 2.538263e-09 
123.5387368 2.595865e-09 
123.5388709 1.202868e-09 
126.2539753 1.816444e-09 
126.2541138 1.866113e-09 
128.969355 1.791685e-09 
128.9694753 8.635881e-10 
131.6845956 1.031143e-09 
131.684718 1.199301e-09 
134.3999616 9.013074e-10 
134.4000662 5.474565e-10 
137.1152088 3.246268e-10 
137.1153116 5.621565e-10 
139.8305616 2.808497e-10 
139.8306484 3.1733e-10 
142.5458127 8.934359e-11 
142.5458994 2.454338e-10 
145.2611507 1.07539e-10 
145.2612258 2.730168e-10 
147.976392 1.101157e-10 
147.9764753 1.511317e-10 
150.6917143 7.069432e-11 
150.6917904 1.829269e-10 
153.4069406 6.224468e-11 
153.4070257 8.326796e-11 
156.122251 1.488934e-11 
156.12233 1.206713e-10 
158.8374788 2.230158e-10 
158.8375539 3.033084e-11 
161.5527835 3.502428e-10 
161.552853 5.599476e-11 
164.2680258 1.103222e-09 
164.2680836 3.277932e-10 
166.9833247 9.346993e-10 
166.9833823 1.981047e-10 
169.698563 7.67371e-10 
169.6986209 4.980985e-10 
172.4138509 3.400775e-10 
172.4139168 1.229975e-10 
175.1290594 1.705785e-10 
175.1291386 5.061009e-11 
177.8443375 1.421708e-10 
177.8444277 1.267766e-10 
180.559525 1.50308e-10 
180.5596197 3.073018e-10 
183.2748044 1.327585e-10 
183.2749064 6.025063e-10 
185.990004 4.265237e-10 
185.9900916 1.65922e-10 
188.7052936 2.131973e-10 
188.705385 2.023999e-10 
191.4205147 5.52649e-10 
191.4205914 8.294638e-11 
194.1358132 1.734327e-10 
194.1358928 3.518512e-11 
196.8510283 6.724269e-11 
196.8511167 3.769764e-11 
199.5663302 3.676451e-10 
199.5664166 9.530931e-12 
202.2815119 1.735183e-09 
202.2816301 6.245134e-10 
204.9967895 2.84314e-09 
204.9968985 5.287489e-10 
108.6044013 4.059215e-09 
109.9621367 4.295116e-09 
108.6045811 3.200015e-09 
109.9623095 2.186622e-09 
111.3196362 2.328229e-09 
111.3198167 4.171057e-09 
112.6773725 3.067073e-09 
114.035054 3.596171e-09 
112.677546 3.569647e-09 
114.0352187 2.766489e-09 
115.3927842 3.697107e-09 
115.3929412 1.820582e-09 
116.7502909 2.057734e-09 
118.1080223 2.635808e-09 
116.7504585 3.466133e-09 
118.1081817 2.893886e-09 
119.465698 2.937902e-09 
119.4658478 2.162117e-09 
122.1809348 1.727551e-09 
122.1810896 2.662206e-09 
120.8234223 2.969277e-09 
120.8235638 1.396139e-09 
123.538661 2.12831e-09 
123.5388065 2.196027e-09 
124.8963291 2.240498e-09 
126.2540476 2.207685e-09 
124.8964651 1.578862e-09 
126.2541748 1.027984e-09 
127.6115659 1.273022e-09 
127.6117067 1.898693e-09 
128.9692867 1.445827e-09 
130.3269466 1.458212e-09 
128.9694176 1.537135e-09 
130.3270681 1.069604e-09 
131.6846594 1.345706e-09 
131.6847723 7.03578e-10 
133.0421879 6.320234e-10 
134.3999029 6.30359e-10 
133.0423103 1.12765e-09 
134.4000157 8.615581e-10 
135.7575554 6.319438e-10 
135.7576586 6.091055e-10 
138.4728048 1.673467e-10 
138.4729062 4.658697e-10 
137.1152623 5.262238e-10 
137.115358 4.099693e-10 
139.8305127 1.532592e-10 
139.8306063 3.52608e-10 
141.1881583 1.724306e-10 
142.5458584 1.598007e-10 
141.1882429 3.198088e-10 
142.5459379 2.822515e-10 
143.9034073 9.141009e-11 
143.9034958 1.898095e-10 
145.2611064 8.615114e-11 
146.6187444 6.988515e-11 
145.2611898 1.949471e-10 
146.6188208 2.346968e-10 
147.9764365 8.263798e-11 
147.9765106 2.415353e-10 
149.3339786 1.589651e-10 
150.6916694 1.141106e-10 
149.334067 9.316139e-11 
150.6917542 1.100679e-10 
152.0492996 4.75112e-11 
152.0493793 1.300769e-10 
154.7645231 4.985993e-11 
154.7646092 3.262421e-11 
153.406985 4.76578e-11 
153.4070635 1.384306e-10 
156.1222091 3.499361e-11 
156.1222913 5.330419e-11 
157.4798338 4.442893e-11 
158.8375162 7.490255e-11 
157.4799116 6.329155e-11 
158.8375921 9.191868e-11 
160.1950674 5.664233e-10 
160.1951366 9.20457e-11 
161.5527514 6.747146e-10 
162.910372 7.582867e-10 
161.5528173 1.057108e-10 
162.9104354 9.345898e-11 
164.2680538 7.446968e-10 
164.2681159 8.918616e-11 
165.625618 1.200488e-09 
166.983298 1.137142e-09 
165.6256716 6.690262e-10 
166.9833525 5.367628e-10 
168.3409131 9.665374e-10 
168.340969 3.793751e-10 
171.056144 4.61807e-10 
171.0562051 4.661709e-10 
169.6985919 7.287209e-10 
169.6986505 2.401477e-10 
172.413817 3.534869e-10 
172.4138842 2.358289e-10 
173.7714251 2.121377e-10 
175.1290991 1.220257e-10 
173.7714966 7.274589e-11 
175.1291768 8.337912e-12 
176.4866251 1.420069e-10 
176.4867069 7.353269e-11 
177.8442934 1.532095e-10 
179.2018983 1.401159e-10 
177.844383 1.305682e-10 
179.2019912 2.39486e-10 
180.5595706 1.835093e-10 
180.5596698 4.294916e-10 
181.9170905 2.392305e-10 
183.2747604 2.122251e-10 
181.9171773 2.230616e-10 
183.2748539 3.164986e-10 
184.6323686 1.451745e-10 
184.6324626 3.929007e-10 
187.3475817 8.468802e-10 
185.9900445 1.146854e-10 
187.347656 6.601168e-11 
185.9901431 4.708246e-10 
188.7052563 6.362734e-10 
188.705337 6.279002e-11 
190.0628704 4.391573e-10 
191.4205511 2.842783e-10 
190.0629505 4.397319e-11 
191.420635 4.644756e-11 
192.778096 4.764027e-10 
192.7781684 1.653216e-10 
194.1357739 1.98479e-10 
195.4933917 1.280808e-10 
194.1358528 9.740687e-11 
195.4934702 4.954923e-11 
196.8510747 5.475738e-11 
196.8511551 3.278373e-11 
198.2085941 3.69088e-10 
199.5662745 6.403688e-10 
198.2086942 1.031064e-10 
199.5663775 1.110856e-10 
200.9238934 1.050201e-09 
200.923993 1.522992e-10 
203.6390606 2.02796e-09 
202.2815766 1.328464e-09 
203.6391938 1.570287e-09 
202.2816724 1.295087e-10 
204.9967208 2.800328e-09 
204.9968491 1.73362e-09 
108.6043062 2.414345e-09 
108.6044929 4.402656e-09 
111.3197285 3.866959e-09 
111.3199008 3.017157e-09 
114.0349647 2.203639e-09 
114.0351387 3.847918e-09 
116.7503774 3.277319e-09 
116.7505345 2.472221e-09 
119.4656145 1.899946e-09 
119.4657756 3.061925e-09 
122.1810153 2.592231e-09 
122.1811581 1.860823e-09 
124.8962519 1.525152e-09 
124.8964 2.276467e-09 
127.6116393 1.866798e-09 
127.6117684 1.317343e-09 
130.3268776 9.641928e-10 
130.3270099 1.516181e-09 
133.0422517 1.027646e-09 
133.0423646 8.315955e-10 
135.7574972 3.473039e-10 
135.7576088 7.597023e-10 
138.4728579 3.391571e-10 
138.4729512 4.290004e-10 
141.188109 9.234701e-11 
141.1882022 2.830387e-10 
143.9034546 9.692854e-11 
143.9035333 2.714097e-10 
146.6186974 1.316838e-10 
146.6187848 1.34634e-10 
149.334026 6.447311e-11 
149.3341034 1.80997e-10 
152.0492527 1.143806e-10 
152.0493415 6.442782e-11 
154.7645677 8.688089e-12 
154.7646481 9.833146e-11 
157.4797938 1.609508e-10 
157.479873 9.141093e-12 
160.1951014 3.074202e-10 
160.1951729 3.434808e-11 
162.9103433 1.046989e-09 
162.9104027 3.596744e-10 
165.625644 1.073261e-09 
165.6257011 2.615732e-10 
168.3408864 9.054021e-10 
168.3409405 7.308481e-10 
171.0561745 5.543906e-10 
171.0562357 2.82003e-10 
173.7713894 2.008508e-10 
173.7714612 1.514073e-10 
176.486665 1.231272e-10 
176.4867486 3.305925e-11 
179.2018566 1.461307e-10 
179.201944 1.828737e-10 
181.9171308 1.201021e-10 
181.9172273 4.38664e-10 
184.6323318 5.201284e-10 
184.632413 1.290215e-10 
187.3476152 3.008889e-10 
187.3477024 1.83215e-10 
190.0628382 8.669128e-10 
190.0629083 1.207843e-10 
192.7781311 3.452347e-10 
192.7782074 4.046291e-11 
195.4933494 1.127713e-10 
195.4934323 9.579137e-11 
198.2086469 2.544862e-10 
198.2087339 2.559105e-11 
200.9238297 1.252586e-09 
200.923949 5.497877e-10 
203.6391312 2.241512e-09 
203.6392436 6.392408e-10 
109.9620447 3.236419e-09 
108.6044013 4.059437e-09 
109.9622249 3.834842e-09 
108.6045811 3.200162e-09 
111.3196362 2.32832e-09 
111.3198167 4.171119e-09 
114.035054 3.59606e-09 
112.6774615 4.025751e-09 
112.6776263 2.021011e-09 
114.0352187 2.766838e-09 
115.3926986 2.861302e-09 
115.392865 3.246476e-09 
116.7502909 2.057608e-09 
118.1081047 3.337955e-09 
116.7504585 3.466079e-09 
118.1082537 1.606228e-09 
119.465698 2.937536e-09 
119.4658478 2.162594e-09 
120.8233433 2.394795e-09 
122.1809348 1.727342e-09 
122.1810896 2.662114e-09 
120.8234956 2.538657e-09 
123.5387368 2.595411e-09 
123.5388709 1.203395e-09 
126.2539753 1.81608e-09 
124.8963291 2.23998e-09 
126.2541138 1.866302e-09 
124.8964651 1.579297e-09 
127.6115659 1.272813e-09 
127.6117067 1.898524e-09 
130.3269466 1.457714e-09 
128.969355 1.79136e-09 
128.9694753 8.640059e-10 
130.3270681 1.069973e-09 
131.6845956 1.030905e-09 
131.684718 1.199348e-09 
133.0421879 6.318511e-10 
134.3999616 9.011102e-10 
133.0423103 1.127421e-09 
134.4000662 5.477857e-10 
135.7575554 6.316341e-10 
135.7576586 6.093938e-10 
137.1152088 3.244432e-10 
138.4728048 1.671931e-10 
138.4729062 4.657811e-10 
137.1153116 5.622343e-10 
139.8305616 2.807486e-10 
139.8306484 3.175471e-10 
142.5458127 8.919005e-11 
141.1881583 1.72302e-10 
142.5458994 2.455037e-10 
141.1882429 3.199356e-10 
143.9034073 9.12082e-11 
143.9034958 1.898357e-10 
146.6187444 6.980636e-11 
145.2611507 1.074767e-10 
145.2612258 2.730898e-10 
146.6188208 2.34702e-10 
147.976392 1.099408e-10 
147.9764753 1.511508e-10 
149.3339786 1.586716e-10 
150.6917143 7.06598e-11 
149.334067 9.319341e-11 
150.6917904 1.829854e-10 
152.0492996 4.747369e-11 
152.0493793 1.300989e-10 
153.4069406 6.215249e-11 
154.7645231 4.987716e-11 
154.7646092 3.264705e-11 
153.4070257 8.327481e-11 
156.122251 1.483591e-11 
156.12233 1.207407e-10 
158.8374788 2.230549e-10 
157.4798338 4.442658e-11 
158.8375539 3.030941e-11 
157.4799116 6.331301e-11 
160.1950674 5.667149e-10 
160.1951366 9.198294e-11 
162.910372 7.582705e-10 
161.5527835 3.50144e-10 
161.552853 5.604544e-11 
162.9104354 9.339958e-11 
164.2680258 1.103223e-09 
164.2680836 3.278413e-10 
165.625618 1.200606e-09 
166.9833247 9.347994e-10 
165.6256716 6.690953e-10 
166.9833823 1.980889e-10 
168.3409131 9.66606e-10 
168.340969 3.79252e-10 
169.698563 7.674674e-10 
171.056144 4.618462e-10 
171.0562051 4.663626e-10 
169.6986209 4.98257e-10 
172.4138509 3.402872e-10 
172.4139168 1.229355e-10 
175.1290594 1.706952e-10 
173.771425 2.122706e-10 
175.1291386 5.067511e-11 
173.7714966 7.268944e-11 
176.4866251 1.420527e-10 
176.4867069 7.359229e-11 
179.2018983 1.401546e-10 
177.8443375 1.422399e-10 
177.8444277 1.26818e-10 
179.2019912 2.39567e-10 
180.559525 1.503642e-10 
180.5596197 3.072367e-10 
181.9170905 2.39274e-10 
183.2748044 1.327983e-10 
181.9171773 2.230894e-10 
183.2749064 6.025946e-10 
184.6323686 1.452062e-10 
184.6324626 3.929844e-10 
185.990004 4.265051e-10 
187.3475817 8.470382e-10 
187.347656 6.604983e-11 
185.9900916 1.658926e-10 
188.7052936 2.132274e-10 
188.705385 2.024503e-10 
191.4205147 5.525887e-10 
190.0628704 4.39214e-10 
191.4205914 8.299059e-11 
190.0629505 4.39851e-11 
192.778096 4.76534e-10 
192.7781684 1.653594e-10 
195.4933917 1.281128e-10 
194.1358132 1.734672e-10 
194.1358928 3.514416e-11 
195.4934702 4.95166e-11 
196.8510283 6.726571e-11 
196.8511167 3.768539e-11 
198.2085941 3.690826e-10 
198.2086942 1.030633e-10 
199.5663302 3.674371e-10 
199.5664166 9.537296e-12 
200.9238934 1.049887e-09 
200.923993 1.523524e-10 
202.2815119 1.735264e-09 
203.6390606 2.027705e-09 
203.6391938 1.570474e-09 
202.2816301 6.244708e-10 
204.9967895 2.843132e-09 
204.9968985 5.288399e-10 
109.9621367 4.295264e-09 
109.9623095 2.186813e-09 
112.6773725 3.067129e-09 
112.677546 3.56978e-09 
115.3927842 3.696951e-09 
115.3929412 1.820954e-09 
118.1080223 2.63555e-09 
118.1081817 2.894158e-09 
120.8234224 2.96902e-09 
120.8235638 1.396535e-09 
123.538661 2.127908e-09 
123.5388065 2.196262e-09 
126.2540476 2.207314e-09 
126.2541748 1.028364e-09 
128.9692867 1.445438e-09 
128.9694176 1.537238e-09 
131.6846594 1.345231e-09 
131.6847723 7.039903e-10 
134.3999029 6.30055e-10 
134.4000157 8.615997e-10 
137.1152623 5.259168e-10 
137.115358 4.103055e-10 
139.8305127 1.530567e-10 
139.8306063 3.526785e-10 
142.5458584 1.597068e-10 
142.5459379 2.823784e-10 
145.2611064 8.598712e-11 
145.2611898 1.94987e-10 
147.9764365 8.261651e-11 
147.9765106 2.415877e-10 
150.6916694 1.139433e-10 
150.6917542 1.10104e-10 
153.406985 4.767725e-11 
153.4070635 1.385346e-10 
156.1222091 3.50364e-11 
156.1222913 5.333706e-11 
158.8375162 7.481647e-11 
158.8375921 9.202136e-11 
161.5527514 6.748155e-10 
161.5528173 1.056643e-10 
164.2680538 7.446445e-10 
164.2681159 8.916034e-11 
166.983298 1.137133e-09 
166.9833525 5.367725e-10 
169.6985919 7.288886e-10 
169.6986505 2.399781e-10 
172.413817 3.535912e-10 
172.4138842 2.358801e-10 
175.1290991 1.221724e-10 
175.1291768 8.302869e-12 
177.8442934 1.533207e-10 
177.844383 1.305604e-10 
180.5595706 1.835804e-10 
180.5596698 4.296261e-10 
183.2747604 2.123457e-10 
183.2748539 3.16498e-10 
185.9900445 1.147566e-10 
185.9901431 4.709157e-10 
188.7052563 6.364399e-10 
188.705337 6.27709e-11 
191.4205511 2.843782e-10 
191.420635 4.644698e-11 
194.1357739 1.985555e-10 
194.1358528 9.740681e-11 
196.8510747 5.475373e-11 
196.8511551 3.274861e-11 
199.5662745 6.401892e-10 
199.5663775 1.11092e-10 
202.2815766 1.328279e-09 
202.2816724 1.295461e-10 
204.9967208 2.799964e-09 
204.9968491 1.734044e-09 
108.6043062 2.414503e-09 
109.9620447 3.236614e-09 
108.6044929 4.402884e-09 
109.9622249 3.834876e-09 
111.3197285 3.867003e-09 
111.3199008 3.017346e-09 
114.0349647 2.20374e-09 
112.6774615 4.025651e-09 
114.0351387 3.847816e-09 
112.6776263 2.021162e-09 
115.3926986 2.861435e-09 
115.392865 3.246509e-09 
116.7503774 3.277281e-09 
118.1081047 3.337895e-09 
116.7505345 2.472491e-09 
118.1082537 1.606362e-09 
119.4656145 1.899808e-09 
119.4657756 3.061842e-09 
120.8233433 2.394737e-09 
122.1810153 2.592065e-09 
120.8234956 2.538713e-09 
122.1811581 1.861082e-09 
123.5387368 2.595377e-09 
123.5388709 1.203488e-09 
124.8962519 1.524868e-09 
126.2539753 1.815776e-09 
124.8964 2.276413e-09 
126.2541138 1.866384e-09 
127.6116393 1.86632e-09 
127.6117684 1.317667e-09 
130.3268776 9.640157e-10 
128.969355 1.790973e-09 
130.3270099 1.515915e-09 
128.9694753 8.642271e-10 
131.6845956 1.030571e-09 
131.684718 1.199395e-09 
133.0422517 1.027135e-09 
134.3999616 9.006145e-10 
133.0423646 8.319599e-10 
134.4000662 5.481022e-10 
135.7574972 3.47169e-10 
135.7576088 7.593864e-10 
137.1152088 3.242216e-10 
138.4728579 3.389041e-10 
137.1153116 5.622461e-10 
138.4729512 4.292255e-10 
139.8305616 2.805604e-10 
139.8306484 3.177065e-10 
141.188109 9.217637e-11 
142.5458127 8.907106e-11 
141.1882022 2.829666e-10 
142.5458994 2.455368e-10 
143.9034546 9.6842e-11 
143.9035333 2.714842e-10 
146.6186974 1.31414e-10 
145.2611507 1.07452e-10 
146.6187848 1.34656e-10 
145.2612258 2.731172e-10 
147.976392 1.098236e-10 
147.9764753 1.511737e-10 
149.334026 6.444968e-11 
150.6917143 7.071642e-11 
149.3341034 1.810453e-10 
150.6917904 1.830518e-10 
152.0492526 1.141916e-10 
152.0493415 6.448975e-11 
153.4069406 6.210833e-11 
154.7645677 8.686986e-12 
153.4070257 8.334734e-11 
154.7646481 9.841536e-11 
156.122251 1.484816e-11 
156.12233 1.208572e-10 
157.4797938 1.612538e-10 
158.8374788 2.232227e-10 
157.479873 9.126781e-12 
158.8375539 3.030983e-11 
160.1951014 3.074253e-10 
160.1951729 3.43475e-11 
162.9103433 1.047408e-09 
161.5527835 3.500733e-10 
162.9104027 3.596233e-10 
161.552853 5.608646e-11 
164.2680258 1.103249e-09 
164.2680836 3.277358e-10 
165.625644 1.073241e-09 
166.9833247 9.348018e-10 
165.6257011 2.613746e-10 
166.9833823 1.979094e-10 
168.3408864 9.055901e-10 
168.3409405 7.30939e-10 
169.698563 7.674278e-10 
171.0561745 5.544479e-10 
169.6986209 4.981866e-10 
171.0562357 2.817999e-10 
172.4138509 3.403808e-10 
172.4139168 1.227826e-10 
173.7713894 2.009559e-10 
175.1290594 1.707941e-10 
173.7714612 1.51488e-10 
175.1291386 5.063469e-11 
176.486665 1.232439e-10 
176.4867486 3.307221e-11 
179.2018566 1.462057e-10 
177.8443375 1.423268e-10 
179.201944 1.829418e-10 
177.8444277 1.268922e-10 
180.559525 1.504674e-10 
180.5596197 3.072954e-10 
181.9171308 1.201643e-10 
183.2748044 1.328697e-10 
181.9172273 4.388351e-10 
183.2749064 6.027264e-10 
184.6323318 5.203138e-10 
184.632413 1.290746e-10 
185.990004 4.267245e-10 
187.3476152 3.010437e-10 
185.9900916 1.659105e-10 
187.3477024 1.832706e-10 
188.7052936 2.133068e-10 
188.705385 2.024745e-10 
190.0628382 8.672199e-10 
191.4205147 5.529086e-10 
190.0629083 1.207826e-10 
191.4205914 8.291649e-11 
192.7781311 3.454102e-10 
192.7782074 4.043689e-11 
195.4933494 1.128689e-10 
194.1358132 1.73537e-10 
195.4934323 9.579721e-11 
194.1358928 3.514151e-11 
196.8510283 6.72536e-11 
196.8511167 3.768851e-11 
198.2086469 2.543845e-10 
199.5663302 3.67353e-10 
198.208734 2.560621e-11 
199.5664166 9.552402e-12 
200.9238297 1.25247e-09 
200.923949 5.497757e-10 
202.2815119 1.735077e-09 
203.6391312 2.241464e-09 
202.2816301 6.24499e-10 
203.6392436 6.39244e-10 
204.9967895 2.84341e-09 
204.9968985 5.288008e-10 
108.6044013 4.059544e-09 
108.6045811 3.200149e-09 
111.3196362 2.328481e-09 
111.3198167 4.171082e-09 
114.035054 3.596143e-09 
114.0352187 2.766895e-09 
116.7502909 2.057721e-09 
116.7504585 3.465935e-09 
119.465698 2.937782e-09 
119.4658478 2.162541e-09 
122.1809348 1.727162e-09 
122.1810896 2.662143e-09 
124.8963291 2.239974e-09 
124.8964651 1.579318e-09 
127.6115659 1.272619e-09 
127.6117067 1.898457e-09 
130.3269466 1.457325e-09 
130.3270681 1.070191e-09 
133.0421879 6.318016e-10 
133.0423103 1.127095e-09 
135.7575554 6.313078e-10 
135.7576586 6.096104e-10 
138.4728048 1.671047e-10 
138.4729062 4.655512e-10 
141.1881583 1.721905e-10 
141.1882429 3.200305e-10 
143.9034073 9.107209e-11 
143.9034958 1.89805e-10 
146.6187444 6.980592e-11 
146.6188208 2.347713e-10 
149.3339786 1.584892e-10 
149.334067 9.323124e-11 
152.0492996 4.749684e-11 
152.0493793 1.301882e-10 
154.7645231 4.993784e-11 
154.7646092 3.269618e-11 
157.4798338 4.443756e-11 
157.4799116 6.33994e-11 
160.1950674 5.671361e-10 
160.1951366 9.194162e-11 
162.910372 7.582693e-10 
162.9104354 9.329186e-11 
165.625618 1.200982e-09 
165.6256715 6.690562e-10 
168.3409131 9.665444e-10 
168.340969 3.789902e-10 
171.056144 4.620081e-10 
171.0562051 4.663439e-10 
173.771425 2.12317e-10 
173.7714966 7.256475e-11 
176.4866251 1.421482e-10 
176.4867069 7.363375e-11 
179.2018982 1.402521e-10 
179.2019912 2.396856e-10 
181.9170905 2.394114e-10 
181.9171773 2.231811e-10 
184.6323686 1.453328e-10 
184.6324626 3.931145e-10 
187.3475817 8.473057e-10 
187.347656 6.605398e-11 
190.0628704 4.394737e-10 
190.0629505 4.397313e-11 
192.7780961 4.767688e-10 
192.7781684 1.65312e-10 
195.4933917 1.282133e-10 
195.4934702 4.951625e-11 
198.2085941 3.689248e-10 
198.2086942 1.031554e-10 
200.9238934 1.049653e-09 
200.923993 1.523731e-10 
203.6390606 2.027523e-09 
203.6391938 1.570622e-09 
108.6043062 2.414431e-09 
108.6044929 4.40299e-09 
109.9621367 4.295252e-09 
109.9623095 2.186703e-09 
111.3197285 3.867012e-09 
111.3199008 3.017263e-09 
114.0349647 2.203939e-09 
112.6773725 3.067353e-09 
114.0351387 3.847655e-09 
112.677546 3.569686e-09 
115.3927842 3.696906e-09 
115.3929412 1.820857e-09 
118.1080223 2.635894e-09 
116.7503774 3.277635e-09 
118.1081817 2.893956e-09 
116.7505345 2.472217e-09 
119.4656145 1.899879e-09 
119.4657756 3.061845e-09 
122.1810153 2.592512e-09 
120.8234224 2.969277e-09 
120.8235638 1.396293e-09 
122.1811581 1.860741e-09 
123.538661 2.128003e-09 
123.5388065 2.196147e-09 
124.8962519 1.524781e-09 
126.2540476 2.207378e-09 
124.8964 2.276518e-09 
126.2541748 1.028212e-09 
127.6116393 1.866424e-09 
127.6117684 1.317551e-09 
130.3268776 9.640163e-10 
128.9692867 1.445263e-09 
130.3270099 1.515828e-09 
128.9694176 1.53725e-09 
131.6846594 1.344878e-09 
131.6847723 7.040569e-10 
134.3999029 6.298943e-10 
133.0422517 1.026986e-09 
134.4000157 8.615875e-10 
133.0423646 8.320004e-10 
135.7574972 3.472093e-10 
135.7576088 7.591736e-10 
138.4728579 3.388186e-10 
137.1152623 5.25652e-10 
138.4729512 4.29241e-10 
137.115358 4.103925e-10 
139.8305127 1.529993e-10 
139.8306063 3.526495e-10 
141.188109 9.216726e-11 
141.1882022 2.828622e-10 
142.5458584 1.596711e-10 
142.5459379 2.823611e-10 
143.9034546 9.68537e-11 
143.9035333 2.715271e-10 
145.2611064 8.597957e-11 
146.6186974 1.31407e-10 
146.6187848 1.346462e-10 
145.2611898 1.949878e-10 
147.9764365 8.266818e-11 
147.9765106 2.415926e-10 
150.6916694 1.13928e-10 
149.334026 6.451253e-11 
150.6917542 1.101415e-10 
149.3341034 1.811176e-10 
152.0492527 1.142017e-10 
152.0493415 6.452525e-11 
154.7645677 8.706234e-12 
153.406985 4.775216e-11 
154.7646481 9.849895e-11 
153.4070635 1.385894e-10 
156.1222091 3.511708e-11 
156.1222913 5.340374e-11 
157.4797938 1.613911e-10 
157.479873 9.14692e-12 
158.8375162 7.482852e-11 
158.8375921 9.208803e-11 
160.1951014 3.074502e-10 
160.1951729 3.436674e-11 
161.5527514 6.749451e-10 
162.9103433 1.047712e-09 
162.9104027 3.595896e-10 
161.5528173 1.055964e-10 
164.2680538 7.446094e-10 
164.2681159 8.907343e-11 
166.983298 1.137058e-09 
165.625644 1.07319e-09 
166.9833525 5.366016e-10 
165.6257011 2.61221e-10 
168.3408864 9.058198e-10 
168.3409405 7.308106e-10 
171.0561745 5.543447e-10 
169.6985919 7.28832e-10 
171.0562357 2.816468e-10 
169.6986505 2.397956e-10 
172.413817 3.535409e-10 
172.4138842 2.357432e-10 
173.7713894 2.010388e-10 
173.7714612 1.513983e-10 
175.1290991 1.221737e-10 
175.1291768 8.276672e-12 
176.486665 1.232886e-10 
176.4867486 3.305782e-11 
177.8442934 1.533846e-10 
179.2018566 1.462777e-10 
179.201944 1.830182e-10 
177.844383 1.305774e-10 
180.5595706 1.836332e-10 
180.5596698 4.297193e-10 
183.2747604 2.124836e-10 
181.9171308 1.202312e-10 
183.2748539 3.165982e-10 
181.9172273 4.38943e-10 
184.6323317 5.204655e-10 
184.632413 1.291029e-10 
187.3476152 3.012175e-10 
185.9900445 1.148266e-10 
187.3477024 1.832928e-10 
185.9901431 4.709328e-10 
188.7052563 6.367474e-10 
188.705337 6.273299e-11 
190.0628382 8.674312e-10 
191.4205511 2.844398e-10 
190.0629083 1.207081e-10 
191.420635 4.644926e-11 
192.7781311 3.455979e-10 
192.7782074 4.041332e-11 
195.4933494 1.128964e-10 
194.1357739 1.987365e-10 
195.4934323 9.578107e-11 
194.1358528 9.73492e-11 
196.8510746 5.477998e-11 
196.8511551 3.279779e-11 
199.5662745 6.399116e-10 
198.2086469 2.544265e-10 
199.5663775 1.111874e-10 
198.208734 2.562897e-11 
200.9238297 1.252181e-09 
200.923949 5.499607e-10 
203.6391312 2.24153e-09 
202.2815766 1.328258e-09 
203.6392436 6.39122e-10 
202.2816724 1.295027e-10 
204.9967208 2.799629e-09 
204.9968491 1.734249e-09 
109.9620447 3.236559e-09 
109.9622249 3.83483e-09 
112.6774615 4.025555e-09 
112.6776263 2.020922e-09 
115.3926986 2.861836e-09 
115.392865 3.246197e-09 
118.1081047 3.33817e-09 
118.1082537 1.605934e-09 
120.8233433 2.395197e-09 
120.8234956 2.538365e-09 
123.5387368 2.595793e-09 
123.5388709 1.203017e-09 
126.2539753 1.815973e-09 
126.2541138 1.866245e-09 
128.969355 1.791067e-09 
128.9694753 8.639493e-10 
131.6845956 1.03059e-09 
131.684718 1.199369e-09 
134.3999616 9.005108e-10 
134.4000662 5.479667e-10 
137.1152088 3.242659e-10 
137.1153116 5.621799e-10 
139.8305616 2.805423e-10 
139.8306484 3.175882e-10 
142.5458127 8.915482e-11 
142.5458994 2.454865e-10 
145.2611507 1.074987e-10 
145.2612258 2.730602e-10 
147.976392 1.099229e-10 
147.9764753 1.511697e-10 
150.6917143 7.078638e-11 
150.6917904 1.830341e-10 
153.4069405 6.217348e-11 
153.4070257 8.338486e-11 
156.122251 1.490911e-11 
156.12233 1.208605e-10 
158.8374788 2.232873e-10 
158.8375539 3.033183e-11 
161.5527835 3.501276e-10 
161.552853 5.606105e-11 
164.2680258 1.103266e-09 
164.2680836 3.276202e-10 
166.9833247 9.347065e-10 
166.9833823 1.978142e-10 
169.698563 7.67304e-10 
169.6986209 4.979868e-10 
172.4138509 3.402253e-10 
172.4139168 1.227494e-10 
175.1290594 1.707386e-10 
175.1291386 5.054437e-11 
177.8443375 1.423113e-10 
177.8444277 1.268955e-10 
180.559525 1.504742e-10 
180.5596197 3.073984e-10 
183.2748044 1.328732e-10 
183.2749064 6.027204e-10 
185.990004 4.2688e-10 
185.9900916 1.659502e-10 
188.7052936 2.133243e-10 
188.705385 2.024393e-10 
191.4205147 5.531684e-10 
191.4205914 8.282652e-11 
194.1358132 1.735466e-10 
194.1358928 3.518097e-11 
196.8510283 6.722331e-11 
196.8511167 3.770254e-11 
199.5663302 3.675093e-10 
199.5664166 9.55539e-12 
202.2815119 1.734878e-09 
202.2816301 6.245577e-10 
204.9967895 2.843594e-09 
204.9968985 5.286857e-10 
