# c_kinat vs. Position.Y (2660 data points):
# Position.Y c_kinat
1.3447136 5.288151e-10 
2.7018532 3.806663e-10 
2.7024316 2.142984e-10 
4.0596651 2.270467e-10 
5.4174104 1.463602e-10 
4.0602388 4.944338e-11 
5.4179873 1.934636e-10 
6.7752199 2.85875e-10 
8.1323842 8.283e-12 
9.4901979 6.210752e-10 
8.132974 3.894469e-10 
9.490788 3.352847e-10 
10.8479649 1.111071e-09 
10.8485378 1.052036e-10 
13.5629582 9.993775e-10 
12.2057757 1.034453e-09 
13.5635299 8.758381e-10 
14.9207682 2.162385e-09 
14.9213361 8.475295e-10 
16.278526 1.817084e-09 
17.6363352 5.800696e-10 
16.279088 1.303647e-09 
18.993507 1.678445e-09 
18.9940906 6.973683e-10 
20.3513262 1.94289e-09 
21.7090921 2.475742e-09 
20.3519163 1.590651e-09 
21.7096822 2.873098e-09 
24.424072 5.243321e-09 
23.0669263 1.071853e-09 
24.4246899 4.118287e-10 
25.7819081 3.889629e-09 
25.7825176 1.164602e-09 
27.1396801 1.422589e-09 
28.4975089 5.776613e-10 
27.1402896 2.603678e-09 
29.854655 2.381339e-09 
29.8552879 2.651415e-10 
31.2124814 2.44173e-09 
32.570271 2.83133e-09 
31.2131292 4.781548e-10 
32.5709126 6.594645e-10 
33.9281152 2.115915e-09 
36.6431168 1.441564e-09 
35.2852716 1.96955e-09 
35.2859101 1.037477e-09 
36.6437568 5.594918e-10 
38.0009047 7.992304e-10 
38.0015421 3.723536e-10 
40.7159379 1.852696e-09 
39.35875 3.969925e-10 
40.7165461 6.09406e-10 
42.0737818 1.359195e-09 
42.0743968 1.271897e-09 
43.4315709 5.825823e-11 
44.7894294 7.263221e-10 
43.4322032 1.005181e-09 
46.1466345 2.283479e-10 
46.1472439 1.099237e-09 
47.5044996 1.964414e-10 
48.8623152 2.56002e-10 
47.5050965 2.377669e-10 
48.8628875 1.810022e-10 
50.2201761 1.723786e-10 
52.9352636 1.582092e-10 
51.5773976 4.904848e-10 
51.5779689 9.149349e-10 
52.9358216 1.449315e-09 
54.2930719 4.979963e-10 
54.2936067 7.28203e-10 
57.0081661 5.367588e-10 
55.6509381 6.217148e-10 
57.0087331 9.809094e-10 
58.3660443 1.043416e-09 
58.3665871 8.346632e-10 
59.7238643 7.543624e-10 
61.0817266 7.155874e-10 
59.7243744 1.942945e-09 
62.4389797 2.636559e-09 
62.4395246 8.453508e-10 
63.7968499 2.202572e-09 
65.1546611 1.671074e-09 
63.7973664 1.185416e-09 
65.1551629 1.43634e-09 
66.5125172 1.320089e-09 
69.2276591 4.310218e-09 
67.8697929 3.089217e-09 
67.8703286 3.954071e-10 
69.2281899 1.392934e-10 
70.5854793 3.825674e-09 
70.5859927 1.899547e-09 
73.3006428 3.928098e-09 
71.94335 1.827296e-09 
73.301166 2.145567e-10 
74.6585159 2.731847e-09 
74.6590232 6.877852e-10 
76.016331 1.288152e-09 
77.3741941 1.18685e-09 
76.0168398 1.468529e-09 
78.7315251 8.282559e-10 
78.7320226 2.458775e-09 
80.0893949 4.272935e-10 
81.4472151 6.608137e-10 
80.0898859 2.52135e-09 
81.4477109 9.863268e-10 
82.8050847 5.769068e-10 
85.5203236 1.552829e-10 
84.1624564 1.163538e-10 
84.1629057 6.551202e-10 
85.5207666 8.092547e-10 
86.8781344 4.952033e-10 
86.8785685 6.81653e-10 
89.5934092 8.945088e-10 
88.2359921 7.786814e-10 
89.5937957 4.875293e-10 
90.951262 1.21635e-09 
90.951647 9.191157e-11 
92.3090638 1.05213e-09 
93.6669104 9.751427e-10 
92.3094463 3.048464e-10 
95.024358 7.621186e-10 
95.0247107 1.598477e-09 
96.3822086 8.50137e-10 
97.7400036 1.428916e-09 
96.382543 1.171505e-09 
97.7403338 5.453953e-10 
99.097839 2.103391e-09 
101.813145 9.561489e-10 
100.4553111 3.752196e-10 
100.4556231 1.351767e-09 
101.8134582 1.51754e-09 
103.1709324 1.6464e-09 
103.171235 8.462883e-10 
105.8862433 4.568403e-10 
104.5287665 2.367959e-09 
105.8865461 2.36413e-09 
107.2440723 9.841012e-10 
107.2443754 8.435167e-10 
1.344423 1.022285e-09 
1.3449867 5.840394e-10 
2.7021522 3.811749e-10 
2.7027124 2.034896e-10 
5.4171161 1.237669e-10 
4.0599565 1.973815e-10 
5.4176994 3.219386e-10 
6.774923 2.367321e-11 
6.775513 3.428216e-10 
8.1326788 2.715151e-10 
9.4904952 8.146573e-10 
8.1332645 2.111504e-10 
10.8476666 4.122135e-10 
10.8482538 4.638792e-10 
12.205484 1.739746e-09 
13.5632491 1.774249e-09 
12.2060622 1.802084e-10 
13.5638101 5.780346e-10 
14.9210551 8.667777e-10 
16.2782389 1.627831e-09 
17.6360483 1.396782e-09 
16.2788048 8.722995e-10 
17.6366175 1.410825e-09 
18.9938041 1.399134e-09 
18.9943786 1.789317e-09 
21.7087846 3.435854e-09 
20.3516275 9.245355e-10 
21.7093873 9.282034e-10 
23.0666185 3.465005e-09 
24.4243873 2.118236e-09 
23.067216 1.261388e-09 
24.424985 3.156484e-09 
25.7822192 4.678214e-10 
27.1393652 3.473666e-09 
28.4971917 2.275407e-09 
27.1399865 1.363007e-10 
28.4978193 6.385918e-10 
29.8549686 1.595888e-09 
29.8555998 9.068394e-10 
32.5699529 2.220202e-09 
31.2128037 1.715905e-09 
32.570596 1.066241e-09 
33.9277875 2.333203e-09 
33.9284458 7.620965e-10 
35.2855831 2.504301e-09 
36.6434322 1.440381e-09 
35.2862283 7.533883e-10 
38.0006027 1.324912e-09 
38.0012252 5.428131e-10 
39.3584479 1.413121e-09 
40.7162303 1.25659e-10 
39.359072 4.244339e-10 
40.7168674 4.816288e-10 
42.0740808 3.203813e-10 
43.431276 1.485635e-09 
44.7891311 2.503954e-10 
43.431889 1.381433e-09 
44.7897428 1.129896e-09 
46.1469389 5.006235e-10 
46.1475449 2.569532e-10 
48.8620121 2.026327e-10 
47.504803 4.254874e-10 
48.8626084 1.162409e-10 
50.2198833 2.617122e-10 
50.2204558 6.657938e-10 
51.5776948 9.33622e-11 
52.9355548 5.947739e-10 
51.578239 8.084062e-10 
54.2927774 2.575453e-10 
54.2933447 1.519444e-09 
55.6506479 1.872488e-10 
57.0084619 6.121306e-10 
55.6512015 8.951963e-10 
57.0089902 6.669066e-10 
58.3663312 4.266914e-10 
59.7235668 1.936559e-09 
61.0814467 2.078827e-09 
59.7241309 4.638429e-10 
61.0819751 1.310546e-09 
62.439264 1.204062e-09 
62.4397643 2.178635e-09 
65.1543857 2.366149e-09 
63.7971171 1.378876e-09 
65.154921 6.045097e-10 
66.512248 3.193753e-09 
66.5127731 1.904393e-10 
67.8700633 3.453165e-09 
69.2279294 2.432839e-09 
67.8705752 1.277159e-09 
70.5852105 4.180425e-09 
70.5857462 4.412432e-10 
71.9430844 4.883056e-09 
73.3009056 2.928097e-09 
71.9436064 2.341378e-10 
73.3014107 1.777506e-09 
74.6587698 1.270475e-09 
76.0160814 1.862443e-09 
77.3739509 1.07913e-09 
76.0165894 1.192636e-09 
77.3744477 1.991467e-09 
78.7317673 1.15291e-09 
78.7322743 1.466035e-09 
81.4469828 1.63983e-10 
80.0896332 1.249501e-09 
81.4474635 1.903132e-09 
82.8048542 5.611374e-11 
82.8053276 1.195269e-09 
84.1626731 1.645007e-10 
85.5205385 6.717195e-10 
84.1631398 5.01419e-10 
86.8779342 7.622112e-10 
86.8783469 6.709832e-10 
88.2357905 8.280768e-10 
89.5935945 9.921447e-10 
88.2362062 6.906001e-10 
89.5940049 3.40073e-10 
90.9514483 6.179318e-10 
92.3088813 8.344014e-10 
93.6667327 1.026765e-09 
92.3092513 6.9038e-10 
93.6670943 5.242335e-10 
95.0245329 1.150245e-09 
95.0248906 9.782471e-10 
97.7398361 2.905079e-10 
96.3823749 1.709736e-09 
97.7401666 1.446061e-09 
99.0976788 8.433121e-10 
99.0979982 1.00317e-09 
100.4554682 1.745609e-09 
101.8133036 2.617135e-09 
100.4557811 7.526546e-11 
103.1707794 8.015236e-10 
103.1710826 2.36149e-09 
104.5286093 1.113257e-09 
105.8863954 1.901962e-09 
104.5289185 1.709393e-09 
105.8866918 6.603548e-10 
107.2442264 2.294969e-09 
2.7018538 4.640312e-10 
2.7024326 1.381027e-10 
5.4174103 1.461075e-10 
5.417988 2.520893e-10 
8.1323815 6.303022e-12 
8.1329745 4.459272e-10 
10.8479625 9.182771e-10 
10.8485391 1.323748e-10 
13.5629581 1.256843e-09 
13.5635299 7.372447e-10 
16.2785272 1.512477e-09 
16.279086 1.070619e-09 
18.9935116 1.605707e-09 
18.9940877 9.411742e-10 
21.709092 2.330451e-09 
21.7096794 2.153372e-09 
24.4240739 4.559032e-09 
24.424687 4.397609e-10 
27.1396772 9.562203e-10 
27.1402907 2.08371e-09 
29.8546537 1.998418e-09 
29.855287 3.695779e-10 
32.5702669 2.816517e-09 
32.5709161 6.620339e-10 
35.2852688 2.103392e-09 
35.2859113 1.231009e-09 
38.0009041 1.092245e-09 
38.0015446 4.395986e-10 
40.7159367 1.52271e-09 
40.7165496 5.450862e-10 
43.4315757 1.549758e-10 
43.4322027 7.145732e-10 
46.1466345 8.195185e-11 
46.1472485 1.024925e-09 
48.8623213 2.844422e-10 
48.8628863 2.072628e-10 
51.5773963 4.600755e-10 
51.5779732 8.092744e-10 
54.2930743 4.018145e-10 
54.2936079 6.084508e-10 
57.0081626 5.390152e-10 
57.0087359 6.453252e-10 
59.7238626 8.93246e-10 
59.7243775 1.711277e-09 
62.4389759 2.578933e-09 
62.4395258 8.411312e-10 
65.1546597 2.373552e-09 
65.1551646 1.285852e-09 
67.8697916 3.100069e-09 
67.8703284 6.602087e-10 
70.5854812 4.8172e-09 
70.5859907 2.042645e-09 
73.300644 3.882999e-09 
73.3011651 2.325403e-10 
76.0163344 1.731918e-09 
76.016836 1.261695e-09 
78.7315263 6.450181e-10 
78.7320214 2.315768e-09 
81.447216 7.402873e-10 
81.4477087 8.847362e-10 
84.1624557 1.947035e-10 
84.1629047 6.26734e-10 
86.8781317 4.930646e-10 
86.8785691 8.227557e-10 
89.5934068 1.164932e-09 
89.5937951 6.599415e-10 
92.3090598 1.073389e-09 
92.309448 2.400649e-10 
95.0243556 6.287364e-10 
95.0247104 1.370351e-09 
97.740001 1.538481e-09 
97.7403344 4.948248e-10 
100.4553102 3.988713e-10 
100.4556225 1.671084e-09 
103.1709313 2.067727e-09 
103.171234 7.392554e-10 
105.8862438 3.139744e-10 
105.8865445 2.598304e-09 
1.3447129 5.471234e-10 
2.7021532 3.47833e-10 
2.7027128 1.986618e-10 
4.0596654 2.667418e-10 
5.4171161 1.510256e-10 
5.4177004 3.639347e-10 
4.0602396 5.026705e-11 
6.7752211 3.110613e-10 
9.4901967 5.120549e-10 
8.1326788 2.871656e-10 
9.490789 3.629568e-10 
8.1332646 2.666655e-10 
10.8476648 4.248815e-10 
10.8482547 3.998609e-10 
13.5632494 1.263577e-09 
12.205777 7.373015e-10 
13.5638086 5.458536e-10 
14.9207727 1.625351e-09 
14.9213331 8.614639e-10 
16.2782424 1.310761e-09 
16.2788024 9.876169e-10 
17.6363356 9.504175e-10 
18.9938041 1.580602e-09 
18.9943757 1.252705e-09 
20.351332 1.339459e-09 
21.7087881 2.817998e-09 
21.7093836 7.766163e-10 
20.351911 1.203267e-09 
24.4243853 2.113409e-09 
23.0669248 1.288295e-09 
24.4249847 2.570119e-09 
25.7819087 3.216433e-09 
25.7825159 8.484683e-10 
27.1393638 2.738182e-09 
27.139986 8.614076e-11 
28.4975071 5.603889e-10 
29.8549655 1.495003e-09 
29.8556029 7.266732e-10 
31.2124777 2.300851e-09 
32.5699489 2.211424e-09 
32.5705982 1.295996e-09 
31.2131319 5.556081e-10 
33.9281146 2.490169e-09 
36.6431139 1.823864e-09 
35.2855814 2.974832e-09 
36.6437607 5.889394e-10 
35.2862317 8.534213e-10 
38.0006007 1.556518e-09 
38.0012281 5.68085e-10 
40.7162333 2.701444e-10 
39.3587531 5.248155e-10 
40.7168673 3.947515e-10 
42.0737842 1.072004e-09 
42.0743988 9.827651e-10 
43.4312781 1.012298e-09 
43.4318915 1.140356e-09 
44.7894353 8.166585e-10 
46.1469459 5.591112e-10 
46.1475416 2.651635e-10 
47.504505 2.734973e-10 
48.8620148 3.256382e-10 
48.862611 2.305412e-10 
47.5050967 2.070678e-10 
50.2201811 1.57952e-10 
52.9352662 1.789299e-10 
51.577701 5.71144e-11 
52.9358223 1.17571e-09 
51.5782367 6.96111e-10 
54.2927767 2.57608e-10 
54.2933478 1.222315e-09 
57.0084636 5.829811e-10 
55.6509393 3.780798e-10 
57.0089914 5.999007e-10 
58.366042 1.145792e-09 
58.3665893 6.581569e-10 
59.7235627 2.011194e-09 
59.7241336 4.120638e-10 
61.0817248 1.02767e-09 
62.4392627 1.630614e-09 
62.439767 2.011769e-09 
63.7968463 2.71479e-09 
65.1543829 2.568445e-09 
65.1549217 6.101621e-10 
63.7973686 9.452277e-10 
66.5125154 1.938677e-09 
69.2276582 5.186772e-09 
67.8700628 4.323901e-09 
69.22819 2.245424e-10 
67.8705755 1.473719e-09 
70.5852117 4.746636e-09 
70.5857443 5.269919e-10 
73.3009076 3.555586e-09 
71.9433498 2.28488e-09 
73.3014077 1.987829e-09 
74.6585178 3.028309e-09 
74.6590216 4.924912e-10 
76.0160849 2.014741e-09 
76.0165865 8.519424e-10 
77.3741949 1.28042e-09 
78.7317695 1.203402e-09 
78.7322705 1.33409e-09 
80.0893961 3.950064e-10 
81.4469844 1.036915e-10 
81.4474616 1.470314e-09 
80.089885 2.087621e-09 
82.8050856 5.498703e-10 
85.5203215 1.621718e-10 
84.1626731 1.136593e-10 
85.5207683 8.803065e-10 
84.1631383 5.532546e-10 
86.8779318 9.994116e-10 
86.8783471 1.015382e-09 
89.5935921 1.168386e-09 
88.2359932 1.135288e-09 
89.5940059 4.005707e-10 
90.9512581 1.192671e-09 
90.9516503 9.872364e-11 
92.3088765 8.675571e-10 
92.3092529 6.143942e-10 
93.6669117 9.294123e-10 
95.0245299 1.273085e-09 
95.024892 9.212727e-10 
96.3822064 8.815175e-10 
97.7398324 3.263448e-10 
97.7401673 1.526213e-09 
96.3825451 1.081547e-09 
99.09784 2.4676e-09 
101.8131459 9.913042e-10 
100.4554663 2.095024e-09 
101.8134574 1.604961e-09 
100.455781 6.32581e-11 
103.170779 5.595862e-10 
103.1710814 2.694177e-09 
105.8863946 2.301524e-09 
104.5287664 2.854311e-09 
105.8866901 5.907915e-10 
107.2440745 1.1801e-09 
107.2443729 7.877208e-10 
1.3444227 9.708243e-10 
1.3449863 6.179085e-10 
4.0599571 1.834451e-10 
6.7749243 5.675218e-11 
6.7755139 3.788083e-10 
9.4904978 6.653861e-10 
12.2054877 1.221347e-09 
12.2060598 2.714224e-10 
14.9210546 1.069539e-09 
17.6360542 1.011003e-09 
17.6366123 1.007025e-09 
20.3516251 1.251883e-09 
23.0666218 3.189536e-09 
23.0672128 7.456626e-10 
25.782218 5.717681e-10 
28.4971904 2.114113e-09 
28.497821 6.025644e-10 
31.2128046 1.995579e-09 
33.927785 2.79203e-09 
33.9284498 7.383551e-10 
36.6434347 1.636686e-09 
39.3584493 1.534485e-09 
39.3590734 3.030125e-10 
42.0740846 3.208324e-10 
44.7891373 2.641145e-10 
44.7897407 9.883873e-10 
47.5048073 4.801849e-10 
50.2198896 2.825071e-10 
50.2204536 6.023409e-10 
52.935558 4.36435e-10 
55.6506492 2.471455e-10 
55.6512023 8.257312e-10 
58.3663323 5.119034e-10 
61.0814438 2.399187e-09 
61.0819782 1.220747e-09 
63.7971167 1.527722e-09 
66.5122457 3.929599e-09 
66.5127752 1.940279e-10 
69.2279287 2.576984e-09 
71.9430855 5.693319e-09 
71.9436059 4.769126e-10 
74.6587702 1.231706e-09 
77.373954 1.283375e-09 
77.3744462 1.462627e-09 
80.0896354 9.28115e-10 
82.8048558 9.078825e-11 
82.805328 8.820878e-10 
85.5205423 1.04085e-09 
88.2357894 8.880552e-10 
88.2362094 8.561768e-10 
90.9514526 1.003794e-09 
93.6667308 1.149328e-09 
93.6670979 3.687426e-10 
96.3823777 1.841403e-09 
99.0976785 9.094934e-10 
99.0979991 1.12539e-09 
101.8133038 3.073311e-09 
104.5286111 1.133516e-09 
104.5289167 1.667059e-09 
107.2442248 2.38127e-09 
1.3447115 5.726945e-10 
2.7018551 4.996704e-10 
2.7024318 1.280827e-10 
4.0596664 2.525278e-10 
5.4174117 1.757075e-10 
4.0602391 5.090513e-11 
5.4179878 2.610465e-10 
6.7752239 3.142816e-10 
8.1323812 2.946162e-11 
9.4902015 3.77927e-10 
8.1329764 4.558408e-10 
9.4907876 4.252633e-10 
10.8479645 6.559972e-10 
10.8485369 2.303167e-10 
13.5629593 9.015491e-10 
12.2057778 8.135358e-10 
13.5635291 9.226957e-10 
14.9207767 1.270783e-09 
14.9213291 7.228479e-10 
16.278527 1.46897e-09 
17.6363322 1.122359e-09 
16.2790838 8.146812e-10 
18.9935147 1.170832e-09 
18.9940846 7.108786e-10 
20.3513347 1.434352e-09 
21.7090905 2.7037e-09 
20.3519085 7.13774e-10 
21.7096788 1.798029e-09 
24.4240739 4.020535e-09 
24.4246862 1.63905e-10 
23.066923 1.421128e-09 
25.7819095 3.474746e-09 
25.7825163 6.988888e-10 
27.1396759 1.103627e-09 
28.4975087 8.194984e-10 
27.1402923 1.941771e-09 
29.85465 1.710201e-09 
29.8552898 5.200683e-10 
31.2124773 2.594519e-09 
32.5702664 3.198674e-09 
31.2131347 4.988691e-10 
32.5709188 6.375539e-10 
33.9281181 2.60992e-09 
35.2852658 2.528278e-09 
36.6431152 2.240444e-09 
35.2859146 1.283139e-09 
36.6437618 5.027657e-10 
38.0009054 1.374495e-09 
38.0015453 4.783772e-10 
40.7159382 1.363754e-09 
40.7165504 3.934867e-10 
39.3587552 5.17432e-10 
42.0737885 1.170358e-09 
42.0743959 8.892962e-10 
43.4315798 1.81548e-10 
44.7894362 7.18521e-10 
43.4321999 8.003082e-10 
46.1466395 7.308112e-11 
46.1472478 9.765805e-10 
47.5045111 2.816855e-10 
48.8623271 2.773908e-10 
47.5050922 2.204022e-10 
48.8628821 1.733965e-10 
50.2201825 2.100111e-10 
51.5773998 4.910711e-10 
52.9352703 1.81718e-10 
51.5779736 8.265482e-10 
52.93582 1.196454e-09 
54.2930785 3.40939e-10 
54.2936057 5.477149e-10 
57.0081616 6.677402e-10 
57.0087381 6.160198e-10 
55.6509416 3.666835e-10 
58.3660423 1.298391e-09 
58.3665907 7.898395e-10 
59.7238637 1.063577e-09 
61.0817268 9.63015e-10 
59.7243784 1.722762e-09 
62.4389732 2.772568e-09 
62.4395276 7.322706e-10 
63.7968448 3.019058e-09 
65.1546589 2.682004e-09 
63.7973712 9.8762e-10 
65.155166 1.375111e-09 
66.5125159 1.518339e-09 
67.8697915 3.746224e-09 
69.2276579 5.721821e-09 
67.8703276 5.410507e-10 
69.2281911 5.595647e-10 
70.5854806 5.150188e-09 
70.5859902 2.439727e-09 
73.3006475 4.711438e-09 
73.3011618 1.455942e-10 
71.9433496 2.006326e-09 
74.65852 3.500728e-09 
74.659021 5.022936e-10 
76.0163351 1.768108e-09 
77.3741961 8.45368e-10 
76.0168335 1.416095e-09 
78.7315301 7.393095e-10 
78.7320183 1.630107e-09 
80.0893994 5.433847e-10 
81.4472171 5.508337e-10 
80.0898845 1.580876e-09 
81.4477061 8.662644e-10 
82.8050897 5.247857e-10 
84.1624559 2.1569e-10 
85.520324 2.556553e-10 
84.1629043 6.626248e-10 
85.5207697 8.770033e-10 
86.8781321 7.084857e-10 
86.8785682 8.727794e-10 
89.5934027 1.208974e-09 
89.5937975 1.020128e-09 
88.2359991 1.750629e-09 
90.951259 1.427744e-09 
90.9516531 8.230608e-11 
92.309059 1.413246e-09 
93.6669165 1.119633e-09 
92.3094487 2.255873e-10 
95.0243504 7.106025e-10 
95.0247129 1.2387e-09 
96.3822065 1.105476e-09 
97.7399995 1.800502e-09 
96.382547 1.109969e-09 
97.7403351 5.620504e-10 
99.0978415 2.701756e-09 
100.4553077 2.915431e-10 
101.8131464 9.589308e-10 
100.4556229 1.943204e-09 
101.8134571 1.611744e-09 
103.1709303 2.360011e-09 
103.1712334 7.05937e-10 
105.886245 1.686062e-10 
105.8865428 2.613085e-09 
104.5287651 2.769106e-09 
107.2440757 1.075905e-09 
107.2443713 8.603325e-10 
2.7021523 3.019059e-10 
2.7027123 1.922857e-10 
5.417117 1.163366e-10 
5.4177007 3.621666e-10 
8.1326826 3.573202e-10 
8.1332626 2.530249e-10 
10.8476664 4.467828e-10 
10.8482554 5.289306e-10 
13.5632507 1.122675e-09 
13.563806 5.444319e-10 
16.2782432 8.675418e-10 
16.2788007 9.991767e-10 
18.9938024 1.721471e-09 
18.9943762 1.154847e-09 
21.708788 2.750858e-09 
21.7093835 4.311187e-10 
24.4243848 2.518127e-09 
24.4249858 2.676446e-09 
27.1393616 2.633465e-09 
27.1399884 6.716519e-11 
29.854967 1.932966e-09 
29.8556038 7.938003e-10 
32.5699464 2.363276e-09 
32.5706018 1.307965e-09 
35.2855836 3.201463e-09 
35.2862317 7.947284e-10 
38.0006011 1.802275e-09 
38.0012288 4.97738e-10 
40.7162346 3.183138e-10 
40.7168655 5.274271e-10 
43.4312819 1.003988e-09 
43.4318886 1.010108e-09 
46.1469474 4.493387e-10 
46.1475384 4.220609e-10 
48.8620199 3.106037e-10 
48.8626077 3.045905e-10 
51.5777035 9.906792e-11 
51.5782332 5.976102e-10 
54.2927795 3.168779e-10 
54.2933469 1.318195e-09 
57.0084663 6.00089e-10 
57.0089893 6.878774e-10 
59.7235629 2.146053e-09 
59.7241347 4.477726e-10 
62.4392639 1.590377e-09 
62.4397668 2.180998e-09 
65.1543828 2.959125e-09 
65.1549221 3.581182e-10 
67.8700618 3.968578e-09 
67.8705762 1.694118e-09 
70.5852135 5.670054e-09 
70.5857425 5.000721e-10 
73.3009058 3.299494e-09 
73.301408 2.301517e-09 
76.0160882 2.567937e-09 
76.0165836 5.462448e-10 
78.7317689 9.391388e-10 
78.7322697 1.473283e-09 
81.4469865 1.56036e-10 
81.4474605 1.123232e-09 
84.1626745 1.627581e-10 
84.1631368 5.272883e-10 
86.8779307 8.557193e-10 
86.8783489 1.339777e-09 
89.5935942 1.60654e-09 
89.594005 3.478419e-10 
92.3088729 8.834222e-10 
92.3092559 6.148339e-10 
95.0245308 1.579039e-09 
95.0248921 1.04815e-09 
97.7398292 4.361782e-10 
97.7401692 1.579147e-09 
100.455466 2.217688e-09 
100.4557813 7.36554e-11 
103.1707783 3.695072e-10 
103.1710813 2.602572e-09 
105.8863947 2.146059e-09 
105.8866896 7.233716e-10 
1.3444221 8.248157e-10 
1.3449854 6.109346e-10 
2.7018554 4.488614e-10 
2.7024304 1.855811e-10 
5.4174127 2.038086e-10 
4.0599568 1.640903e-10 
5.4179869 2.056005e-10 
6.7749282 9.895564e-11 
6.7755128 3.548263e-10 
8.1323837 1.342508e-10 
8.132977 4.177035e-10 
9.4905002 6.890502e-10 
10.8479682 6.44403e-10 
10.8485343 2.552679e-10 
12.2054918 9.898034e-10 
13.5629602 6.672454e-10 
13.5635284 1.224784e-09 
12.206057 3.689869e-10 
14.9210518 1.330317e-09 
17.6360535 1.164962e-09 
16.2785257 1.548867e-09 
17.6366117 6.914607e-10 
16.2790845 8.258775e-10 
18.9935121 1.133263e-09 
18.9940857 4.560587e-10 
21.7090897 2.850662e-09 
20.3516225 1.117942e-09 
21.7096812 2.163265e-09 
23.0666215 3.708014e-09 
24.424072 4.312621e-09 
24.4246887 6.114237e-11 
23.0672141 6.085193e-10 
25.782219 8.09354e-10 
28.4971915 2.599298e-09 
27.139678 1.660215e-09 
28.4978224 6.21231e-10 
27.1402922 2.32167e-09 
29.8546491 1.900922e-09 
29.8552925 5.036478e-10 
32.5702703 3.474869e-09 
31.2128086 2.132994e-09 
32.5709171 6.34904e-10 
33.9277878 3.096108e-09 
33.92845 5.740762e-10 
35.2852668 2.67622e-09 
36.6434371 1.478218e-09 
35.2859154 1.11459e-09 
38.0009069 1.229251e-09 
38.0015432 4.111953e-10 
39.3584523 1.694169e-09 
40.7159403 1.523246e-09 
40.7165475 3.649263e-10 
39.3590706 2.789122e-10 
42.0740828 2.066756e-10 
44.7891402 3.682369e-10 
43.4315776 9.409675e-11 
44.789736 1.079567e-09 
43.4321986 1.151155e-09 
46.1466426 1.154963e-10 
46.1472428 9.820032e-10 
48.8623246 2.636704e-10 
47.5048046 4.484045e-10 
48.8628806 1.386141e-10 
50.2198924 2.437363e-10 
50.2204497 6.173988e-10 
51.5774032 4.318042e-10 
52.9355579 5.237363e-10 
51.5779695 8.933552e-10 
54.2930788 3.966186e-10 
54.2936032 6.039333e-10 
55.6506514 2.680374e-10 
57.0081646 6.733254e-10 
57.0087365 8.66173e-10 
55.651201 1.078259e-09 
58.366335 4.788408e-10 
61.0814452 2.465932e-09 
59.7238661 9.582833e-10 
61.0819791 1.47575e-09 
59.7243757 1.961006e-09 
62.4389754 2.955289e-09 
62.4395277 6.847093e-10 
65.1546598 2.061436e-09 
63.7971192 9.7834e-10 
65.1551652 1.559221e-09 
66.5122461 3.821051e-09 
66.5127765 4.203399e-10 
67.8697929 4.161285e-09 
69.2279293 1.871622e-09 
67.8703273 3.577074e-10 
70.5854784 4.304964e-09 
70.5859918 2.48508e-09 
71.943086 5.790833e-09 
73.3006485 5.316688e-09 
73.3011608 2.303094e-10 
71.9436066 7.841381e-10 
74.6587702 8.810696e-10 
77.3739558 1.552408e-09 
76.0163322 1.39014e-09 
77.3744464 1.309047e-09 
76.0168357 1.685978e-09 
78.7315312 1.006687e-09 
78.7320176 1.417929e-09 
81.4472169 4.552384e-10 
80.0896375 6.327719e-10 
81.4477067 9.271542e-10 
82.8048592 2.164583e-10 
82.8053283 7.13329e-10 
84.1624567 1.308637e-10 
85.5205471 1.322203e-09 
84.1629052 6.886205e-10 
86.878135 9.241337e-10 
86.8785671 7.343888e-10 
88.2357932 1.092722e-09 
89.5934026 9.620388e-10 
89.5937996 9.498919e-10 
88.2362099 7.916603e-10 
90.9514576 1.236194e-09 
93.6667332 1.472518e-09 
92.3090625 1.64991e-09 
93.6670986 4.115042e-10 
92.3094474 2.811733e-10 
95.0243496 9.418499e-10 
95.0247148 1.261848e-09 
97.7400013 1.810388e-09 
96.3823802 1.90829e-09 
97.740335 6.60949e-10 
99.0976791 9.577936e-10 
99.0979995 1.132714e-09 
100.455307 2.229e-10 
101.8133033 2.81965e-09 
100.4556238 1.748308e-09 
103.1709308 2.026306e-09 
103.171234 7.963058e-10 
104.5286108 9.300136e-10 
105.886245 1.451585e-10 
105.8865434 2.402342e-09 
104.5289166 1.678286e-09 
107.2442235 2.099132e-09 
1.3447112 5.581144e-10 
4.0596667 2.075865e-10 
4.060238 4.937379e-11 
6.7752245 2.969805e-10 
9.4902055 3.688025e-10 
9.4907858 4.423313e-10 
12.2057768 1.146676e-09 
14.9207747 1.445629e-09 
14.9213295 6.150636e-10 
17.6363297 9.171308e-10 
20.3513305 1.768004e-09 
20.3519123 7.219603e-10 
23.0669234 1.432101e-09 
25.7819093 4.183445e-09 
25.7825182 8.327317e-10 
28.4975116 1.037739e-09 
31.2124809 2.944554e-09 
31.2131337 3.980463e-10 
33.9281209 2.297649e-09 
36.6431189 2.057043e-09 
36.6437586 4.118135e-10 
39.3587534 4.281736e-10 
42.0737888 1.479819e-09 
42.0743922 1.093033e-09 
44.7894308 5.673925e-10 
47.5045096 2.233378e-10 
47.5050892 2.295093e-10 
50.2201784 2.274047e-10 
52.9352703 1.644333e-10 
52.9358179 1.447374e-09 
55.6509419 5.52766e-10 
58.3660449 1.296026e-09 
58.3665894 1.101203e-09 
61.0817298 6.121749e-10 
63.7968476 2.651146e-09 
63.7973707 1.322471e-09 
66.512518 8.09407e-10 
69.2276587 5.086928e-09 
69.2281917 6.626442e-10 
71.9433498 1.585079e-09 
74.6585195 3.476712e-09 
74.6590223 6.51625e-10 
77.3741962 5.911222e-10 
80.0894004 7.06361e-10 
80.0898852 1.638834e-09 
82.8050914 5.136792e-10 
85.5203277 3.391418e-10 
85.520769 7.345704e-10 
88.2360018 1.612867e-09 
90.9512635 1.623011e-09 
90.9516515 2.250347e-11 
93.6669183 1.091003e-09 
96.3822088 1.172424e-09 
96.3825461 1.208053e-09 
99.0978414 2.391395e-09 
101.8131459 8.025904e-10 
101.8134577 1.529506e-09 
104.5287644 2.246007e-09 
107.2440742 7.932966e-10 
107.2443726 9.672728e-10 
1.3444219 7.556061e-10 
1.3449852 5.856785e-10 
2.7021508 2.875509e-10 
2.7027115 1.917851e-10 
5.4171176 7.738855e-11 
4.059956 1.66894e-10 
5.4177 3.165138e-10 
6.7749292 6.474465e-11 
6.7755113 2.985634e-10 
8.1326849 3.49424e-10 
9.4904989 8.658392e-10 
8.1332614 1.882578e-10 
10.8476692 4.500415e-10 
10.8482549 7.073065e-10 
12.2054906 1.187969e-09 
13.5632513 1.438355e-09 
12.2060577 3.027376e-10 
13.563806 5.324102e-10 
14.9210505 1.374053e-09 
16.2782401 7.837094e-10 
17.6360471 1.431728e-09 
16.278802 9.376513e-10 
17.6366166 8.129128e-10 
18.9938012 1.62691e-09 
18.9943795 1.59585e-09 
21.7087843 2.971138e-09 
20.3516232 8.813385e-10 
21.709387 3.527811e-10 
23.0666179 4.275958e-09 
24.4243864 2.904172e-09 
23.0672182 9.592763e-10 
24.4249867 3.360191e-09 
25.7822208 8.748434e-10 
27.1393615 3.177238e-09 
28.4971935 3.080023e-09 
27.1399903 4.551656e-11 
28.4978215 6.66386e-10 
29.854971 2.331822e-09 
29.8556012 1.039763e-09 
32.5699489 2.51229e-09 
31.2128101 1.934469e-09 
32.5706017 1.0886e-09 
33.9277919 2.776294e-09 
33.9284462 4.996112e-10 
35.2855866 2.849592e-09 
36.643436 1.214349e-09 
35.2862282 6.551698e-10 
38.0006033 1.657351e-09 
38.0012263 4.223117e-10 
39.3584526 1.70742e-09 
40.7162323 2.356828e-10 
39.3590674 3.777694e-10 
40.7168645 7.288385e-10 
42.074078 1.317595e-10 
43.4312823 1.431495e-09 
44.7891356 4.915467e-10 
43.4318844 1.152321e-09 
44.7897352 1.298168e-09 
46.1469413 3.300427e-10 
46.1475397 5.480948e-10 
48.8620203 1.49072e-10 
47.5047986 3.298279e-10 
48.862603 1.93285e-10 
50.2198878 2.337896e-10 
50.2204495 6.92767e-10 
51.5776989 1.724543e-10 
52.9355547 7.19066e-10 
51.5782334 6.597034e-10 
54.2927819 2.967525e-10 
54.2933432 1.647762e-09 
55.6506514 2.30862e-10 
57.0084663 6.21534e-10 
55.6511995 1.356488e-09 
57.0089868 8.290963e-10 
58.3663357 4.507236e-10 
59.723567 2.163099e-09 
61.0814488 2.177957e-09 
59.7241328 6.080657e-10 
61.0819766 1.780221e-09 
62.439266 1.136678e-09 
62.4397639 2.449385e-09 
65.1543857 2.993169e-09 
63.7971213 6.534504e-10 
65.1549217 3.179863e-10 
66.5122487 3.044295e-09 
66.5127752 5.014435e-10 
67.8700617 2.999952e-09 
69.2279303 1.428426e-09 
67.8705763 1.600079e-09 
70.5852134 5.637131e-09 
70.5857432 4.547093e-10 
71.9430852 5.097643e-09 
73.3009027 2.644089e-09 
71.9436076 6.370157e-10 
73.3014112 2.259464e-09 
74.6587699 7.159945e-10 
76.0160867 2.771028e-09 
77.3739538 1.547848e-09 
76.0165848 6.839241e-10 
77.3744481 1.680546e-09 
78.7317664 7.628542e-10 
78.732273 1.6921e-09 
81.4469861 2.644695e-10 
80.0896366 6.528612e-10 
81.4474616 1.225328e-09 
82.8048597 2.497482e-10 
82.805328 8.615496e-10 
84.1626755 1.894828e-10 
85.5205462 9.668262e-10 
84.1631376 4.608259e-10 
86.8779324 5.657961e-10 
86.8783497 1.026854e-09 
88.2357966 1.053975e-09 
89.5935979 1.533604e-09 
88.2362072 5.354104e-10 
89.5940035 2.406911e-10 
90.9514565 8.671054e-10 
92.3088756 9.603538e-10 
93.6667367 1.393536e-09 
92.3092563 5.704626e-10 
93.6670955 5.937818e-10 
95.0245344 1.437754e-09 
95.0248907 1.180198e-09 
97.739831 4.910312e-10 
96.3823789 1.769452e-09 
97.7401696 1.501237e-09 
99.0976798 8.115162e-10 
99.0979988 1.023344e-09 
100.4554677 1.8429e-09 
101.8133028 2.256327e-09 
100.4557816 8.999797e-11 
103.1707784 4.147086e-10 
103.1710824 2.223653e-09 
104.5286089 8.171188e-10 
105.8863955 1.702155e-09 
104.5289184 1.723861e-09 
105.886691 8.922892e-10 
107.2442242 1.881579e-09 
2.7018541 3.803553e-10 
2.7024302 2.535166e-10 
5.4174118 1.826958e-10 
5.4179866 1.681657e-10 
8.1323856 9.772963e-11 
8.1329755 3.831771e-10 
10.8479685 8.884671e-10 
10.8485348 1.684444e-10 
13.5629595 6.152076e-10 
13.5635289 1.198139e-09 
16.2785251 1.788826e-09 
16.279087 1.120182e-09 
18.9935073 1.217661e-09 
18.9940894 4.203081e-10 
21.7090907 2.852111e-09 
21.7096833 2.880843e-09 
24.4240708 4.910941e-09 
24.424691 1.396463e-10 
27.1396806 1.920477e-09 
27.1402906 2.77416e-09 
29.8546522 2.327538e-09 
29.8552913 3.324353e-10 
32.5702731 3.222185e-09 
32.5709132 6.45209e-10 
35.2852703 2.319918e-09 
35.2859126 9.685759e-10 
38.0009064 8.922069e-10 
38.0015412 3.610795e-10 
40.7159401 1.808107e-09 
40.7165448 4.885441e-10 
43.431572 3.446261e-11 
43.4322006 1.302548e-09 
46.1466394 2.389967e-10 
46.1472404 1.055846e-09 
48.8623172 2.46579e-10 
48.862884 1.50712e-10 
51.5774018 4.391043e-10 
51.5779666 9.362552e-10 
54.2930746 4.970696e-10 
54.2936038 7.345127e-10 
57.0081674 6.03178e-10 
57.0087334 1.134125e-09 
59.7238664 7.768744e-10 
59.7243733 2.106125e-09 
62.4389794 2.879977e-09 
62.4395258 8.240812e-10 
65.1546611 1.514346e-09 
65.1551633 1.591623e-09 
67.8697937 3.724758e-09 
67.870328 2.666575e-10 
70.5854776 3.601596e-09 
70.5859933 2.151692e-09 
73.3006456 4.805385e-09 
73.3011634 2.273115e-10 
76.0163296 1.129042e-09 
76.0168396 1.723799e-09 
78.7315281 1.065248e-09 
78.7320203 1.865245e-09 
81.4472156 4.812027e-10 
81.4477097 1.016481e-09 
84.162457 8.631413e-11 
84.162906 5.963383e-10 
86.8781365 6.922343e-10 
86.8785672 6.213195e-10 
89.5934066 8.158559e-10 
89.5937985 5.714603e-10 
92.3090655 1.282129e-09 
92.3094459 3.240868e-10 
95.0243542 1.005863e-09 
95.0247135 1.484716e-09 
97.7400038 1.490599e-09 
97.7403342 6.468497e-10 
100.4553091 2.395671e-10 
100.455624 1.400131e-09 
103.1709321 1.610577e-09 
103.171235 8.849538e-10 
105.886244 3.104178e-10 
105.8865454 2.244849e-09 
1.3447124 5.597435e-10 
2.7021507 3.579433e-10 
2.7027116 1.984951e-10 
4.0596659 1.946497e-10 
5.4171171 7.513346e-11 
5.4176991 2.950799e-10 
4.0602378 5.166324e-11 
6.775222 2.815312e-10 
9.4902033 4.661455e-10 
8.1326826 3.017893e-10 
9.490786 3.708683e-10 
8.1332625 1.615141e-10 
10.8476692 3.18299e-10 
10.8482539 6.470354e-10 
13.5632502 1.902299e-09 
12.2057755 1.301485e-09 
13.5638085 5.730135e-10 
14.9207694 1.91135e-09 
14.9213339 6.591174e-10 
16.2782373 1.101637e-09 
16.2788045 8.037391e-10 
17.6363315 6.647048e-10 
18.9938023 1.593991e-09 
18.994381 2.054563e-09 
20.3513252 2.12751e-09 
21.7087821 3.378347e-09 
21.7093894 5.775083e-10 
20.3519172 1.232484e-09 
24.4243879 2.723264e-09 
23.0669254 1.221504e-09 
24.4249863 3.726777e-09 
25.7819084 4.50677e-09 
25.782519 1.128927e-09 
27.1393636 3.735069e-09 
27.1399891 6.342681e-11 
28.4975117 8.666172e-10 
29.8549719 2.099666e-09 
29.8555987 1.108511e-09 
31.2124834 2.822112e-09 
32.5699529 2.406876e-09 
32.5705982 9.511216e-10 
31.2131303 3.892015e-10 
33.9281191 2.007341e-09 
36.6431198 1.574694e-09 
35.2855863 2.422548e-09 
36.6437555 4.429397e-10 
35.2862262 6.32333e-10 
38.0006043 1.378726e-09 
38.0012241 4.457432e-10 
40.7162296 1.310209e-10 
39.3587502 3.501519e-10 
40.7168657 7.121915e-10 
42.0737845 1.654935e-09 
42.0743927 1.347126e-09 
43.4312785 1.787905e-09 
43.4318847 1.395216e-09 
44.7894265 5.53795e-10 
46.146936 3.555843e-10 
46.1475437 4.312176e-10 
47.5045024 1.992297e-10 
48.8620154 1.464262e-10 
48.8626035 1.044426e-10 
47.5050919 2.585036e-10 
50.2201744 1.90204e-10 
52.9352661 1.616918e-10 
51.5776934 1.588354e-10 
52.9358189 1.628761e-09 
51.578237 7.982235e-10 
54.2927806 3.220604e-10 
54.2933419 1.810818e-09 
57.0084636 6.508382e-10 
55.6509397 7.450677e-10 
57.0089874 8.259631e-10 
58.3660461 1.135007e-09 
58.3665872 1.154122e-09 
59.7235694 2.052386e-09 
61.0817296 5.380389e-10 
59.7241304 6.447034e-10 
62.4392661 9.588254e-10 
62.4397624 2.448638e-09 
63.7968507 2.163172e-09 
65.1543874 2.612873e-09 
65.154921 4.126323e-10 
63.7973677 1.42094e-09 
66.5125187 7.251128e-10 
69.2276593 4.280958e-09 
67.8700625 2.740171e-09 
69.228191 3.544172e-10 
67.8705757 1.371392e-09 
70.5852114 4.69528e-09 
70.5857454 3.097724e-10 
73.3009026 2.420382e-09 
71.94335 1.445607e-09 
73.3014129 1.964984e-09 
74.6585169 3.037237e-09 
74.6590237 7.372346e-10 
76.0160824 2.306061e-09 
76.0165883 1.012883e-09 
77.3741949 7.249e-10 
78.7317653 8.429513e-10 
78.7322759 1.703552e-09 
80.0893976 6.316125e-10 
81.4469838 2.701161e-10 
81.4474635 1.69238e-09 
80.0898861 2.208944e-09 
82.8050883 4.593956e-10 
85.5203274 2.299183e-10 
84.1626746 1.3186e-10 
85.5207671 6.800438e-10 
84.1631394 4.652971e-10 
86.8779346 5.204958e-10 
86.8783485 6.606781e-10 
89.5935981 1.111926e-09 
88.2359975 9.828308e-10 
89.5940035 2.446153e-10 
90.9512653 1.394085e-09 
90.9516477 2.921313e-11 
92.3088807 9.154808e-10 
92.3092535 7.025046e-10 
93.6669145 1.015484e-09 
95.0245356 1.166889e-09 
95.0248898 1.132436e-09 
96.3822101 9.397647e-10 
97.7398352 3.700683e-10 
97.740168 1.472809e-09 
96.3825436 1.25708e-09 
99.0978399 2.061211e-09 
101.813145 8.111873e-10 
100.4554691 1.603381e-09 
101.8134583 1.470979e-09 
100.4557815 8.870208e-11 
103.1707791 6.994903e-10 
103.1710832 2.079862e-09 
105.886396 1.58908e-09 
104.5287652 2.029506e-09 
105.8866924 8.472462e-10 
107.2440721 8.017836e-10 
107.2443751 9.535489e-10 
1.3444225 8.837132e-10 
1.344986 5.638086e-10 
4.0599558 1.895519e-10 
6.774926 2.177146e-11 
6.7755115 2.898815e-10 
9.4904958 9.437252e-10 
12.2054858 1.691645e-09 
12.2060609 1.886998e-10 
14.9210526 1.088755e-09 
17.6360439 1.738756e-09 
17.6366202 1.273801e-09 
20.3516263 6.85822e-10 
23.0666161 4.290591e-09 
23.0672193 1.430858e-09 
25.7822209 5.943417e-10 
28.4971936 2.884324e-09 
28.4978196 6.975085e-10 
31.2128071 1.684275e-09 
33.9277917 2.310448e-09 
33.9284436 6.064796e-10 
36.643433 1.177506e-09 
39.3584499 1.575887e-09 
39.3590683 4.849815e-10 
42.0740767 1.837179e-10 
44.78913 4.192146e-10 
44.7897394 1.343465e-09 
47.5047976 3.288683e-10 
50.2198821 2.398306e-10 
50.2204533 7.488584e-10 
52.9355528 7.872657e-10 
55.6506492 1.782262e-10 
55.6511999 1.241727e-09 
58.3663333 4.457035e-10 
61.0814497 1.944433e-09 
61.0819741 1.627531e-09 
63.79712 8.491745e-10 
66.5122499 2.705266e-09 
66.5127731 3.435281e-10 
69.2279304 1.641393e-09 
71.9430842 4.576935e-09 
71.9436075 3.244756e-10 
74.6587696 8.554788e-10 
77.3739507 1.242868e-09 
77.3744489 2.136904e-09 
80.089634 1.005002e-09 
82.8048565 1.269695e-10 
82.8053276 1.202398e-09 
85.5205408 6.251323e-10 
88.2357949 8.711428e-10 
88.2362048 5.096962e-10 
90.9514507 6.070155e-10 
93.6667364 1.115654e-09 
93.6670929 6.786128e-10 
96.3823756 1.739647e-09 
99.0976796 7.934132e-10 
99.097998 9.441759e-10 
101.8133029 2.150493e-09 
104.528608 9.780468e-10 
104.5289196 1.741922e-09 
107.244226 1.97815e-09 
108.6018593 1.812719e-09 
109.9596836 2.100686e-09 
108.6021466 2.992868e-10 
111.3171775 4.695882e-10 
111.317463 1.897809e-09 
112.6750063 7.653807e-10 
114.0327874 1.229123e-09 
112.6752697 1.21668e-09 
114.0330295 2.845921e-10 
115.3905996 9.988027e-10 
118.1059304 1.370267e-09 
116.7481159 1.324192e-09 
116.7483595 2.097492e-10 
118.1061566 5.899434e-10 
119.4636983 5.954064e-10 
119.4638857 1.3567e-09 
122.1790402 5.393588e-10 
120.8214948 2.958948e-10 
122.1792285 1.071578e-09 
123.5368376 3.219905e-10 
123.5370064 9.18492e-10 
124.8945886 3.101939e-10 
126.2523615 1.211948e-09 
124.8947203 5.061137e-10 
127.609944 5.033898e-10 
127.6100844 1.562214e-09 
128.967722 7.044731e-10 
130.3254467 1.168332e-09 
128.9678402 1.36896e-09 
130.3255538 1.254357e-09 
131.6832022 8.056924e-10 
134.3985497 3.593915e-09 
133.0407907 2.405754e-09 
133.0409048 4.525315e-10 
134.3986587 1.069963e-09 
135.7562536 3.941897e-09 
135.7563599 1.885586e-09 
138.4716076 4.093618e-09 
137.1140052 2.497889e-09 
138.471696 1.013433e-09 
139.8293501 3.543667e-09 
139.8294483 4.861459e-10 
141.1870413 1.888101e-09 
142.5447748 7.787385e-10 
141.187149 1.286424e-09 
143.9023691 2.544523e-09 
143.9024678 1.125283e-09 
145.2601009 1.818147e-09 
146.6177797 1.173104e-09 
145.2601973 2.04466e-09 
146.6178974 2.17182e-09 
147.9754982 7.000464e-10 
150.690845 1.105993e-09 
149.3331266 1.648944e-09 
149.3331866 1.270754e-09 
150.6909081 7.190577e-10 
152.0485068 5.981531e-11 
152.0485923 3.776764e-10 
154.7638333 3.771527e-10 
153.4062168 4.788255e-11 
154.7638868 1.928116e-10 
156.1215312 1.891713e-10 
156.1215996 5.765431e-10 
157.4791892 2.592129e-10 
158.8368871 1.313572e-10 
157.4792575 6.809868e-10 
160.1945109 3.746637e-10 
160.194546 3.263946e-11 
161.5522027 3.488851e-10 
162.9098576 2.811214e-10 
161.5522394 8.710428e-11 
162.9098815 1.353102e-10 
164.267546 1.651959e-10 
166.9828273 3.977767e-10 
165.6251382 4.488258e-10 
165.6251795 3.17777e-10 
166.9828513 3.280255e-10 
168.3404564 1.328811e-09 
168.3404716 6.225823e-11 
171.0557197 1.437969e-09 
169.6981274 1.204449e-09 
171.0557334 1.033338e-09 
172.4133934 2.405161e-09 
172.4133914 5.837242e-10 
173.7710088 2.17697e-09 
175.1286548 1.901502e-09 
173.7710041 4.098545e-10 
176.4862575 1.199054e-09 
176.4862672 1.001553e-09 
177.8439021 1.565462e-09 
179.2015124 1.581366e-09 
177.8439152 3.203996e-10 
179.2015326 1.460567e-09 
180.5591456 1.134034e-09 
183.2743619 2.290491e-09 
181.9167206 2.879493e-09 
181.9167641 7.80208e-10 
183.2744154 1.617607e-09 
184.6319762 1.29188e-09 
184.6320292 2.364138e-09 
187.3471774 1.312343e-09 
185.9896254 1.881657e-10 
187.3472431 3.183928e-10 
188.7048189 1.202771e-09 
188.7049035 1.337412e-09 
190.0624357 8.667414e-10 
191.4200835 8.054027e-10 
190.0625084 2.087945e-09 
192.777591 1.317307e-09 
192.7776939 3.633599e-10 
194.1352409 9.226238e-10 
195.4928523 1.295197e-09 
194.1353321 3.697295e-10 
195.4929332 1.134783e-10 
196.8504888 1.109773e-09 
199.5656525 1.03486e-09 
198.2080082 1.345539e-09 
198.2080933 1.228461e-09 
199.5657222 6.833589e-10 
200.9232443 3.907757e-10 
200.9233253 3.892013e-10 
203.6383798 2.204159e-10 
202.2808712 2.407923e-10 
203.6384668 4.234068e-11 
204.996009 4.25852e-10 
204.9961031 9.467572e-11 
206.3535804 6.516806e-10 
206.3536756 2.293389e-10 
108.6017083 1.306555e-10 
109.9595393 9.559886e-10 
108.6020064 2.180204e-09 
109.9598232 1.02519e-09 
111.3173225 1.700219e-09 
111.3175921 5.654524e-10 
114.0326481 9.031931e-10 
112.6751405 1.783794e-09 
114.032913 6.921419e-10 
115.3904714 1.07712e-09 
115.3907145 1.748525e-10 
116.7482455 9.390708e-10 
118.1060513 6.022934e-10 
116.7484603 4.519276e-10 
119.4635776 1.349551e-09 
119.4637969 1.042326e-09 
120.8213828 9.488298e-10 
122.179143 1.510449e-10 
120.8215876 1.586709e-09 
122.1793049 1.163369e-09 
123.5369287 1.568519e-10 
124.8944963 9.409491e-11 
126.2522849 3.978323e-10 
124.8946573 8.22989e-10 
126.2524234 9.558742e-10 
127.6100249 7.806802e-10 
127.6101374 1.093835e-09 
130.3253693 1.07657e-09 
128.967788 1.359847e-09 
130.3255031 1.017466e-09 
131.6831379 1.566648e-09 
131.683256 8.724356e-10 
133.0408521 1.988979e-09 
134.3986067 1.088788e-09 
133.0409627 1.159289e-09 
135.7562014 4.303033e-09 
135.7563014 1.130431e-09 
137.1139544 4.579246e-09 
138.4716538 3.366276e-09 
137.114057 1.478306e-09 
138.4717551 2.208354e-09 
139.8293997 1.584999e-09 
141.1869898 2.749716e-09 
142.5447286 2.06384e-09 
141.1870923 8.255863e-11 
142.5448327 5.190131e-10 
143.9024159 1.136536e-09 
143.9025331 1.731128e-09 
146.6177471 2.829089e-09 
145.2601396 9.612549e-10 
146.6178329 2.096123e-09 
147.9754774 1.714656e-09 
147.9755541 2.21669e-09 
149.3331505 5.620329e-10 
150.690865 1.36361e-10 
149.3332464 1.114878e-09 
152.0484888 7.867808e-10 
152.0485446 2.734914e-10 
153.4061982 3.961674e-10 
154.7638566 1.866523e-10 
153.406262 2.679284e-10 
154.7639304 4.588696e-10 
156.1215591 1.965688e-10 
157.4791732 1.594767e-10 
158.8368688 3.27094e-10 
157.4792215 1.487195e-10 
158.8369236 1.383954e-10 
160.1945286 3.864431e-10 
160.1945715 1.591652e-10 
162.9098359 1.195783e-10 
161.5522226 3.723058e-10 
162.9098715 3.502124e-10 
164.2675283 8.584353e-11 
164.2675535 4.45106e-10 
165.6251693 3.09971e-10 
166.9828508 4.12254e-10 
165.6251854 3.704221e-10 
168.3404282 7.976144e-10 
168.3404661 6.096325e-10 
169.6981144 1.201421e-09 
171.0557338 2.081552e-09 
169.6981291 5.524793e-10 
171.0557417 2.930161e-10 
172.4133938 1.803992e-09 
173.7710001 1.747636e-09 
175.1286591 2.384411e-09 
173.7710012 7.760377e-10 
175.1286545 2.05152e-10 
176.4862709 1.839507e-09 
176.4862699 6.160353e-10 
179.201491 1.663114e-09 
177.8439063 1.546877e-09 
179.2015233 1.509565e-09 
180.5591314 1.580495e-09 
180.5591693 1.495908e-09 
181.9167426 1.186029e-09 
183.2743823 3.437644e-10 
181.9167848 2.494717e-09 
184.6319532 2.931494e-09 
184.6320011 1.123828e-10 
185.9895954 2.083999e-09 
187.3472109 7.403044e-10 
185.9896604 1.524571e-09 
187.34727 2.609671e-09 
188.7048627 3.158619e-10 
190.0623889 1.369571e-09 
191.4200331 1.358635e-09 
190.0624762 4.544339e-10 
191.4201279 7.926893e-10 
192.777648 1.016044e-09 
192.7777283 9.969765e-10 
195.4928012 1.487435e-09 
194.1352893 8.710308e-10 
195.4928956 4.601908e-10 
196.8504533 1.139335e-09 
196.8505257 5.392089e-10 
198.2080544 1.312549e-09 
199.5656858 8.895838e-10 
198.2081284 2.844027e-10 
200.9231991 7.125675e-10 
200.9232843 6.94524e-10 
202.280834 2.572231e-10 
203.6384236 1.869238e-11 
202.2809156 1.841004e-10 
203.638516 1.961368e-11 
204.9960516 3.002715e-12 
206.3535378 1.90773e-09 
206.3536238 1.083703e-10 
108.6018582 2.124437e-09 
108.6021452 2.407233e-10 
111.3171783 6.488333e-10 
111.3174608 1.826978e-09 
114.0327854 1.304861e-09 
114.0330287 2.762278e-10 
116.7481155 1.374559e-09 
116.7483575 2.237315e-10 
119.4636956 6.20103e-10 
119.4638856 1.503217e-09 
122.1790379 5.011899e-10 
122.1792275 1.15671e-09 
124.894586 2.909094e-10 
124.8947207 6.21679e-10 
127.6099395 5.002613e-10 
127.610085 1.32278e-09 
130.3254452 9.598598e-10 
130.3255544 1.297336e-09 
133.0407849 2.538363e-09 
133.0409071 3.91549e-10 
135.7562539 3.372784e-09 
135.7563606 2.462121e-09 
138.4716017 4.098035e-09 
138.4717001 8.499916e-10 
141.187044 1.577934e-09 
141.1871495 1.668085e-09 
143.9023645 2.754354e-09 
143.9024732 1.239878e-09 
146.6177851 1.044404e-09 
146.6178971 2.224022e-09 
149.3331244 1.853245e-09 
149.3331929 1.321681e-09 
152.0485139 8.272811e-12 
152.0485916 2.069645e-10 
154.7638326 4.160034e-10 
154.7638927 1.656891e-10 
157.4791953 2.5936e-10 
157.4792569 6.347029e-10 
160.1945112 8.788141e-11 
160.1945507 1.025521e-10 
162.9098619 1.312446e-10 
162.9098819 2.233876e-10 
165.6251376 7.549241e-10 
165.6251835 2.393846e-10 
168.3404577 1.455494e-09 
168.3404731 1.220133e-10 
171.0557176 1.603891e-09 
171.0557358 8.995983e-10 
173.7710088 2.160924e-09 
173.7710052 6.050561e-10 
176.4862564 1.402902e-09 
176.4862692 1.095025e-09 
179.2015121 1.514521e-09 
179.2015339 1.705704e-09 
181.9167191 3.625824e-09 
181.9167641 9.772609e-10 
184.6319742 1.308407e-09 
184.6320281 2.852767e-09 
187.3471794 1.495275e-09 
187.3472408 3.050716e-10 
190.0624371 7.263662e-10 
190.0625064 2.390698e-09 
192.7775926 1.379925e-09 
192.7776937 3.966002e-10 
195.4928528 1.21108e-09 
195.4929316 1.960608e-10 
198.2080065 1.555505e-09 
198.2080913 9.521092e-10 
200.9232449 3.854511e-10 
200.9233229 3.25452e-10 
203.6383811 1.872389e-10 
203.6384676 3.340804e-11 
206.3535802 4.107399e-10 
206.3536788 2.370818e-10 
108.6017104 1.959125e-10 
108.6020039 2.239291e-09 
109.9596822 2.191136e-09 
111.317322 1.848609e-09 
111.3175902 5.288293e-10 
112.6750073 9.518857e-10 
114.0326504 1.02634e-09 
114.0329105 6.912751e-10 
112.6752678 1.143108e-09 
115.3905974 1.01629e-09 
118.1059289 1.401671e-09 
116.7482442 1.010407e-09 
118.1061564 7.536482e-10 
116.7484593 4.721859e-10 
119.4635784 1.409318e-09 
119.4637951 1.176209e-09 
122.1791408 1.802608e-10 
120.8214927 3.383187e-10 
122.179305 1.451857e-09 
123.5368342 4.28616e-10 
123.5370076 1.030038e-09 
124.894495 1.248429e-10 
124.8946564 7.822329e-10 
126.2523603 9.967162e-10 
127.6100227 7.774209e-10 
127.6101378 1.105903e-09 
128.9677181 7.312695e-10 
130.3253664 1.210723e-09 
130.3255033 8.888044e-10 
128.967842 1.249367e-09 
131.6832025 5.443253e-10 
134.3985468 3.489314e-09 
133.0408515 1.798162e-09 
134.3986607 1.459918e-09 
133.0409625 1.59458e-09 
135.756198 4.684725e-09 
135.756303 1.002209e-09 
138.4716552 3.084563e-09 
137.1140071 1.910293e-09 
138.4717548 2.7748e-09 
139.8293488 3.442468e-09 
139.8294505 6.161548e-10 
141.1869863 3.000275e-09 
141.1870953 3.54736e-11 
142.5447777 6.392738e-10 
143.9024183 1.234149e-09 
143.9025335 2.046094e-09 
145.260101 1.644188e-09 
146.6177436 2.884274e-09 
146.6178372 2.439879e-09 
145.2601998 2.31526e-09 
147.9755022 9.26225e-10 
150.6908466 8.934766e-10 
149.3331532 6.205921e-10 
150.6909113 8.156187e-10 
149.333248 1.138377e-09 
152.0484853 7.403647e-10 
152.04855 3.272571e-10 
154.7638597 2.160432e-10 
153.406222 7.407162e-11 
154.7639323 4.775241e-10 
156.1215338 1.040446e-10 
156.1216027 4.954184e-10 
157.479171 5.657997e-11 
157.4792271 2.462593e-10 
158.8368929 2.430727e-10 
160.1945333 3.303058e-10 
160.1945723 3.089317e-10 
161.5522066 1.824938e-10 
162.9098355 2.269205e-10 
162.9098771 4.052761e-10 
161.5522419 1.451972e-10 
164.2675515 1.525753e-10 
166.9828298 6.296995e-10 
165.625174 3.835242e-10 
166.9828537 4.155359e-10 
165.6251858 4.7643e-10 
168.3404276 9.991469e-10 
168.34047 5.922697e-10 
171.0557359 1.994756e-09 
169.6981298 1.04432e-09 
171.0557423 4.93539e-10 
172.4133936 2.624121e-09 
172.4133931 5.810201e-10 
173.7709995 2.08715e-09 
173.7710037 7.191767e-10 
175.1286552 1.92033e-09 
176.4862709 2.028985e-09 
176.4862723 8.790698e-10 
177.8439017 1.676851e-09 
179.2014888 2.205183e-09 
179.2015249 1.700386e-09 
177.8439172 4.508121e-10 
180.5591447 1.200399e-09 
183.2743603 2.796803e-09 
181.9167397 1.389168e-09 
183.2744154 2.074619e-09 
181.9167868 3.106493e-09 
184.6319516 3.830483e-09 
184.6320005 1.919849e-10 
187.3472103 9.624018e-10 
185.9896232 1.874592e-10 
187.3472699 3.027672e-09 
188.7048212 1.341906e-09 
188.7049022 1.506311e-09 
190.0623888 1.494156e-09 
190.0624773 5.044882e-10 
191.4200851 7.094699e-10 
192.777648 1.041771e-09 
192.7777288 1.351883e-09 
194.1352425 1.043617e-09 
195.4927978 1.749979e-09 
195.492895 3.326636e-10 
194.1353323 4.281825e-10 
196.8504891 9.032987e-10 
199.5656529 1.131842e-09 
198.208053 1.33117e-09 
199.5657206 4.988919e-10 
198.2081263 1.450415e-10 
200.9231992 6.705657e-10 
200.9232839 5.436146e-10 
203.6384247 1.002279e-11 
202.2808731 2.230242e-10 
203.6385171 1.645545e-11 
204.9960112 1.893824e-10 
204.9961051 1.214079e-10 
206.3535351 1.460324e-09 
206.3536237 1.834486e-10 
109.9595413 1.06084e-09 
109.9598207 1.068068e-09 
112.6751385 1.912515e-09 
115.3904718 1.123868e-09 
115.3907135 1.618048e-10 
118.1060495 6.846255e-10 
120.8213813 1.129778e-09 
120.8215879 1.889133e-09 
123.536927 1.2147e-10 
126.2522825 5.63719e-10 
126.2524238 8.2509e-10 
128.9677866 1.2049e-09 
131.6831361 1.730738e-09 
131.6832557 1.045341e-09 
134.3986063 8.37965e-10 
137.1139535 4.750733e-09 
137.1140566 1.628723e-09 
139.8293999 1.28132e-09 
142.544727 2.142385e-09 
142.5448333 7.229773e-10 
145.2601397 1.301209e-09 
147.9754741 1.542984e-09 
147.9755569 2.598231e-09 
150.6908656 2.722768e-10 
153.4061944 2.226486e-10 
153.4062664 3.708437e-10 
156.1215617 2.817194e-10 
158.836868 3.089133e-10 
158.8369276 1.831453e-10 
161.5522281 4.540561e-10 
164.2675303 2.134671e-10 
164.2675566 5.807482e-10 
166.9828558 3.529841e-10 
169.6981154 1.336493e-09 
169.6981308 7.052011e-10 
172.4133955 1.670665e-09 
175.1286581 2.751738e-09 
175.1286565 2.013145e-10 
177.8439056 1.662267e-09 
180.5591277 1.997222e-09 
180.5591713 1.892357e-09 
183.2743798 4.703085e-10 
185.9895935 2.826941e-09 
185.9896607 1.752129e-09 
188.7048634 3.503066e-10 
191.4200327 1.58104e-09 
191.4201297 1.021327e-09 
194.13529 8.307613e-10 
196.8504507 1.334913e-09 
196.8505254 3.83424e-10 
199.5656861 8.043321e-10 
202.2808353 2.827367e-10 
202.2809168 1.36038e-10 
204.9960532 3.425191e-11 
108.6018584 2.193185e-09 
109.9596805 2.245484e-09 
108.6021433 2.828941e-10 
111.3171815 7.39151e-10 
111.3174587 1.946075e-09 
112.6750085 8.52311e-10 
114.0327861 1.407095e-09 
112.6752666 1.153311e-09 
114.033027 1.57886e-10 
115.3905966 1.175091e-09 
116.7481186 1.404352e-09 
118.1059293 1.582882e-09 
116.748356 2.66261e-10 
118.1061562 9.180627e-10 
119.4636955 6.738603e-10 
119.4638851 1.722909e-09 
122.1790398 6.90639e-10 
122.1792264 1.303158e-09 
120.8214921 4.170691e-10 
123.5368341 6.495786e-10 
123.5370073 1.060758e-09 
124.8945848 3.619199e-10 
126.2523588 9.375281e-10 
124.8947209 7.170785e-10 
127.6099404 5.446829e-10 
127.6100838 1.244214e-09 
128.9677183 9.417968e-10 
130.3254443 1.02564e-09 
128.9678404 1.236755e-09 
130.325554 1.460199e-09 
131.6832006 5.807573e-10 
133.0407856 2.983551e-09 
134.3985476 3.907455e-09 
133.0409062 3.675692e-10 
134.398658 1.452218e-09 
135.7562544 3.448449e-09 
135.7563594 2.828097e-09 
138.471602 4.571099e-09 
138.4716998 6.699425e-10 
137.1140052 1.844671e-09 
139.8293484 3.769836e-09 
139.8294482 6.194837e-10 
141.1870445 1.699198e-09 
142.544775 7.964085e-10 
141.1871488 1.981444e-09 
143.9023634 2.804118e-09 
143.9024737 1.458756e-09 
145.260097 1.799857e-09 
146.6177839 1.414554e-09 
145.2602 2.606388e-09 
146.617899 2.414368e-09 
147.9754986 1.220519e-09 
149.333121 1.582561e-09 
150.6908388 7.509596e-10 
149.3331947 1.535763e-09 
150.6909144 1.0559e-09 
152.0485114 9.857194e-11 
152.0485956 2.734852e-10 
154.7638282 1.903016e-10 
154.7638958 2.429324e-10 
153.4062191 1.541376e-10 
156.1215267 7.483276e-11 
156.1216067 6.338529e-10 
157.4791953 2.580558e-10 
158.8368938 3.248739e-10 
157.4792597 8.770708e-10 
160.1945093 2.273071e-10 
160.1945552 1.262213e-10 
161.5522045 4.354084e-10 
162.909866 2.523749e-10 
161.5522452 1.715691e-10 
162.9098824 3.89155e-10 
164.2675556 1.747213e-10 
165.6251377 8.617889e-10 
166.9828304 6.917035e-10 
165.6251876 3.152604e-10 
166.9828551 5.853615e-10 
168.3404619 1.353872e-09 
168.3404722 2.527363e-10 
171.0557188 1.824716e-09 
171.0557381 9.308982e-10 
169.6981327 9.83938e-10 
172.4133937 2.877493e-09 
172.413394 6.533771e-10 
173.7710105 2.302491e-09 
175.1286556 1.928929e-09 
173.7710062 7.898401e-10 
176.4862557 1.772851e-09 
176.486271 1.106609e-09 
177.8438982 2.069465e-09 
179.2015097 1.837281e-09 
177.8439192 5.407244e-10 
179.2015371 2.102715e-09 
180.5591423 1.35287e-09 
181.9167163 4.281914e-09 
183.274356 3.50068e-09 
181.9167645 1.142471e-09 
183.2744167 2.359373e-09 
184.6319722 1.840574e-09 
184.6320302 3.414212e-09 
187.3471775 1.949212e-09 
187.3472431 2.448069e-10 
185.9896232 3.488988e-10 
188.7048186 1.774053e-09 
188.7049051 1.506981e-09 
190.0624368 9.179175e-10 
191.4200863 8.768616e-10 
190.0625089 2.627935e-09 
192.7775877 1.727528e-09 
192.7776955 5.618031e-10 
194.1352375 1.373679e-09 
195.4928498 1.325619e-09 
194.135334 5.792645e-10 
195.4929321 3.48421e-10 
196.8504879 8.896819e-10 
198.2080047 1.397831e-09 
199.5656514 1.092267e-09 
198.2080908 7.45228e-10 
199.5657215 3.991723e-10 
200.9232451 3.907744e-10 
200.9233231 2.3682e-10 
203.63838 1.38583e-10 
202.2808746 1.971784e-10 
203.6384685 3.206657e-11 
204.9960098 1.008417e-10 
204.9961064 2.58253e-10 
206.3535775 3.045651e-10 
206.3536795 3.726892e-10 
108.6017122 2.025635e-10 
108.6020031 2.282799e-09 
111.3173235 1.836704e-09 
111.317589 4.468584e-10 
114.0326535 8.897925e-10 
114.0329101 8.132327e-10 
116.7482462 1.092907e-09 
116.7484584 5.25601e-10 
119.4635817 1.624776e-09 
119.4637949 1.242584e-09 
122.1791418 2.419238e-10 
122.1793049 1.471049e-09 
124.8944983 2.848342e-10 
124.8946555 8.18506e-10 
127.6100227 8.940401e-10 
127.6101376 1.149853e-09 
130.3253703 1.373183e-09 
130.3255013 9.810591e-10 
133.0408517 2.10328e-09 
133.0409613 1.640505e-09 
135.7562022 5.222187e-09 
135.7563005 8.471598e-10 
138.4716551 3.504004e-09 
138.4717532 2.747402e-09 
141.1869893 3.255269e-09 
141.1870924 4.002767e-11 
143.9024156 1.586581e-09 
143.9025338 2.109898e-09 
146.6177436 2.710821e-09 
146.6178347 2.584737e-09 
149.3331471 1.035916e-09 
149.3332516 1.229169e-09 
152.0484817 3.387128e-10 
152.0485487 4.308612e-10 
154.7638536 1.629042e-10 
154.7639364 6.532745e-10 
157.4791677 3.132199e-10 
157.4792277 1.91716e-10 
160.1945324 6.382477e-10 
160.1945741 4.83115e-10 
162.9098346 4.117434e-10 
162.909879 4.381754e-10 
165.6251769 3.809732e-10 
165.6251846 5.255591e-10 
168.3404294 9.41708e-10 
168.340471 7.469618e-10 
171.055739 1.925644e-09 
171.055741 5.633301e-10 
173.7710012 2.435633e-09 
173.7710046 7.513166e-10 
176.4862704 2.326309e-09 
176.4862741 9.712009e-10 
179.2014872 2.350398e-09 
179.2015251 1.669127e-09 
181.9167375 1.901353e-09 
181.9167892 3.480334e-09 
184.6319497 4.071274e-09 
184.6320025 1.777041e-10 
187.3472102 1.355532e-09 
187.3472734 3.062418e-09 
190.0623836 1.888533e-09 
190.0624809 5.55143e-10 
192.777645 1.297963e-09 
192.7777315 1.501699e-09 
195.4927942 1.845173e-09 
195.4928955 3.583773e-10 
198.2080515 1.408699e-09 
198.2081276 1.423216e-10 
200.923199 4.792001e-10 
200.9232854 4.631883e-10 
203.6384239 1.278327e-11 
203.6385181 2.090475e-11 
206.353533 1.619716e-09 
206.3536213 2.778188e-10 
109.9595413 7.865531e-10 
108.6018595 1.917637e-09 
109.9598205 1.190107e-09 
108.6021437 3.880822e-10 
111.3171826 5.501182e-10 
111.3174597 2.111368e-09 
114.0327885 1.453746e-09 
112.6751383 2.122311e-09 
114.0330268 1.093336e-10 
115.3904727 1.12244e-09 
115.3907135 2.031708e-10 
116.7481208 1.413119e-09 
118.1060504 7.611105e-10 
116.7483572 2.875877e-10 
119.4636982 6.980829e-10 
119.4638848 1.666369e-09 
120.8213829 1.355948e-09 
122.1790432 8.942269e-10 
122.1792268 1.292353e-09 
120.8215875 1.8695e-09 
123.5369271 1.560941e-10 
126.2522847 7.018279e-10 
124.8945866 4.131014e-10 
126.2524219 7.978626e-10 
124.8947207 5.80858e-10 
127.6099452 5.939944e-10 
127.6100825 1.381437e-09 
130.3254452 1.276945e-09 
128.9677851 1.354459e-09 
130.3255532 1.459587e-09 
131.6831388 2.05175e-09 
131.6832522 9.558909e-10 
133.0407916 3.150736e-09 
134.3986037 1.035485e-09 
133.0409034 3.686838e-10 
135.7562544 4.091933e-09 
135.756358 2.424514e-09 
137.1139552 5.31157e-09 
138.4716079 4.914102e-09 
138.4716956 6.787917e-10 
137.1140526 1.360545e-09 
139.8293962 1.586132e-09 
142.5447254 2.450222e-09 
141.1870422 2.127549e-09 
142.5448306 7.570088e-10 
141.187148 1.7196e-09 
143.9023673 2.782213e-09 
143.9024686 1.413436e-09 
146.6177779 1.797911e-09 
145.2601345 1.458214e-09 
146.6179005 2.373292e-09 
147.9754674 1.796899e-09 
147.9755569 2.752034e-09 
149.333121 1.465781e-09 
150.6908591 3.999059e-10 
149.3331897 1.570501e-09 
152.0485028 2.707905e-10 
152.0485987 3.641968e-10 
153.4061848 9.622778e-11 
154.7638262 2.881849e-10 
154.7638919 3.06145e-10 
153.4062683 5.699291e-10 
156.121557 3.245791e-10 
158.8368611 7.306927e-10 
157.4791893 3.927678e-10 
158.8369297 2.074746e-10 
157.479262 9.608023e-10 
160.1945078 7.557213e-10 
160.1945533 4.668387e-11 
162.9098644 5.581304e-10 
161.5522275 5.491976e-10 
162.9098823 3.232084e-10 
164.2675278 3.760046e-10 
164.2675574 5.634972e-10 
165.6251383 7.678455e-10 
166.9828571 3.880199e-10 
165.6251861 4.374134e-10 
168.3404632 1.197697e-09 
168.3404701 2.270119e-10 
169.6981156 1.334139e-09 
171.0557215 1.924279e-09 
171.0557372 1.083122e-09 
169.6981303 8.282421e-10 
172.4133966 1.688379e-09 
175.1286568 3.034214e-09 
173.7710116 2.412614e-09 
175.128657 2.001907e-10 
173.7710057 6.707262e-10 
176.4862563 1.824856e-09 
176.4862701 1.0042e-09 
179.2015085 2.117512e-09 
177.8439043 1.682848e-09 
179.2015378 2.073451e-09 
180.5591238 2.388472e-09 
180.5591719 1.936348e-09 
181.916716 3.932955e-09 
183.2743792 6.628994e-10 
181.9167649 1.030854e-09 
184.6319729 2.199542e-09 
184.6320325 3.24508e-09 
185.9895907 3.103433e-09 
187.3471743 2.005752e-09 
187.3472468 2.119699e-10 
185.9896633 1.600735e-09 
188.7048652 5.362223e-10 
191.4200269 1.963551e-09 
190.0624352 1.196647e-09 
191.4201327 1.038923e-09 
190.0625124 2.448388e-09 
192.7775832 1.930313e-09 
192.7776967 6.202047e-10 
195.4928476 1.471144e-09 
194.1352886 1.017294e-09 
195.4929339 3.087659e-10 
196.8504467 1.390716e-09 
196.8505266 4.740661e-10 
198.2080053 1.196254e-09 
198.2080925 8.593839e-10 
199.5656861 7.961075e-10 
200.9232447 3.980259e-10 
200.9233258 2.451864e-10 
202.2808334 2.394416e-10 
203.638378 1.252317e-10 
203.6384682 3.945252e-11 
202.2809188 8.598669e-11 
204.9960522 6.431614e-11 
206.3535761 3.740276e-10 
206.3536767 4.809898e-10 
109.9596808 2.229646e-09 
112.6750081 6.684508e-10 
112.6752677 1.238007e-09 
115.3905982 1.277458e-09 
118.105931 1.682499e-09 
118.1061563 8.197946e-10 
120.8214938 4.234409e-10 
123.5368373 6.556928e-10 
123.5370059 9.027898e-10 
126.2523591 1.092804e-09 
128.9677222 1.046888e-09 
128.9678375 1.304234e-09 
131.6831991 8.558896e-10 
134.3985508 4.304426e-09 
134.3986543 1.035481e-09 
137.1140021 2.397662e-09 
139.8293493 4.135745e-09 
139.8294447 4.785307e-10 
142.5447705 1.013376e-09 
145.2600944 2.133488e-09 
145.2601976 2.521517e-09 
147.9754924 1.157912e-09 
150.6908323 9.493163e-10 
150.6909133 1.132418e-09 
153.406212 2.402902e-10 
156.1215195 2.478694e-10 
156.1216063 7.963048e-10 
158.8368887 3.615674e-10 
161.5521992 8.394132e-10 
161.5522448 7.997151e-11 
164.2675527 2.434989e-10 
166.9828283 5.789731e-10 
166.9828535 5.705636e-10 
169.6981322 1.102528e-09 
172.4133937 2.855632e-09 
172.4133929 6.819541e-10 
175.1286554 1.894894e-09 
177.8438966 2.218543e-09 
177.8439184 4.415707e-10 
180.5591419 1.380068e-09 
183.274355 3.417694e-09 
183.2744175 2.035008e-09 
185.9896253 4.682144e-10 
188.7048148 1.869397e-09 
188.7049081 1.292968e-09 
191.4200856 1.101276e-09 
194.1352328 1.44968e-09 
194.1353349 5.565725e-10 
196.8504869 1.082325e-09 
199.5656499 9.87229e-10 
199.5657237 5.07839e-10 
202.2808736 1.904128e-10 
204.9960067 2.246405e-10 
204.9961054 3.221718e-10 
108.6017113 1.241129e-10 
109.9595394 6.124965e-10 
108.602005 2.246288e-09 
109.9598229 1.223439e-09 
111.3173249 1.739082e-09 
111.3175902 4.436539e-10 
114.0326531 7.483277e-10 
112.6751401 2.119866e-09 
114.0329124 8.95154e-10 
115.3904729 1.064077e-09 
115.3907145 2.290897e-10 
116.7482486 1.047725e-09 
118.1060526 7.161438e-10 
116.7484588 5.025516e-10 
119.4635829 1.692581e-09 
119.4637965 1.141733e-09 
120.8213854 1.251099e-09 
122.1791445 2.247241e-10 
120.8215868 1.543823e-09 
122.1793046 1.169207e-09 
123.5369288 2.022943e-10 
124.8945016 2.794094e-10 
126.2522885 5.983738e-10 
124.8946557 8.458159e-10 
126.2524202 9.282623e-10 
127.6100248 9.832825e-10 
127.610137 1.177048e-09 
130.3253755 1.284695e-09 
128.9677855 1.627917e-09 
130.3254999 1.158241e-09 
131.6831423 2.085467e-09 
131.6832502 7.582697e-10 
133.0408523 2.528755e-09 
134.3986025 1.461637e-09 
133.0409607 1.254825e-09 
135.7562081 5.175002e-09 
135.7562972 9.003116e-10 
137.1139571 5.501179e-09 
138.4716536 4.111758e-09 
137.1140506 1.090396e-09 
138.4717526 2.189054e-09 
139.8293937 2.12819e-09 
141.1869947 3.253484e-09 
142.5447259 2.557424e-09 
141.1870876 1.203866e-10 
142.5448283 6.37963e-10 
143.9024116 1.739366e-09 
143.9025337 1.859648e-09 
146.6177469 2.735629e-09 
145.2601311 1.258628e-09 
146.6178289 2.396391e-09 
147.9754665 2.103372e-09 
147.9755541 2.539701e-09 
149.3331405 1.231588e-09 
150.6908544 3.713801e-10 
149.3332522 1.262412e-09 
152.0484829 4.355312e-10 
152.0485424 5.645754e-10 
153.4061826 2.047293e-10 
154.7638468 1.36241e-10 
153.4062651 6.824595e-10 
154.7639371 6.85317e-10 
156.1215514 2.717327e-10 
157.4791679 8.249118e-10 
158.8368577 1.008006e-09 
157.4792225 1.76958e-10 
158.8369271 2.756947e-10 
160.1945272 9.379068e-10 
160.1945744 3.494512e-10 
162.9098343 5.593438e-10 
161.5522217 5.4598e-10 
162.9098747 4.552962e-10 
164.2675241 3.212545e-10 
164.2675549 4.589611e-10 
165.625174 3.376504e-10 
166.982853 4.772263e-10 
165.6251834 3.825584e-10 
168.340431 7.757267e-10 
168.3404678 8.600716e-10 
169.6981146 1.140097e-09 
171.0557388 1.960291e-09 
169.6981283 7.480859e-10 
171.0557397 3.753613e-10 
172.4133956 1.824518e-09 
173.7710028 2.325096e-09 
175.1286569 2.804821e-09 
173.7710026 8.232692e-10 
175.1286553 2.034835e-10 
176.4862702 2.287409e-09 
176.4862729 7.502361e-10 
179.2014884 1.945404e-09 
177.8439043 1.562445e-09 
179.2015235 1.451438e-09 
180.5591252 2.20804e-09 
180.5591704 1.555129e-09 
181.916739 1.98784e-09 
183.2743814 6.178744e-10 
181.9167886 3.056932e-09 
184.63195 3.355249e-09 
184.6320044 9.199371e-11 
185.9895909 2.525907e-09 
187.3472109 1.35192e-09 
185.9896647 1.266493e-09 
187.3472757 2.612026e-09 
188.7048656 6.174227e-10 
190.0623805 2.050781e-09 
191.4200238 1.975186e-09 
190.062482 5.475248e-10 
191.4201329 8.091134e-10 
192.7776431 1.418344e-09 
192.7777327 1.198997e-09 
195.4927954 1.692391e-09 
194.1352871 1.163045e-09 
195.4928963 4.691569e-10 
196.8504469 1.232158e-09 
196.8505276 6.986687e-10 
198.208052 1.465518e-09 
199.5656858 8.88666e-10 
198.2081304 2.748354e-10 
200.9231987 4.022811e-10 
200.9232867 5.545119e-10 
202.280831 1.920006e-10 
203.6384223 3.400753e-12 
202.2809189 8.84096e-11 
203.6385176 2.654584e-11 
204.9960499 1.586642e-11 
206.3535344 2.25042e-09 
206.35362 1.976097e-10 
108.60186 1.732733e-09 
108.6021457 4.04201e-10 
111.3171801 4.329753e-10 
111.3174623 2.072199e-09 
114.0327893 1.329581e-09 
114.0330283 1.725432e-10 
116.7481191 1.374755e-09 
116.7483593 2.528961e-10 
119.4636999 6.209178e-10 
119.4638851 1.433077e-09 
122.1790434 7.50943e-10 
122.179228 1.139064e-09 
124.8945889 3.824502e-10 
124.8947203 4.787512e-10 
127.6099474 5.156548e-10 
127.6100828 1.581183e-09 
130.3254467 1.383102e-09 
130.3255531 1.366358e-09 
133.0407948 2.767936e-09 
133.0409024 4.447473e-10 
135.7562538 4.424692e-09 
135.7563583 1.876259e-09 
138.4716114 4.623971e-09 
138.4716932 9.237924e-10 
141.1870402 2.263184e-09 
141.1871481 1.33535e-09 
143.9023708 2.647846e-09 
143.902465 1.258249e-09 
146.6177752 1.642714e-09 
146.6178995 2.274852e-09 
149.3331245 1.562918e-09 
149.3331846 1.485963e-09 
152.0484999 2.276305e-10 
152.0485967 4.584354e-10 
154.7638293 4.842373e-10 
154.7638863 3.59397e-10 
157.4791855 3.746706e-10 
157.4792607 8.312011e-10 
160.1945088 9.025421e-10 
160.1945477 5.300617e-11 
162.9098592 5.699209e-10 
162.9098818 1.448243e-10 
165.6251386 5.240414e-10 
165.6251812 4.507848e-10 
168.3404598 1.180804e-09 
168.3404697 9.606166e-11 
171.055722 1.652371e-09 
171.0557343 1.143914e-09 
173.7710105 2.313191e-09 
173.7710044 4.403992e-10 
176.4862573 1.477037e-09 
176.4862678 9.43841e-10 
179.2015102 1.936494e-09 
179.201535 1.670764e-09 
181.9167187 3.09896e-09 
181.9167646 8.103537e-10 
184.6319755 1.819633e-09 
184.6320319 2.577817e-09 
187.3471743 1.654921e-09 
187.3472468 2.645599e-10 
190.0624345 1.152397e-09 
190.0625121 2.092624e-09 
192.7775852 1.698396e-09 
192.7776957 4.882082e-10 
195.4928491 1.469677e-09 
195.4929346 1.647089e-10 
198.2080075 1.111247e-09 
198.2080941 1.166621e-09 
200.9232442 4.055684e-10 
200.9233271 3.348186e-10 
203.6383779 1.943485e-10 
203.6384672 2.660153e-11 
206.3535778 6.173789e-10 
206.3536743 3.653892e-10 
108.6017089 1.369879e-10 
108.6020071 2.168569e-09 
109.9596827 2.133714e-09 
111.3173243 1.62882e-09 
111.3175921 5.007549e-10 
112.6750068 6.245272e-10 
114.0326498 7.623914e-10 
114.0329141 8.113113e-10 
112.6752696 1.272787e-09 
115.3906 1.154823e-09 
118.1059317 1.508179e-09 
116.7482482 9.246286e-10 
118.1061565 6.204457e-10 
116.74846 4.637882e-10 
119.4635804 1.485541e-09 
119.4637977 1.017704e-09 
122.1791453 1.727026e-10 
120.8214955 3.410848e-10 
122.1793046 1.023563e-09 
123.5368395 4.355387e-10 
123.5370053 8.413423e-10 
124.8945004 1.428913e-10 
126.2523607 1.273726e-09 
124.8946568 8.723238e-10 
127.6100261 9.178578e-10 
127.6101369 1.187154e-09 
130.325375 1.088997e-09 
128.9677246 8.933298e-10 
130.3255009 1.214448e-09 
128.9678373 1.41815e-09 
131.6832001 1.025844e-09 
134.3985521 4.104066e-09 
133.0408526 2.449357e-09 
134.3986547 8.302565e-10 
133.0409615 9.887851e-10 
135.7562076 4.587012e-09 
135.7562978 1.099921e-09 
138.4716528 4.003816e-09 
137.1140021 2.833249e-09 
138.4717537 1.894092e-09 
139.8293504 3.97954e-09 
139.8294447 4.359702e-10 
141.1869951 2.880234e-09 
141.1870875 1.801954e-10 
142.5447703 1.037437e-09 
143.9024118 1.43808e-09 
143.9025333 1.681473e-09 
145.2600968 2.107371e-09 
146.6177491 2.67923e-09 
146.6178277 2.135503e-09 
145.260196 2.214407e-09 
147.9754922 8.686255e-10 
150.6908362 1.137747e-09 
149.3331426 9.195858e-10 
150.6909093 9.65457e-10 
149.3332489 1.26468e-09 
152.0484873 5.387504e-10 
152.0485398 4.799205e-10 
154.7638487 8.323557e-11 
153.4062106 1.568713e-10 
154.7639334 6.391237e-10 
156.1215223 2.868046e-10 
156.1216019 8.250652e-10 
157.4791713 5.945272e-10 
157.4792186 1.626191e-10 
158.8368845 2.118218e-10 
160.1945248 7.057108e-10 
160.1945728 2.108806e-10 
161.5521981 7.419366e-10 
162.9098351 2.986649e-10 
162.90987 4.109392e-10 
161.5522412 9.405693e-11 
164.2675468 2.314614e-10 
166.9828264 3.427821e-10 
165.6251693 2.665619e-10 
166.9828512 4.291221e-10 
165.6251839 3.225904e-10 
168.3404303 5.870111e-10 
168.3404648 7.730489e-10 
171.0557356 2.040329e-09 
169.6981288 1.23985e-09 
171.0557401 2.350881e-10 
172.4133935 2.509097e-09 
172.4133913 6.456218e-10 
173.771002 1.853925e-09 
173.7710005 8.460358e-10 
175.1286549 1.879641e-09 
176.4862705 1.986283e-09 
176.4862703 5.507403e-10 
177.843899 1.893278e-09 
179.2014907 1.519327e-09 
179.2015224 1.362795e-09 
177.8439159 3.112454e-10 
180.5591439 1.226747e-09 
183.2743586 2.663269e-09 
181.9167422 1.52037e-09 
183.2744167 1.588291e-09 
181.9167859 2.468534e-09 
184.6319522 2.672798e-09 
184.6320035 5.659563e-11 
187.3472113 9.564952e-10 
185.9896267 3.429954e-10 
187.3472736 2.342825e-09 
188.704815 1.537819e-09 
188.7049072 1.195374e-09 
190.0623837 1.738901e-09 
191.4200839 1.044903e-09 
190.0624791 4.870217e-10 
192.777645 1.248192e-09 
192.7777307 9.075746e-10 
195.4927997 1.382182e-09 
194.1352349 1.178746e-09 
195.4928964 5.603593e-10 
194.1353338 4.443286e-10 
196.8504874 1.229679e-09 
199.5656506 9.434636e-10 
198.2080538 1.398196e-09 
199.5657241 6.894629e-10 
198.2081309 3.826061e-10 
200.9231988 5.273963e-10 
200.923286 7.066355e-10 
203.6384221 2.717601e-11 
202.2808716 2.191819e-10 
203.6385163 1.294374e-11 
204.9960062 4.68986e-10 
204.9961033 1.912431e-10 
206.3535373 2.462726e-09 
206.3536215 1.172579e-10 
109.9595381 6.959196e-10 
109.9598245 1.115402e-09 
112.6751415 1.891111e-09 
115.3904721 1.002558e-09 
115.3907152 2.190506e-10 
118.1060532 6.10361e-10 
120.8213854 1.008134e-09 
120.8215869 1.404204e-09 
123.5369298 2.117937e-10 
126.2522886 4.196853e-10 
126.2524211 1.062709e-09 
128.9677874 1.644699e-09 
131.6831418 1.773567e-09 
131.6832526 7.246268e-10 
134.3986044 1.492598e-09 
137.1139567 5.019378e-09 
137.1140533 1.174829e-09 
139.8293958 2.13002e-09 
142.544728 2.276329e-09 
142.5448296 4.932505e-10 
145.2601343 9.703518e-10 
147.9754727 2.015618e-09 
147.9755523 2.19837e-09 
150.690858 1.969289e-10 
153.406191 3.325656e-10 
153.4062612 4.838712e-10 
156.1215527 1.351552e-10 
158.8368625 6.993029e-10 
158.8369233 2.541299e-10 
161.5522186 3.883347e-10 
164.2675244 9.51733e-11 
164.2675525 4.132857e-10 
166.9828491 4.84802e-10 
169.6981138 1.014634e-09 
169.6981275 5.923935e-10 
172.4133938 1.905973e-09 
175.1286583 2.388837e-09 
175.1286537 2.182649e-10 
177.8439055 1.485857e-09 
180.5591299 1.700982e-09 
180.5591688 1.306363e-09 
183.2743833 4.102724e-10 
185.9895937 1.922593e-09 
185.9896629 1.244085e-09 
188.704864 4.655475e-10 
191.4200276 1.617426e-09 
191.4201299 6.862884e-10 
194.1352875 1.078367e-09 
196.850451 1.059143e-09 
196.850527 7.648735e-10 
199.5656856 9.45347e-10 
202.2808314 2.048068e-10 
202.280917 1.512493e-10 
204.9960496 1.421108e-11 
