# c_kinat vs. Position.Y (2660 data points):
# Position.Y c_kinat
1.3463019 2.953574e-10 
1.3467756 2.522564e-10 
2.7040399 3.580524e-11 
2.7045223 1.364282e-10 
4.0618421 9.751155e-12 
5.4195963 1.469621e-10 
4.0623358 5.118595e-11 
6.7768969 1.620833e-11 
6.777396 6.168866e-10 
8.1346546 6.910995e-11 
9.4924557 4.843141e-10 
8.1351409 1.045204e-09 
9.492922 8.354097e-10 
10.8501979 7.886425e-10 
12.2074957 1.16768e-10 
13.5652451 3.028614e-10 
12.2079819 8.670366e-10 
13.5657154 7.495012e-10 
14.9230376 4.342148e-10 
14.9234984 1.022341e-09 
17.6380689 2.318593e-09 
16.2807797 3.426507e-10 
17.6385674 2.970679e-10 
18.9958189 2.455519e-09 
18.9963007 1.271102e-09 
20.3536164 1.429155e-09 
21.7113566 3.264512e-10 
20.3540776 2.964934e-09 
23.0686375 3.499073e-09 
24.4263812 3.170782e-09 
23.0691441 1.335401e-10 
24.4268832 7.185679e-10 
25.7841817 2.07505e-09 
25.7846746 1.749799e-09 
28.4992008 3.704716e-09 
27.1419328 9.522788e-10 
28.4997392 3.075032e-10 
29.8569562 2.935817e-09 
29.8574975 5.302362e-10 
31.2147716 2.001809e-09 
32.5725387 6.766031e-10 
31.2152984 1.867733e-09 
33.9298069 1.670094e-09 
33.9303528 5.03717e-10 
35.287576 9.789183e-10 
36.6453954 3.552114e-10 
35.2881059 9.528421e-10 
36.6459115 6.754919e-10 
38.0031574 4.050333e-10 
39.3604523 1.202844e-10 
40.7182198 8.713576e-11 
39.3609757 5.317953e-10 
40.7187381 5.172863e-10 
42.0760427 1.423141e-10 
42.0765492 2.682649e-10 
44.7911264 6.316937e-11 
43.4338126 2.563583e-10 
44.7916268 4.413329e-10 
46.1489029 1.20918e-10 
46.149388 7.483111e-10 
47.5067195 6.478294e-10 
48.8644839 1.184749e-09 
47.5071908 4.125432e-10 
50.2218233 4.477343e-10 
50.2222904 1.215953e-09 
51.5795937 3.458968e-10 
52.9374079 3.662367e-10 
51.5800493 8.105236e-10 
52.9378658 7.12032e-10 
54.2951716 5.788891e-10 
55.6525282 6.490458e-10 
57.0103016 1.138831e-09 
55.6529927 7.061162e-10 
57.0107587 1.508005e-09 
58.3681295 4.618447e-10 
58.368568 2.391621e-09 
61.0832625 2.537596e-09 
59.7258971 9.66417e-11 
61.083709 8.406635e-10 
62.4410353 1.652048e-09 
62.4414778 1.269696e-09 
63.7988525 1.364572e-09 
65.1566228 8.059128e-10 
63.799291 1.804281e-09 
66.5139934 3.402743e-09 
66.5144438 8.635785e-11 
67.8717701 4.22225e-09 
69.2295945 3.095744e-09 
67.8722155 2.876151e-10 
69.2300355 1.312943e-09 
70.5873643 1.741904e-09 
71.9447532 3.151109e-09 
73.3025253 2.910613e-09 
71.9451875 5.896588e-10 
73.3029519 3.947904e-10 
74.6603443 1.699927e-09 
74.6607689 6.961098e-10 
77.3755258 1.448126e-09 
76.018111 5.389625e-10 
77.3759309 4.827463e-10 
78.7332918 6.652907e-10 
78.7337089 1.128112e-09 
80.091113 1.718164e-10 
81.4488893 4.369733e-10 
80.0915268 1.209573e-09 
82.8063229 2.370571e-10 
82.8067115 6.966937e-10 
84.1640957 1.643575e-10 
85.5219185 9.293503e-10 
84.1644825 7.151238e-10 
85.5223002 5.645517e-10 
86.879687 1.376643e-09 
88.2371455 7.439489e-10 
89.5949153 1.615761e-09 
88.2375088 1.443749e-09 
89.5952709 6.216265e-10 
90.952735 2.23578e-09 
90.9530802 6.317579e-11 
93.6679794 1.421386e-09 
92.3105015 2.034829e-09 
93.66831 1.020116e-09 
95.0257435 1.983158e-09 
95.0260689 5.572538e-10 
96.3835551 2.124217e-09 
97.7413127 1.39033e-09 
96.3838592 6.407725e-10 
99.0988114 7.39305e-10 
99.0991078 6.762451e-10 
100.4565657 1.366304e-09 
101.8143642 1.433594e-09 
100.4568503 4.773402e-11 
101.8146387 4.640144e-10 
103.1721051 1.054252e-09 
104.5296279 7.273145e-10 
105.8873731 1.118297e-09 
104.5298963 7.034381e-10 
105.8876261 3.025262e-10 
107.2451606 1.262975e-09 
107.24541 4.308249e-10 
1.3465466 1.867972e-10 
1.3470243 4.83335e-10 
2.7042786 1.210026e-10 
4.0615889 9.966952e-11 
5.4193473 1.759831e-11 
4.0620826 8.540771e-11 
5.4198425 3.414172e-10 
6.7771529 1.80108e-10 
6.7776381 5.152655e-10 
9.4922018 9.444775e-12 
8.1349028 6.967811e-10 
9.492692 1.268346e-09 
10.8499544 1.261691e-10 
10.8504261 1.143113e-09 
12.2077476 3.517206e-10 
13.5654875 3.775363e-10 
12.2082063 7.214892e-10 
14.9227825 8.705774e-10 
14.9232739 3.695421e-10 
16.2805321 1.26056e-09 
17.6383274 1.107848e-09 
16.2810096 7.923437e-10 
17.6387908 2.226116e-09 
18.9960705 3.881338e-10 
20.3533537 3.308501e-09 
21.7111018 3.017389e-09 
20.3538578 3.007719e-10 
21.7115895 1.395169e-09 
23.0689 1.649632e-09 
24.4266421 4.606198e-10 
23.0693701 2.517402e-09 
25.7839166 3.861884e-09 
25.7844378 7.355882e-11 
27.1416638 3.39684e-09 
28.4994718 2.536468e-09 
27.1421885 4.832223e-10 
28.4999877 1.750944e-09 
29.8572344 1.14467e-09 
31.214497 2.90558e-09 
32.5722631 2.18119e-09 
31.2150466 3.419422e-10 
32.5728027 7.687548e-10 
33.9300821 9.141896e-10 
33.9306033 1.432345e-09 
36.6451272 5.579928e-10 
35.2878462 3.160191e-10 
36.6456606 6.435245e-10 
38.0028947 2.006156e-10 
38.0034167 7.745149e-10 
39.3607147 3.211572e-10 
40.7184797 3.521733e-10 
39.3612279 3.073685e-10 
42.0757846 1.591985e-10 
42.0762988 2.486544e-10 
43.4335564 2.392958e-11 
44.7913783 8.092839e-11 
43.4340644 4.415632e-10 
44.79187 3.030304e-10 
46.1491484 7.678481e-10 
47.5064739 1.824093e-10 
48.864249 4.61396e-10 
47.5069558 1.040034e-09 
48.8647133 8.08777e-10 
50.2220603 8.445921e-10 
50.2225218 4.818297e-10 
52.9371722 2.613193e-10 
51.5798215 8.104176e-10 
52.937636 9.34055e-10 
54.2949417 4.097613e-10 
54.2954003 9.46554e-10 
55.6527655 3.292874e-10 
57.0105331 3.028036e-10 
55.6532161 1.19448e-09 
58.3678943 1.883624e-09 
58.3683509 6.842181e-10 
59.7256694 1.377588e-09 
61.0834924 6.22482e-10 
59.7261167 2.047394e-09 
61.0839231 2.651966e-09 
62.441259 2.497546e-10 
63.798628 2.435797e-09 
65.1563999 2.529888e-09 
63.7990715 3.937548e-10 
65.1568447 2.447394e-10 
66.5142198 2.120424e-09 
66.5146641 1.224907e-09 
69.2293693 3.626906e-09 
67.8719923 1.568191e-09 
69.2298178 4.912851e-10 
70.5871462 3.966382e-09 
70.5875837 5.283503e-10 
71.9449701 2.569163e-09 
73.3027351 9.164739e-10 
71.9454009 8.810999e-10 
74.6601389 1.858948e-09 
74.6605553 2.728302e-10 
76.017904 1.409709e-09 
77.3757225 7.195592e-10 
76.0183266 6.391102e-10 
77.3761446 1.157548e-09 
78.7334957 6.101326e-10 
80.0909195 8.67788e-10 
81.4486898 1.053858e-10 
80.0913174 6.329612e-10 
81.4490949 9.189157e-10 
82.8065133 1.128446e-10 
82.8069124 8.277713e-10 
85.5217334 2.199656e-10 
84.1642865 5.397851e-10 
85.522109 1.380792e-09 
86.8795052 9.503198e-10 
86.8798735 1.003584e-09 
88.2373261 1.97124e-09 
89.5950926 2.067708e-09 
88.2376898 3.204931e-10 
90.9525622 1.287966e-09 
90.9529092 9.503048e-10 
92.3103296 2.098337e-09 
93.668146 2.358266e-09 
92.3106707 3.252635e-10 
93.6684697 3.977997e-10 
95.02591 2.025854e-09 
96.383398 1.271675e-09 
97.7411571 1.804392e-09 
96.3837097 1.28068e-09 
97.7414618 2.983704e-10 
99.0989618 1.828129e-09 
99.0992495 2.600519e-10 
101.814221 6.569183e-10 
100.4567107 9.820389e-10 
101.8145043 5.922063e-10 
103.1719712 1.177271e-09 
103.1722379 4.84733e-10 
104.5297637 1.234286e-09 
105.8875003 1.104493e-09 
104.5300264 7.77657e-10 
107.2450343 6.69536e-10 
107.2452864 3.60398e-10 
2.7040389 4.922231e-11 
2.7045218 1.58032e-10 
5.4195957 1.725396e-10 
8.1346551 1.071188e-10 
8.1351402 1.070681e-09 
10.8501966 8.538664e-10 
13.5652444 2.668645e-10 
13.5657154 7.369585e-10 
16.2807793 3.114163e-10 
18.9958181 2.506105e-09 
18.9963019 1.369764e-09 
21.7113575 3.171666e-10 
24.4263817 3.389326e-09 
24.426884 8.273302e-10 
27.1419345 9.334575e-10 
29.8569583 3.173908e-09 
29.8574974 5.511374e-10 
32.5725401 6.200968e-10 
35.2875777 9.550764e-10 
35.2881056 8.778079e-10 
38.0031576 3.982938e-10 
40.7182194 8.196295e-11 
40.7187384 4.814205e-10 
43.4338117 2.665578e-10 
46.148901 1.393579e-10 
46.1493887 6.740982e-10 
48.8644827 1.098099e-09 
51.5795923 3.6355e-10 
51.5800494 7.493534e-10 
54.2951709 5.927968e-10 
57.0103018 1.136111e-09 
57.0107577 1.484829e-09 
59.7258969 1.236961e-10 
62.441036 1.405173e-09 
62.4414764 1.27416e-09 
65.1566226 6.752016e-10 
67.8717697 3.55776e-09 
67.8722148 2.318234e-10 
70.5873638 1.582506e-09 
73.3025238 2.449489e-09 
73.3029521 3.774317e-10 
76.0181106 4.517668e-10 
78.7332908 5.126634e-10 
78.7337092 1.153242e-09 
81.4488891 4.581194e-10 
84.1640963 2.305475e-10 
84.1644822 7.867448e-10 
86.8796872 1.521961e-09 
89.5949172 1.79746e-09 
89.5952702 6.997419e-10 
92.310502 2.209812e-09 
95.0257454 2.134637e-09 
95.0260685 5.85743e-10 
97.7413135 1.475148e-09 
100.4565669 1.429702e-09 
100.4568507 5.863593e-11 
103.1721062 1.06166e-09 
105.887374 1.088658e-09 
105.8876269 3.614598e-10 
1.3463015 3.629764e-10 
1.3467746 2.760934e-10 
2.7042778 1.289252e-10 
5.4193468 2.475091e-11 
4.0618413 1.391579e-11 
5.4198423 3.507946e-10 
4.0623356 5.75856e-11 
6.7768974 2.378516e-11 
6.7773952 6.455208e-10 
9.4924547 5.44235e-10 
8.1349019 7.340346e-10 
9.4929222 8.378013e-10 
10.8499538 1.530332e-10 
10.8504262 1.124988e-09 
12.2074954 9.673825e-11 
12.2079817 8.462599e-10 
13.565487 3.513448e-10 
14.9230365 4.1383e-10 
14.9234995 1.08744e-09 
16.2805311 1.24379e-09 
17.6380667 2.422586e-09 
17.6385689 2.841261e-10 
16.2810108 8.294742e-10 
18.9960714 3.60694e-10 
21.7111018 3.202388e-09 
20.3536166 1.490216e-09 
21.7115906 1.536052e-09 
20.3540787 3.191731e-09 
23.0686358 3.732432e-09 
24.4266432 4.323223e-10 
23.0691459 1.438653e-10 
25.7841831 2.163743e-09 
25.7846747 1.833148e-09 
28.4992011 3.836812e-09 
27.1416653 3.621962e-09 
28.49974 2.556371e-10 
27.1421884 5.155047e-10 
29.857235 1.069935e-09 
32.5722652 2.200635e-09 
31.2147735 1.998153e-09 
32.5728017 7.295109e-10 
31.2152976 1.833408e-09 
33.9298082 1.65272e-09 
33.9303525 4.51677e-10 
36.6453962 3.324374e-10 
35.2878462 2.839311e-10 
36.6459109 5.862034e-10 
38.0028952 1.500852e-10 
38.0034161 6.79941e-10 
39.3604526 7.953945e-11 
40.7184791 3.475047e-10 
39.3609751 4.869144e-10 
42.0760416 1.632155e-10 
42.0765497 2.691323e-10 
44.7911252 5.899773e-11 
43.4335546 4.261328e-11 
44.7916265 3.999583e-10 
43.4340648 3.92381e-10 
46.1491472 7.07951e-10 
48.8642465 4.696557e-10 
47.5067176 6.108634e-10 
48.8647137 7.239506e-10 
47.5071916 3.531159e-10 
50.2218222 4.511182e-10 
50.2222901 1.149966e-09 
52.9374072 3.883548e-10 
51.5798201 7.874477e-10 
52.9378655 6.699019e-10 
54.2949407 4.697944e-10 
54.2953994 9.581756e-10 
55.6525288 5.755876e-10 
57.0105318 3.913308e-10 
55.6529918 7.61376e-10 
58.3681303 4.782933e-10 
58.3685664 2.291296e-09 
61.0832643 2.288717e-09 
59.7256702 1.346076e-09 
61.0837078 8.739039e-10 
59.7261147 2.03857e-09 
62.4412582 2.301868e-10 
65.1564009 2.146741e-09 
63.7988536 1.115742e-09 
65.1568429 2.313235e-10 
63.7992893 1.695791e-09 
66.5139947 2.825497e-09 
66.514443 7.211446e-11 
69.2295947 2.734615e-09 
67.8719921 1.47433e-09 
69.2300348 1.246272e-09 
70.587146 3.460494e-09 
70.5875833 5.087757e-10 
71.9447531 2.654575e-09 
73.3027353 8.462052e-10 
71.9451874 5.527612e-10 
74.6603437 1.499186e-09 
74.6607692 6.888859e-10 
77.3755251 1.353242e-09 
76.0179031 1.180898e-09 
77.3759312 4.754618e-10 
76.0183271 6.049468e-10 
78.7334959 5.960605e-10 
81.4486895 1.036002e-10 
80.0911124 1.194903e-10 
81.4490953 9.122259e-10 
80.0915273 1.204821e-09 
82.8063233 2.323728e-10 
82.8067115 8.057279e-10 
85.5219186 1.007143e-09 
84.1642865 6.317843e-10 
85.5223004 6.534751e-10 
86.8795065 1.04123e-09 
86.8798731 1.129065e-09 
88.2371472 8.291369e-10 
89.5950925 2.152621e-09 
88.2375082 1.570027e-09 
90.9527355 2.357544e-09 
90.9530802 5.009251e-11 
93.6679813 1.477484e-09 
92.3103319 2.108087e-09 
93.6683096 1.115036e-09 
92.3106699 3.619781e-10 
95.0259103 2.080341e-09 
97.7411592 1.78467e-09 
96.3835557 2.236238e-09 
97.7414616 2.790173e-10 
96.3838596 5.505407e-10 
99.0988122 7.674398e-10 
99.0991084 6.964991e-10 
101.8143649 1.412397e-09 
100.4567117 9.321728e-10 
101.8146394 4.76305e-10 
103.1719725 1.155286e-09 
103.1722385 5.464481e-10 
104.5296274 8.061934e-10 
105.8875017 1.068225e-09 
104.5298977 7.415117e-10 
107.2451615 1.201915e-09 
107.2454108 4.242086e-10 
1.3465462 2.288297e-10 
1.3470242 4.80707e-10 
4.0615884 1.126703e-10 
4.0620823 9.390425e-11 
6.7771519 1.913504e-10 
6.7776387 5.111661e-10 
9.4922012 2.037976e-11 
9.4926922 1.228167e-09 
12.2077469 3.123073e-10 
12.2082074 7.525064e-10 
14.9227804 9.177134e-10 
14.9232754 3.561756e-10 
17.6383277 1.10947e-09 
17.6387917 2.328136e-09 
20.3533516 3.636797e-09 
20.3538597 3.315923e-10 
23.0689012 1.649818e-09 
23.0693704 2.560966e-09 
25.7839166 4.039785e-09 
25.7844384 4.385876e-11 
28.499473 2.51962e-09 
28.4999871 1.715508e-09 
31.2144987 2.901876e-09 
31.2150457 3.115344e-10 
33.9300828 8.58445e-10 
33.9306024 1.319618e-09 
36.6451283 4.379418e-10 
36.6456596 5.649758e-10 
39.3607143 3.311011e-10 
39.3612277 2.899646e-10 
42.0757838 1.860512e-10 
42.0762987 2.301524e-10 
44.7913769 8.020514e-11 
44.7918706 2.577363e-10 
47.5064723 1.674068e-10 
47.506956 9.692548e-10 
50.222059 8.085135e-10 
50.2225222 4.627365e-10 
52.9371722 2.490227e-10 
52.9376355 1.013667e-09 
55.6527652 4.377007e-10 
55.6532154 1.17696e-09 
58.3678964 1.802636e-09 
58.3683495 7.240842e-10 
61.0834931 5.970347e-10 
61.0839217 2.582448e-09 
63.7986305 2.142806e-09 
63.7990702 3.770174e-10 
66.5142207 1.972862e-09 
66.5146632 1.229384e-09 
69.2293701 3.178329e-09 
69.2298176 4.955251e-10 
71.9449704 2.436688e-09 
71.9454011 9.191897e-10 
74.6601379 1.658736e-09 
74.6605562 2.759427e-10 
77.3757221 6.415517e-10 
77.3761456 1.067687e-09 
80.0909185 8.034087e-10 
80.0913182 6.737315e-10 
82.8065126 1.319762e-10 
82.8069134 8.604182e-10 
85.5217338 2.564066e-10 
85.5221089 1.52094e-09 
88.2373256 1.932349e-09 
88.2376905 4.053048e-10 
90.9525637 1.254544e-09 
90.9529086 1.007791e-09 
93.6681459 2.329329e-09 
93.6684702 3.188086e-10 
96.3833993 1.171794e-09 
96.3837095 1.263348e-09 
99.0989624 1.770699e-09 
99.0992499 2.370958e-10 
101.814221 7.462191e-10 
101.8145052 5.673334e-10 
104.5297646 1.159137e-09 
104.5300268 8.389782e-10 
107.2450335 6.374555e-10 
107.2452876 3.486721e-10 
1.3463016 3.939812e-10 
1.346775 2.683343e-10 
2.7040383 6.567954e-11 
2.7045217 1.532713e-10 
4.061841 1.886124e-11 
5.4195952 1.83281e-10 
4.0623359 5.50915e-11 
6.7768963 2.60516e-11 
6.7773956 6.093538e-10 
8.1346542 1.232585e-10 
9.4924541 4.766454e-10 
8.1351407 1.031857e-09 
9.4929235 8.533985e-10 
10.8501964 8.005069e-10 
12.2074937 1.176191e-10 
13.5652435 2.456978e-10 
12.2079833 8.073886e-10 
13.5657166 7.476636e-10 
14.9230371 3.853977e-10 
14.9235001 1.11857e-09 
17.6380651 2.657992e-09 
16.2807802 2.937342e-10 
17.6385704 3.07082e-10 
18.9958179 2.611138e-09 
18.9963029 1.439009e-09 
20.3536178 1.435184e-09 
21.7113585 2.979262e-10 
20.3540787 3.130162e-09 
23.0686357 3.943442e-09 
24.4263825 3.512504e-09 
23.0691464 1.596171e-10 
24.4268841 8.587036e-10 
25.7841837 2.076105e-09 
25.7846743 1.736292e-09 
28.4992025 3.841424e-09 
27.1419343 8.57004e-10 
28.4997388 2.406131e-10 
29.8569596 3.184416e-09 
29.8574963 5.440993e-10 
31.2147732 1.923413e-09 
32.5725391 5.901685e-10 
31.215297 1.735658e-09 
33.9298096 1.49757e-09 
33.930351 4.148706e-10 
35.2875785 8.666968e-10 
36.6453957 3.163498e-10 
35.2881044 7.894815e-10 
36.6459105 5.555712e-10 
38.0031568 3.705404e-10 
39.3604527 6.705806e-11 
40.7182187 8.808025e-11 
39.3609747 4.537392e-10 
40.7187381 4.458279e-10 
42.0760412 1.771575e-10 
42.0765496 2.361012e-10 
44.791124 7.470542e-11 
43.4338112 2.494516e-10 
44.7916271 3.609793e-10 
46.1488989 1.434056e-10 
46.149389 5.905352e-10 
47.5067171 5.754752e-10 
48.8644817 1.029978e-09 
47.5071918 3.375921e-10 
50.2218218 4.273267e-10 
50.2222903 1.204935e-09 
51.5795906 3.868028e-10 
52.9374066 4.544561e-10 
51.5800491 7.767639e-10 
52.9378656 7.095887e-10 
54.2951693 7.086329e-10 
55.6525302 5.957875e-10 
57.0103017 1.237837e-09 
55.6529909 8.612685e-10 
57.0107562 1.515305e-09 
58.36813 5.66938e-10 
58.3685662 2.305743e-09 
61.0832668 2.260515e-09 
59.7258954 1.613467e-10 
61.0837065 8.231372e-10 
62.4410372 1.339234e-09 
62.4414744 1.252171e-09 
63.798854 1.18016e-09 
65.156622 6.865438e-10 
63.799289 1.73502e-09 
66.5139964 2.702361e-09 
66.5144426 8.351495e-11 
67.8717708 3.354432e-09 
69.2295955 2.85254e-09 
67.8722137 2.492719e-10 
69.2300349 1.395801e-09 
70.5873644 1.598496e-09 
71.9447529 2.581316e-09 
73.3025241 2.289554e-09 
71.9451883 5.969964e-10 
73.3029521 3.78709e-10 
74.6603442 1.503235e-09 
74.6607699 6.513916e-10 
77.3755238 1.255019e-09 
76.0181115 4.555408e-10 
77.3759326 4.877602e-10 
78.7332905 4.859077e-10 
78.7337099 1.040723e-09 
80.091112 1.486636e-10 
81.4488895 4.985444e-10 
80.0915285 1.114073e-09 
82.8063223 2.388508e-10 
82.8067122 8.714659e-10 
84.1640965 2.844418e-10 
85.5219175 9.296056e-10 
84.1644825 8.48092e-10 
85.5223017 7.256667e-10 
86.8796868 1.533656e-09 
88.2371473 7.918502e-10 
89.5949184 1.720333e-09 
88.237508 1.60946e-09 
89.5952698 7.745591e-10 
90.9527345 2.15673e-09 
90.9530811 6.373832e-11 
93.667982 1.280105e-09 
92.3105016 2.158466e-09 
93.6683091 1.058771e-09 
95.0257472 1.961503e-09 
95.026068 5.375521e-10 
96.3835556 2.082753e-09 
97.7413137 1.386615e-09 
96.3838599 4.980541e-10 
99.0988125 7.136083e-10 
99.0991084 6.07041e-10 
100.4565685 1.353182e-09 
101.8143655 1.304467e-09 
100.4568506 8.148661e-11 
101.8146394 5.412732e-10 
103.1721072 9.722359e-10 
104.5296271 8.744173e-10 
105.8873746 1.022297e-09 
104.5298982 7.042081e-10 
105.8876274 3.732974e-10 
107.245162 1.14913e-09 
107.2454107 4.741364e-10 
2.704278 1.280968e-10 
5.4193462 2.718247e-11 
5.4198427 3.238214e-10 
8.134902 6.649331e-10 
10.8499528 1.168081e-10 
10.8504276 1.108115e-09 
13.565488 3.211728e-10 
16.2805309 1.300101e-09 
16.2810116 8.544845e-10 
18.9960723 3.575951e-10 
21.7111022 3.224094e-09 
21.7115906 1.503625e-09 
24.4266429 3.975594e-10 
27.1416657 3.536027e-09 
27.1421876 4.93189e-10 
29.8572332 1.033469e-09 
32.5722651 2.069472e-09 
32.5728006 6.849586e-10 
35.2878446 2.823719e-10 
38.0028948 1.328797e-10 
38.0034154 6.647803e-10 
40.7184787 3.279492e-10 
43.4335538 5.138982e-11 
43.4340646 3.448006e-10 
46.1491473 6.652193e-10 
48.8642456 4.444916e-10 
48.8647136 7.362596e-10 
51.5798194 8.554495e-10 
54.2949402 5.537509e-10 
54.2953988 1.03987e-09 
57.0105304 4.667623e-10 
59.7256705 1.428912e-09 
59.7261137 2.038086e-09 
62.4412571 2.508183e-10 
65.156402 2.258653e-09 
65.156842 2.301646e-10 
67.8719924 1.612614e-09 
70.5871473 3.637749e-09 
70.5875829 5.885209e-10 
73.3027365 9.181597e-10 
76.0179038 1.242299e-09 
76.0183274 5.180035e-10 
78.733497 6.417295e-10 
81.4486895 1.737858e-10 
81.4490959 8.436818e-10 
84.1642865 6.072712e-10 
86.8795063 9.646353e-10 
86.8798735 1.176475e-09 
89.5950918 2.009996e-09 
92.3103321 1.858852e-09 
92.3106698 3.29166e-10 
95.0259098 1.925229e-09 
97.7411599 1.590441e-09 
97.7414612 2.434081e-10 
100.4567118 8.134838e-10 
103.171973 1.091821e-09 
103.1722383 5.621251e-10 
105.887502 9.96278e-10 
1.346547 2.46185e-10 
1.3470248 4.199733e-10 
2.704039 5.952803e-11 
2.7045221 1.293943e-10 
4.0615882 1.033393e-10 
4.0620828 8.92927e-11 
5.4195955 1.636488e-10 
6.7771514 1.578932e-10 
6.7776396 5.04606e-10 
8.1346532 9.307567e-11 
9.4921992 2.209594e-11 
9.4926937 1.14473e-09 
8.1351418 9.842292e-10 
10.8501977 7.068148e-10 
13.5652435 2.680058e-10 
12.2077476 2.424684e-10 
13.5657174 7.675229e-10 
12.2082082 7.743022e-10 
14.9227797 1.02806e-09 
14.9232767 3.744334e-10 
17.638329 1.066126e-09 
16.2807811 3.141058e-10 
17.6387911 2.228299e-09 
18.9958184 2.607333e-09 
18.9963025 1.376486e-09 
20.353352 3.764445e-09 
20.3538597 3.548926e-10 
21.7113581 2.984557e-10 
24.4263825 3.350554e-09 
23.0689017 1.529926e-09 
24.4268833 7.595771e-10 
23.0693697 2.35344e-09 
25.7839179 4.002511e-09 
25.7844371 3.860007e-11 
28.499472 2.391757e-09 
27.1419326 8.300197e-10 
28.4999868 1.61408e-09 
29.8569584 2.957129e-09 
29.8574957 5.241354e-10 
31.2144996 2.757158e-09 
32.5725371 6.254932e-10 
31.215044 3.331886e-10 
33.9300813 8.470869e-10 
33.9306024 1.302417e-09 
36.6451285 3.719537e-10 
35.2875773 8.392419e-10 
36.6456589 5.503201e-10 
35.288104 8.08421e-10 
38.003156 3.630041e-10 
40.7182185 8.796512e-11 
39.360714 3.240876e-10 
40.7187376 4.462958e-10 
39.3612274 2.829664e-10 
42.0757834 2.125692e-10 
42.0762991 2.121014e-10 
44.7913775 7.694266e-11 
43.4338117 2.259575e-10 
44.7918702 2.388041e-10 
46.1488995 1.242049e-10 
46.1493885 6.092179e-10 
47.5064721 1.482425e-10 
48.8644824 1.075724e-09 
47.5069567 1.005171e-09 
50.2220594 8.216138e-10 
50.2225222 5.134026e-10 
52.9371729 2.594966e-10 
51.579591 3.851456e-10 
52.9376355 1.125239e-09 
51.5800489 8.574998e-10 
54.295169 7.690078e-10 
57.0103015 1.300074e-09 
55.6527647 5.031943e-10 
57.0107564 1.563137e-09 
55.6532161 1.252258e-09 
58.3678978 1.90254e-09 
58.3683489 7.069977e-10 
61.0834925 7.02194e-10 
59.7258946 1.486963e-10 
61.0839226 2.669425e-09 
62.4410372 1.51861e-09 
62.4414746 1.238641e-09 
63.7986317 2.283902e-09 
65.1566218 8.21861e-10 
63.7990699 3.299397e-10 
66.5142209 2.308867e-09 
66.5146639 1.40347e-09 
69.2293704 3.455936e-09 
67.8717719 3.855318e-09 
69.2298182 5.624227e-10 
67.8722136 3.210383e-10 
70.5873652 1.775129e-09 
73.3025256 2.641146e-09 
71.9449713 2.66932e-09 
73.302952 4.068991e-10 
71.9454016 1.034557e-09 
74.6601373 1.726165e-09 
74.6605574 3.181654e-10 
77.3757226 7.444136e-10 
76.0181126 5.453898e-10 
77.3761463 9.641609e-10 
78.7332914 6.309732e-10 
78.73371 9.488324e-10 
80.0909174 7.84175e-10 
81.4488899 4.941637e-10 
80.0913192 6.779756e-10 
82.8065121 1.156629e-10 
82.8069145 8.282205e-10 
85.5217327 2.560386e-10 
84.1640961 2.590403e-10 
85.5221093 1.502232e-09 
84.164483 8.069367e-10 
86.8796864 1.384023e-09 
89.5949172 1.502023e-09 
88.2373243 1.706975e-09 
89.5952703 7.382135e-10 
88.2376916 4.34881e-10 
90.952563 1.079398e-09 
90.9529084 9.349699e-10 
93.668145 2.06023e-09 
92.3105008 1.945077e-09 
93.6684707 3.161742e-10 
95.0257463 1.715692e-09 
95.026068 4.808651e-10 
96.383399 9.881571e-10 
97.7413131 1.24996e-09 
96.3837092 1.138876e-09 
99.0989623 1.610354e-09 
99.0992496 2.73044e-10 
101.8142209 7.476496e-10 
100.4565681 1.240625e-09 
101.8145049 5.010748e-10 
100.4568502 8.673226e-11 
103.1721067 9.128386e-10 
105.8873742 9.964297e-10 
104.5297648 1.115535e-09 
105.8876269 3.227829e-10 
104.5300261 8.884309e-10 
107.2450334 6.293466e-10 
107.2452871 2.898289e-10 
1.346302 3.42818e-10 
1.3467762 2.399047e-10 
4.0618416 1.688534e-11 
4.0623362 4.761234e-11 
6.7768949 1.953241e-11 
6.7773966 5.59619e-10 
9.4924546 3.848954e-10 
9.4929241 8.620864e-10 
12.207493 1.534457e-10 
12.2079845 8.026253e-10 
14.9230386 3.856192e-10 
14.9234994 1.072479e-09 
17.6380664 2.675096e-09 
17.6385699 3.312894e-10 
20.3536183 1.340727e-09 
20.3540776 2.869818e-09 
23.0686373 3.787152e-09 
23.0691449 1.489119e-10 
25.7841827 1.949463e-09 
25.784674 1.604868e-09 
28.4992031 3.700137e-09 
28.4997373 2.813408e-10 
31.2147711 1.884808e-09 
31.2152975 1.710989e-09 
33.9298092 1.42774e-09 
33.9303503 4.436267e-10 
36.6453946 3.299491e-10 
36.6459107 6.180933e-10 
39.3604524 8.512219e-11 
39.360975 4.697415e-10 
42.076042 1.645498e-10 
42.076549 2.136097e-10 
44.7911244 7.534762e-11 
44.7916277 3.77824e-10 
47.5067187 5.874142e-10 
47.5071912 3.901229e-10 
50.2218225 4.051991e-10 
50.2222908 1.306437e-09 
52.937407 4.669067e-10 
52.937866 7.787988e-10 
55.6525305 6.815927e-10 
55.6529912 8.638742e-10 
58.3681291 5.865799e-10 
58.3685677 2.420577e-09 
61.0832665 2.48014e-09 
61.0837069 7.574181e-10 
63.7988532 1.467128e-09 
63.7992906 1.879787e-09 
66.5139961 3.18195e-09 
66.5144432 1.066594e-10 
69.2295958 3.311015e-09 
69.2300356 1.569756e-09 
71.9447529 3.033949e-09 
71.945189 6.650759e-10 
74.6603451 1.727061e-09 
74.6607701 6.398979e-10 
77.3755236 1.310235e-09 
77.3759331 5.033869e-10 
80.0911124 2.246441e-10 
80.0915288 1.059808e-09 
82.8063213 2.578806e-10 
82.8067127 8.012846e-10 
85.5219169 8.048861e-10 
85.5223023 6.749725e-10 
88.2371457 6.912249e-10 
88.2375084 1.51052e-09 
90.9527335 1.909787e-09 
90.9530816 7.81682e-11 
93.6679805 1.104863e-09 
93.6683092 9.356064e-10 
96.3835548 1.873569e-09 
96.3838598 5.529302e-10 
99.0988119 6.334626e-10 
99.0991079 5.369535e-10 
101.8143651 1.252489e-09 
101.8146386 5.720267e-10 
104.5296273 8.078161e-10 
104.5298972 6.471021e-10 
107.2451614 1.1735e-09 
107.2454097 5.214857e-10 
1.3465479 2.138685e-10 
1.3470253 3.869523e-10 
2.704279 1.190814e-10 
4.0615885 8.505406e-11 
5.4193463 2.025221e-11 
4.0620835 7.815949e-11 
5.4198431 2.990037e-10 
6.7771521 1.288094e-10 
6.7776396 5.051548e-10 
9.4921985 1.476417e-11 
8.1349029 5.892185e-10 
9.4926945 1.131565e-09 
10.8499527 7.41638e-11 
10.8504284 1.115492e-09 
12.2077488 2.361151e-10 
13.5654892 3.272749e-10 
12.2082075 7.554005e-10 
14.9227812 1.042816e-09 
14.923276 3.997769e-10 
16.2805318 1.349248e-09 
17.6383296 1.039202e-09 
16.2810108 8.322866e-10 
17.6387899 2.068274e-09 
18.9960719 3.79672e-10 
20.3533542 3.497636e-09 
21.7111024 3.057715e-09 
20.3538578 3.369631e-10 
21.7115895 1.346728e-09 
23.0689009 1.469317e-09 
24.4266415 3.972154e-10 
23.0693691 2.194598e-09 
25.7839187 3.817183e-09 
25.7844358 6.440899e-11 
27.1416643 3.277687e-09 
28.4994702 2.333085e-09 
27.1421872 4.570072e-10 
28.4999873 1.586917e-09 
29.8572315 1.082132e-09 
31.2144986 2.693061e-09 
32.5722629 1.973955e-09 
31.2150438 3.782351e-10 
32.5728009 6.976495e-10 
33.9300798 8.92923e-10 
33.9306032 1.40055e-09 
36.6451275 4.440018e-10 
35.2878437 3.117093e-10 
36.6456594 6.126631e-10 
38.002894 1.68901e-10 
38.0034155 7.412943e-10 
39.3607142 3.122894e-10 
40.7184791 3.178228e-10 
39.3612274 3.046881e-10 
42.0757839 1.953288e-10 
42.0762995 2.213919e-10 
43.4335551 3.51207e-11 
44.7913793 7.334273e-11 
43.434064 3.647625e-10 
44.7918694 2.790675e-10 
46.1491485 6.975632e-10 
47.5064735 1.536886e-10 
48.8642475 4.177888e-10 
47.506957 1.101411e-09 
48.8647131 8.305048e-10 
50.2220609 8.560243e-10 
50.2225218 5.652406e-10 
52.9371732 2.756424e-10 
51.5798205 9.147478e-10 
52.9376361 1.104624e-09 
54.2949408 5.342853e-10 
54.2953994 1.076437e-09 
55.6527647 4.201818e-10 
57.0105308 4.133175e-10 
55.6532171 1.316621e-09 
58.3678965 2.047215e-09 
58.36835 6.525482e-10 
59.7256698 1.4952e-09 
61.0834914 7.980967e-10 
59.726115 2.049201e-09 
61.0839245 2.792886e-09 
62.4412572 2.804399e-10 
63.79863 2.685421e-09 
65.1564017 2.723897e-09 
63.799071 3.195754e-10 
65.1568431 2.484253e-10 
66.5142202 2.701337e-09 
66.5146652 1.505493e-09 
69.2293698 4.118556e-09 
67.8719927 1.802553e-09 
69.2298187 6.005422e-10 
70.5871483 4.291479e-09 
70.587583 6.613884e-10 
71.9449717 2.975456e-09 
73.3027371 1.046184e-09 
71.9454017 1.056808e-09 
74.6601379 2.0011e-09 
74.6605572 3.440562e-10 
76.0179053 1.536326e-09 
77.3757234 8.909956e-10 
76.018327 4.968401e-10 
77.3761458 9.786643e-10 
78.7334973 6.9089e-10 
80.0909177 8.389547e-10 
81.4486898 2.227068e-10 
80.091319 6.454848e-10 
81.4490958 8.061768e-10 
82.8065124 8.708257e-11 
82.8069142 7.731746e-10 
85.5217315 2.03465e-10 
84.1642865 5.05582e-10 
85.5221096 1.358003e-09 
86.8795049 8.180305e-10 
86.8798741 1.081629e-09 
88.237324 1.610014e-09 
89.5950915 1.842064e-09 
88.2376916 3.677699e-10 
90.952561 9.848868e-10 
90.952909 8.397552e-10 
92.3103301 1.680852e-09 
93.6681444 1.917528e-09 
92.3106705 2.757164e-10 
93.6684706 3.921456e-10 
95.0259092 1.773349e-09 
96.3833975 9.535774e-10 
97.7411583 1.473909e-09 
96.3837092 1.080451e-09 
97.7414612 2.425711e-10 
99.0989616 1.560492e-09 
99.0992491 3.198102e-10 
101.8142209 6.412513e-10 
100.4567109 7.866673e-10 
101.8145039 4.82504e-10 
103.171972 1.061539e-09 
103.1722376 5.117147e-10 
104.529764 1.165193e-09 
105.8875007 9.873854e-10 
104.5300253 8.633711e-10 
107.245034 6.623837e-10 
107.2452856 2.654852e-10 
2.70404 4.058015e-11 
2.7045225 1.195587e-10 
5.4195962 1.418477e-10 
8.1346535 6.151483e-11 
8.1351419 9.921789e-10 
10.8501986 6.99508e-10 
13.5652445 3.058928e-10 
13.5657167 7.682168e-10 
16.2807808 3.426814e-10 
18.995819 2.516215e-09 
18.9963011 1.275757e-09 
21.7113569 3.113748e-10 
24.4263817 3.156801e-09 
24.4268828 6.814985e-10 
27.1419316 8.846319e-10 
29.8569563 2.810479e-09 
29.8574964 5.1825e-10 
32.5725368 6.78805e-10 
35.2875757 9.064617e-10 
35.2881049 9.062086e-10 
38.0031564 3.816558e-10 
40.7182192 8.846717e-11 
40.7187376 4.921749e-10 
43.4338126 2.300832e-10 
46.148902 1.100545e-10 
46.1493879 7.102637e-10 
48.8644837 1.169739e-09 
51.579593 3.560012e-10 
51.580049 8.766193e-10 
54.2951705 6.815431e-10 
57.0103015 1.229111e-09 
57.0107579 1.556235e-09 
59.7258957 1.066867e-10 
62.441036 1.71919e-09 
62.4414767 1.250316e-09 
65.1566223 8.990681e-10 
67.8717714 4.423997e-09 
67.8722148 3.462983e-10 
70.5873651 1.869614e-09 
73.3025264 3.052318e-09 
73.3029518 4.136492e-10 
76.0181123 6.031519e-10 
78.7332922 7.472034e-10 
78.7337094 1.000327e-09 
81.4488898 4.625498e-10 
84.1640955 1.799457e-10 
84.1644831 7.273131e-10 
86.8796865 1.295002e-09 
89.5949153 1.425699e-09 
89.595271 6.471286e-10 
92.3105008 1.872584e-09 
95.025744 1.714768e-09 
95.0260686 4.944417e-10 
97.7413125 1.248884e-09 
100.4565664 1.239481e-09 
100.45685 6.551319e-11 
103.1721054 9.611709e-10 
105.8873733 1.057153e-09 
105.8876261 2.818047e-10 
1.3463022 2.837136e-10 
1.3467766 2.303225e-10 
2.7042794 1.147702e-10 
5.419347 1.471734e-11 
4.0618423 1.154643e-11 
5.419843 3.094309e-10 
4.0623362 4.553254e-11 
6.7768953 1.349477e-11 
6.7773969 5.635473e-10 
9.4924555 3.880717e-10 
8.1349034 6.072665e-10 
9.4929231 8.503496e-10 
10.8499537 8.107223e-11 
10.8504274 1.136258e-09 
12.2074942 1.536369e-10 
12.2079837 8.394424e-10 
13.5654888 3.607979e-10 
14.9230388 4.137421e-10 
14.9234984 1.012436e-09 
16.2805325 1.328902e-09 
17.6380687 2.464459e-09 
17.638568 3.26435e-10 
16.2810096 7.94876e-10 
18.9960708 3.980317e-10 
21.7111021 2.944926e-09 
20.3536175 1.342671e-09 
21.7115888 1.286611e-09 
20.3540769 2.772465e-09 
23.0686384 3.530446e-09 
24.426641 4.3372e-10 
23.0691435 1.351162e-10 
25.7841815 1.94946e-09 
25.7846741 1.613953e-09 
28.4992021 3.636615e-09 
27.1416632 3.196195e-09 
28.4997375 3.246397e-10 
27.1421878 4.521531e-10 
29.8572322 1.152266e-09 
32.5722616 2.03784e-09 
31.2147701 1.930117e-09 
32.5728022 7.45952e-10 
31.2152983 1.788675e-09 
33.9298075 1.535116e-09 
33.9303514 4.96601e-10 
36.6453944 3.539539e-10 
35.2878447 3.321843e-10 
36.6459114 6.969075e-10 
38.0028939 2.137989e-10 
38.0034163 8.15368e-10 
39.3604522 1.166074e-10 
40.7184797 3.321438e-10 
39.3609756 5.182182e-10 
42.076043 1.437957e-10 
42.0765488 2.398839e-10 
44.7911259 7.319933e-11 
43.4335567 2.268889e-11 
44.7916276 4.313436e-10 
43.4340639 4.306359e-10 
46.1491492 7.627564e-10 
48.8642496 4.282825e-10 
47.5067202 6.29551e-10 
48.8647129 8.751005e-10 
47.5071906 4.373993e-10 
50.2218235 4.193679e-10 
50.2222909 1.31007e-09 
52.9374079 4.066231e-10 
51.5798218 8.84252e-10 
52.9378661 7.798504e-10 
54.2949417 4.447376e-10 
54.2954002 1.01622e-09 
55.6525293 7.133255e-10 
57.0105325 3.141924e-10 
55.6529923 7.638182e-10 
58.3681288 5.228875e-10 
58.3685688 2.47157e-09 
61.0832639 2.661842e-09 
59.7256691 1.471526e-09 
61.0837084 7.691323e-10 
59.7261169 2.051292e-09 
62.4412584 2.848572e-10 
65.1564004 2.91455e-09 
63.7988522 1.596584e-09 
65.1568448 2.549105e-10 
63.7992918 1.918199e-09 
66.5139943 3.644013e-09 
66.514444 1.08427e-10 
69.2295952 3.476121e-09 
67.8719926 1.772414e-09 
69.230036 1.509485e-09 
70.5871477 4.511402e-09 
70.5875836 6.192888e-10 
71.9447531 3.411787e-09 
73.3027362 1.041916e-09 
71.9451885 6.601828e-10 
74.6603452 1.850832e-09 
74.6607694 6.575575e-10 
77.3755248 1.432428e-09 
76.0179054 1.638116e-09 
77.3759321 5.027459e-10 
76.0183265 5.666769e-10 
78.7334966 6.742972e-10 
81.4486899 1.748103e-10 
80.091113 2.367703e-10 
81.4490953 8.547315e-10 
80.0915277 1.115703e-09 
82.8063217 2.47141e-10 
82.8067123 6.979315e-10 
85.5219175 8.062731e-10 
84.1642865 4.702117e-10 
85.5223014 5.775603e-10 
86.8795042 8.041759e-10 
86.8798741 9.793821e-10 
88.2371445 6.46964e-10 
89.595092 1.88432e-09 
88.2375088 1.411995e-09 
90.9527338 1.959091e-09 
90.9530811 7.970933e-11 
93.6679789 1.178943e-09 
92.3103285 1.820541e-09 
93.6683098 9.12098e-10 
92.310671 2.738879e-10 
95.0259094 1.836296e-09 
97.7411565 1.601737e-09 
96.3835545 1.89457e-09 
97.7414616 2.749848e-10 
96.3838594 6.420515e-10 
99.0988113 6.429558e-10 
99.0991076 5.766377e-10 
101.8143643 1.332467e-09 
100.4567102 8.882794e-10 
101.8146382 5.255027e-10 
103.1719709 1.120762e-09 
103.1722374 4.632414e-10 
104.5296278 7.238114e-10 
105.8874997 1.053008e-09 
104.529896 6.442879e-10 
107.2451606 1.248454e-09 
107.2454093 4.951345e-10 
1.3465477 1.791233e-10 
1.347025 4.240049e-10 
4.0615889 8.339998e-11 
4.0620834 7.583442e-11 
6.777153 1.401708e-10 
6.7776387 5.113774e-10 
9.4922001 6.443022e-12 
9.4926935 1.207525e-09 
12.2077488 3.000042e-10 
12.2082064 7.218272e-10 
14.9227829 9.478111e-10 
14.9232743 3.976306e-10 
17.6383286 1.068357e-09 
17.6387897 2.066719e-09 
20.3533553 3.244956e-09 
20.3538566 3.08024e-10 
23.0688999 1.536403e-09 
23.0693693 2.29007e-09 
25.7839179 3.753828e-09 
25.7844362 9.071732e-11 
28.4994701 2.415286e-09 
28.4999878 1.666138e-09 
31.214497 2.780412e-09 
31.2150454 3.827074e-10 
33.9300803 9.342843e-10 
33.9306038 1.484235e-09 
36.6451267 5.60785e-10 
36.6456604 6.737808e-10 
39.3607147 3.095863e-10 
39.3612277 3.231689e-10 
42.0757847 1.733932e-10 
42.0762993 2.475505e-10 
44.7913797 7.745712e-11 
44.7918693 3.175394e-10 
47.5064746 1.795761e-10 
47.5069564 1.121131e-09 
50.2220615 8.719414e-10 
50.2225216 5.442152e-10 
52.9371728 2.774325e-10 
52.9376364 9.877578e-10 
55.6527651 3.213575e-10 
55.6532171 1.278568e-09 
58.3678943 2.038067e-09 
58.3683513 6.402443e-10 
61.0834913 7.578262e-10 
61.0839247 2.777159e-09 
63.7986277 2.791438e-09 
63.799072 3.590753e-10 
66.5142195 2.576676e-09 
66.5146654 1.385735e-09 
69.2293691 4.23291e-09 
69.2298184 5.544387e-10 
71.9449709 2.896893e-09 
71.9454013 9.555032e-10 
74.6601388 2.073054e-09 
74.6605559 3.142066e-10 
77.3757233 8.68297e-10 
77.3761448 1.098196e-09 
80.090919 8.803902e-10 
80.0913178 6.184464e-10 
82.8065131 8.374379e-11 
82.8069128 7.759444e-10 
85.521732 1.765452e-10 
85.5221094 1.283024e-09 
88.2373251 1.773571e-09 
88.2376904 3.015843e-10 
90.9525604 1.109291e-09 
90.9529095 8.458256e-10 
93.668145 2.10253e-09 
93.66847 4.459678e-10 
96.3833969 1.132991e-09 
96.3837095 1.164177e-09 
99.0989613 1.697861e-09 
99.099249 3.11799e-10 
101.8142209 6.023264e-10 
101.8145035 5.36005e-10 
104.5297633 1.242617e-09 
104.5300254 7.910738e-10 
107.2450346 7.025139e-10 
107.2452851 3.067016e-10 
109.9604425 8.980819e-10 
108.6028956 1.223064e-09 
109.9606745 5.707261e-10 
111.3181777 1.455702e-09 
111.3184063 5.630241e-10 
112.6759598 1.931194e-09 
114.0336909 1.580161e-09 
112.676176 3.916006e-10 
115.3912601 9.30488e-10 
115.3914633 1.138243e-09 
116.7489897 1.760683e-09 
118.1067678 1.998525e-09 
116.7491834 1.867255e-10 
118.106947 1.917102e-10 
119.464485 1.831859e-09 
120.8220702 6.826631e-10 
122.179794 5.176593e-10 
120.8222515 1.410887e-09 
122.1799519 1.10084e-09 
123.5375594 3.262636e-10 
123.5377018 6.787836e-10 
126.2528688 2.607464e-10 
124.8952653 4.474044e-10 
126.2530104 6.889805e-10 
127.6105777 3.32974e-10 
127.6107032 1.05037e-09 
128.9683264 5.788003e-10 
130.3260192 5.794007e-10 
128.9684332 1.005046e-09 
131.6836246 1.544212e-09 
131.6837484 5.763882e-10 
133.041314 2.047287e-09 
134.3990504 1.781224e-09 
133.0414288 3.426847e-10 
134.3991533 1.091408e-09 
135.7567266 1.281963e-09 
137.1143456 3.703277e-09 
138.4720255 3.567536e-09 
137.1144537 4.483961e-10 
138.4721223 5.46267e-10 
139.8297516 2.733144e-09 
139.8298468 1.60565e-09 
142.5450435 2.196e-09 
141.1874265 6.797099e-10 
142.5451474 4.962348e-11 
143.902715 1.752781e-09 
143.9028186 7.961706e-10 
145.2604315 6.011734e-10 
146.6181048 5.337047e-10 
145.2605343 1.73479e-09 
147.9757214 1.52294e-09 
147.9758194 1.15352e-09 
149.333386 6.634881e-10 
150.6911046 4.634272e-10 
149.3334836 1.629742e-09 
150.6911895 1.756273e-09 
152.0487666 6.591491e-10 
153.4063932 3.219605e-10 
154.7640516 1.806165e-10 
153.4064795 9.857709e-10 
154.7641271 9.662642e-10 
156.1217565 6.032961e-10 
156.1218257 3.713812e-10 
158.8370292 1.988708e-10 
157.4794053 9.552995e-10 
158.837097 7.565809e-10 
160.1946774 1.798981e-10 
160.1947327 6.193789e-10 
161.5523647 2.838286e-10 
162.9100006 2.99615e-10 
161.552409 1.853403e-10 
164.2676526 3.514934e-10 
164.267672 4.50771e-10 
165.6252812 4.200784e-10 
166.9829573 3.102135e-10 
165.6252965 3.110941e-10 
166.9829626 2.217179e-10 
168.3405731 3.705108e-10 
169.6982304 3.062553e-10 
171.0558481 3.45914e-10 
169.6982369 6.261918e-10 
171.0558494 6.647767e-10 
172.4135093 5.150665e-10 
172.4135162 1.130646e-09 
175.1287791 1.986033e-09 
173.7711175 6.26962e-10 
175.1287716 5.273795e-10 
176.4863935 2.065105e-09 
176.4863802 1.166966e-09 
177.8440422 1.546818e-09 
179.2016462 5.846681e-10 
177.8440415 1.939965e-09 
180.5592904 3.183251e-09 
180.5592966 1.6178e-10 
181.9168893 2.69946e-09 
183.2745358 1.097429e-09 
181.9169079 9.847874e-10 
183.2745698 2.517046e-09 
184.6321357 1.30149e-10 
185.9897537 3.209683e-09 
187.3473504 1.785861e-09 
185.9897922 6.837549e-10 
187.3474036 2.110895e-09 
188.7050033 7.742341e-10 
188.7050625 2.88114e-09 
191.4202092 1.181348e-09 
190.062613 2.488105e-10 
191.4202732 4.046638e-10 
192.7778156 5.752336e-10 
192.7778902 6.265994e-10 
194.1354695 3.894486e-10 
195.493087 5.508042e-10 
194.1355519 5.146444e-10 
196.8506538 1.709129e-10 
196.8507448 7.638143e-10 
198.2082649 2.40995e-10 
199.565917 3.384012e-10 
198.2083606 7.370027e-10 
199.566011 3.825664e-10 
200.9235314 3.136369e-10 
202.281109 4.892473e-11 
203.6387228 9.152875e-11 
202.2811755 2.001913e-10 
203.638783 1.64858e-10 
204.9963657 1.265635e-10 
204.9964244 8.002587e-10 
206.3539381 5.56128e-10 
108.602775 1.191198e-09 
109.9605591 1.528894e-09 
108.6030165 7.713723e-11 
109.960793 2.834062e-10 
111.3182934 1.646165e-09 
112.6758515 9.888162e-10 
114.033584 1.636847e-09 
112.6760674 1.146702e-09 
114.0337957 4.640575e-10 
115.3913647 2.084032e-09 
115.3915616 5.708359e-11 
118.1066667 7.564362e-10 
116.7490897 1.5688e-09 
118.1068606 1.367449e-09 
119.4643945 1.28323e-09 
119.4645695 8.0384e-10 
120.8221672 1.224444e-09 
122.1798778 1.383123e-09 
120.8223282 6.96914e-10 
123.5374728 3.042339e-10 
123.5376343 7.259537e-10 
124.8951906 3.306237e-11 
126.2529474 2.003828e-10 
124.8953298 9.271198e-10 
126.2530686 7.002368e-10 
127.6106479 3.474648e-10 
128.9682545 8.443843e-10 
130.3259532 1.171842e-09 
128.9683826 1.102768e-09 
130.3260705 1.007256e-09 
131.6836944 1.058125e-09 
131.683796 1.018397e-09 
134.3989873 2.870108e-09 
133.0413775 8.430494e-10 
134.3991047 2.221977e-10 
135.7566711 3.3672e-09 
135.7567768 3.293707e-10 
137.1144024 3.018382e-09 
138.4720759 1.391422e-09 
137.1145017 1.692234e-09 
139.8297003 3.6481e-09 
139.8298011 3.225319e-10 
141.1873763 2.971644e-09 
142.5450957 1.638344e-09 
141.1874702 3.930242e-10 
142.5451918 1.291786e-09 
143.9027703 4.820189e-10 
145.2603824 1.783046e-09 
146.6180493 1.152577e-09 
145.2604865 5.961101e-10 
146.6181561 1.725331e-09 
147.9757667 2.631454e-10 
147.9758658 2.511318e-09 
150.6910622 1.080267e-09 
149.3334344 3.648126e-10 
150.6911499 9.779508e-10 
152.0487231 2.990948e-10 
152.0488061 1.136542e-09 
153.4064376 6.557829e-10 
154.7640917 8.844384e-10 
153.4065098 7.315502e-10 
156.1217136 3.614931e-10 
156.1217964 8.398574e-10 
157.4793672 3.331139e-10 
158.8370621 5.076608e-10 
157.4794375 7.683155e-10 
158.837126 1.721003e-10 
160.1947053 7.211071e-10 
161.552344 1.509559e-11 
162.9099827 5.052439e-11 
161.5523853 6.663284e-10 
162.9100162 4.92854e-10 
164.2676646 1.21072e-10 
164.2676842 2.791636e-10 
166.9829475 4.135784e-10 
165.6252901 1.282869e-10 
166.9829572 3.912534e-10 
168.3405684 4.840814e-10 
168.3405752 3.096354e-10 
169.6982374 3.449398e-10 
171.0558473 5.363998e-10 
169.6982426 4.176583e-10 
172.4135068 1.101691e-09 
172.4135069 6.632676e-10 
173.771124 1.107359e-09 
175.1287782 1.233774e-09 
173.7711161 1.128287e-09 
175.1287797 1.822503e-09 
176.4863847 7.563146e-10 
177.8440422 2.640452e-09 
179.2016493 2.729649e-09 
177.8440352 3.759362e-10 
179.2016452 9.334084e-10 
180.5592956 1.384275e-09 
180.5593066 2.005617e-09 
183.2745252 3.582224e-09 
181.9168957 2.192599e-10 
183.2745491 2.401592e-10 
184.6321196 2.34043e-09 
184.6321605 1.673072e-09 
185.9897693 9.759989e-10 
187.3473726 2.212183e-10 
185.989821 3.305367e-09 
188.7049818 2.35603e-09 
188.7050317 6.096933e-10 
190.0625837 1.292087e-09 
191.4202383 5.986323e-10 
190.0626453 1.350813e-09 
191.420305 1.365421e-09 
192.7778532 3.400681e-10 
194.135432 4.098036e-10 
195.4930403 2.310598e-10 
194.1355134 4.636469e-10 
195.4931324 5.846984e-10 
196.8506932 4.20318e-10 
196.8507922 4.101147e-10 
199.5658784 5.905212e-11 
198.208311 7.370477e-10 
199.5659635 6.404155e-10 
200.9234927 1.451749e-10 
200.9235738 3.387264e-10 
202.2811422 1.192815e-10 
203.6387488 1.395134e-11 
202.2812149 1.95794e-10 
204.996339 7.171476e-11 
204.9963864 1.912304e-10 
206.3539184 2.387613e-10 
206.3539736 1.103295e-09 
108.602897 1.244061e-09 
111.3181787 1.31295e-09 
111.318407 5.230238e-10 
114.0336923 1.610536e-09 
116.748991 1.590707e-09 
116.7491838 2.218306e-10 
119.4644862 1.791246e-09 
122.1797955 4.364651e-10 
122.179952 1.109494e-09 
124.8952663 4.283498e-10 
127.6105791 4.224798e-10 
127.6107033 1.12834e-09 
130.32602 6.934743e-10 
133.0413154 2.346238e-09 
133.0414287 3.816562e-10 
135.7567271 1.421339e-09 
138.4720269 4.086599e-09 
138.4721219 5.385382e-10 
141.1874264 7.984995e-10 
143.9027161 2.056638e-09 
143.9028177 8.182307e-10 
146.6181039 4.707142e-10 
149.3333864 8.385907e-10 
149.3334827 1.642727e-09 
152.0487652 6.661087e-10 
154.7640512 1.256749e-10 
154.7641264 9.637568e-10 
157.4794039 8.555774e-10 
160.1946766 1.338393e-10 
160.1947324 6.273835e-10 
162.9099995 2.228938e-10 
165.6252805 4.385009e-10 
165.6252964 3.059029e-10 
168.3405723 3.651467e-10 
171.0558482 4.152223e-10 
171.0558491 6.445585e-10 
173.7711173 6.317397e-10 
176.486394 2.194534e-09 
176.48638 1.135616e-09 
179.2016458 6.315954e-10 
181.9168896 2.816983e-09 
181.9169073 9.346287e-10 
184.6321354 1.52781e-10 
187.3473508 1.887414e-09 
187.3474037 2.023042e-09 
190.0626127 2.864957e-10 
192.7778143 6.172046e-10 
192.77789 6.285807e-10 
195.4930856 5.220679e-10 
198.2082646 1.72391e-10 
198.2083602 7.158025e-10 
200.9235314 2.93047e-10 
203.6387217 8.995502e-11 
203.6387831 1.442063e-10 
206.3539364 5.449819e-10 
109.9604419 7.092553e-10 
108.6027757 1.076195e-09 
109.960676 5.829614e-10 
108.6030174 7.073841e-11 
111.3182947 1.627472e-09 
114.0335847 1.436954e-09 
112.6759607 1.847366e-09 
114.0337964 4.78686e-10 
112.6761765 3.436894e-10 
115.3912603 7.562972e-10 
115.3914641 1.154559e-09 
118.1067687 1.862712e-09 
116.7490906 1.487608e-09 
118.106947 1.954302e-10 
119.4643954 1.125093e-09 
119.4645698 7.42706e-10 
120.8220712 6.194137e-10 
122.1798786 1.215497e-09 
120.8222517 1.306573e-09 
123.5375603 2.627602e-10 
123.5377015 6.566519e-10 
126.2528698 3.172181e-10 
124.8951916 3.357937e-11 
126.2530104 7.368491e-10 
124.89533 8.985539e-10 
127.6106488 4.237028e-10 
130.3259538 1.325851e-09 
128.968327 7.282718e-10 
130.3260711 1.107669e-09 
128.9684329 1.043489e-09 
131.6836254 1.751158e-09 
131.6837485 6.592539e-10 
134.3990509 2.070384e-09 
133.0413784 9.8618e-10 
134.3991529 1.131101e-09 
135.7566714 3.725029e-09 
135.7567774 2.83602e-10 
137.1143463 4.20752e-09 
138.4720765 1.532013e-09 
137.1144537 4.434059e-10 
139.8297521 3.124998e-09 
139.8298462 1.641161e-09 
142.5450446 2.627961e-09 
141.187377 3.402406e-09 
142.5451469 5.647859e-11 
141.1874704 3.531912e-10 
143.9027705 5.687936e-10 
146.6180506 1.367711e-09 
145.2604321 7.061899e-10 
146.6181556 1.746908e-09 
145.2605332 1.843294e-09 
147.9757228 1.801243e-09 
147.9758184 1.063826e-09 
150.6911048 4.941483e-10 
149.3334343 2.968631e-10 
150.6911883 1.844624e-09 
152.0487243 3.392832e-10 
152.0488052 1.031859e-09 
153.4063941 4.121315e-10 
154.7640911 7.832201e-10 
153.4064782 9.306416e-10 
156.121756 5.224508e-10 
156.1218249 3.438968e-10 
158.8370295 2.385516e-10 
157.4793675 3.096904e-10 
158.8370959 6.960499e-10 
157.479437 6.889775e-10 
160.1947044 6.634608e-10 
162.9099821 3.801421e-11 
161.5523637 2.168326e-10 
162.9100163 5.019674e-10 
161.5524088 2.2735e-10 
164.2676521 3.026072e-10 
164.2676713 3.988866e-10 
166.9829565 3.183982e-10 
165.6252891 9.628111e-11 
166.9829625 2.393384e-10 
168.3405679 4.826882e-10 
168.3405754 2.826253e-10 
169.6982302 3.560464e-10 
171.0558471 4.956851e-10 
169.6982363 5.75579e-10 
172.4135095 5.669873e-10 
172.4135158 1.107492e-09 
175.1287794 2.12281e-09 
173.7711248 1.181442e-09 
175.1287714 5.106356e-10 
173.7711161 1.069356e-09 
176.4863851 8.109947e-10 
179.2016506 2.812039e-09 
177.8440429 1.647505e-09 
179.2016446 8.717073e-10 
177.844041 1.935385e-09 
180.5592908 3.288512e-09 
180.5592962 1.476424e-10 
183.2745365 1.187307e-09 
181.916896 2.812891e-10 
183.2745691 2.457559e-09 
184.6321214 2.378498e-09 
184.6321601 1.511635e-09 
185.9897545 3.243115e-09 
187.3473729 2.29444e-10 
185.9897922 5.994591e-10 
188.7050036 8.476848e-10 
188.7050625 2.80511e-09 
191.4202085 1.208908e-09 
190.0625839 1.341777e-09 
191.4202729 3.950628e-10 
190.0626451 1.257209e-09 
192.7778521 3.428924e-10 
195.4930403 2.018162e-10 
194.1354681 4.013422e-10 
195.4931317 5.282015e-10 
194.1355516 5.130065e-10 
196.8506539 1.336601e-10 
196.8507438 6.980965e-10 
199.5659167 2.775146e-10 
198.2083107 6.206237e-10 
199.5660108 3.842716e-10 
200.9234927 1.140347e-10 
200.9235739 3.259734e-10 
202.2811084 3.775345e-11 
203.638748 1.753689e-11 
202.2811756 1.965521e-10 
204.9963642 1.389539e-10 
204.9964244 6.815618e-10 
206.3539169 1.972126e-10 
206.3539724 1.048669e-09 
109.9605597 1.446361e-09 
109.9607933 2.903858e-10 
112.6758511 8.202166e-10 
112.6760681 1.139117e-09 
115.391365 1.930931e-09 
115.3915616 7.237764e-11 
118.1066671 6.574146e-10 
118.1068603 1.228283e-09 
120.8221673 1.055492e-09 
120.8223279 6.170686e-10 
123.5374732 2.789826e-10 
123.5376339 6.113227e-10 
126.2529473 2.673053e-10 
126.2530682 6.84477e-10 
128.9682543 8.846592e-10 
128.9683825 1.247918e-09 
131.6836941 1.251475e-09 
131.6837959 1.044199e-09 
134.3989864 3.054696e-09 
134.3991049 2.334773e-10 
137.1144019 3.303133e-09 
137.1145017 1.613699e-09 
139.8296997 3.977153e-09 
139.8298011 3.142317e-10 
142.5450958 1.905352e-09 
142.5451911 1.283824e-09 
145.2603829 1.990632e-09 
145.2604859 5.893019e-10 
147.9757675 2.839053e-10 
147.9758643 2.607247e-09 
150.6910635 1.168739e-09 
150.6911489 8.346546e-10 
153.4064382 5.612056e-10 
153.4065082 6.84627e-10 
156.1217147 4.016735e-10 
156.1217952 7.269756e-10 
158.8370616 4.859402e-10 
158.8371253 1.422496e-10 
161.5523442 5.895007e-12 
161.5523843 6.559689e-10 
164.2676632 1.116093e-10 
164.2676844 3.291185e-10 
166.9829472 3.811896e-10 
166.9829564 3.354805e-10 
169.6982367 3.500631e-10 
169.6982426 3.881352e-10 
172.4135071 1.130515e-09 
172.4135067 5.991682e-10 
175.128779 1.321443e-09 
175.1287792 1.778137e-09 
177.8440429 2.683981e-09 
177.8440351 3.896377e-10 
180.559297 1.473256e-09 
180.5593055 1.916372e-09 
183.2745267 3.563475e-09 
183.274549 1.809432e-10 
185.9897707 9.930683e-10 
185.9898204 3.10899e-09 
188.7049826 2.340639e-09 
188.7050316 5.383479e-10 
191.4202379 6.357769e-10 
191.4203046 1.291745e-09 
194.1354326 4.116465e-10 
194.1355123 4.023112e-10 
196.850693 3.227602e-10 
196.8507915 3.820663e-10 
199.5658793 4.731532e-11 
199.5659633 5.743759e-10 
202.2811416 1.01474e-10 
202.2812149 1.953527e-10 
204.9963373 3.350043e-11 
204.9963854 1.752212e-10 
109.9604413 6.373963e-10 
108.6028979 1.180887e-09 
109.9606762 5.390744e-10 
111.3181787 1.178111e-09 
111.3184076 5.345381e-10 
112.6759606 1.744606e-09 
114.0336926 1.535507e-09 
112.6761763 4.252798e-10 
115.3912601 7.195232e-10 
115.3914635 1.075911e-09 
116.748991 1.440146e-09 
118.106768 1.699663e-09 
116.7491841 1.956483e-10 
118.1069467 1.425408e-10 
119.4644863 1.584551e-09 
120.822071 5.652628e-10 
122.1797956 3.782928e-10 
120.8222508 1.096993e-09 
122.1799522 9.559577e-10 
123.5375595 2.119638e-10 
123.5377011 5.67104e-10 
126.252869 2.838511e-10 
124.8952666 3.438995e-10 
126.2530099 7.749563e-10 
127.610579 4.615691e-10 
127.6107038 1.171942e-09 
128.9683261 8.363848e-10 
130.3260206 8.313343e-10 
128.9684328 1.060907e-09 
131.6836236 1.673517e-09 
131.6837486 7.502972e-10 
133.0413147 2.429517e-09 
134.3990497 2.134722e-09 
133.0414298 4.058359e-10 
134.3991532 1.048245e-09 
135.7567278 1.483678e-09 
137.1143442 4.175175e-09 
138.4720262 4.292358e-09 
137.114454 3.973991e-10 
138.4721231 4.302353e-10 
139.8297511 3.256572e-09 
139.8298463 1.494524e-09 
142.5450434 2.62244e-09 
141.1874272 9.233157e-10 
142.545147 9.636898e-11 
143.9027166 2.253677e-09 
143.9028183 8.308887e-10 
145.2604323 8.095818e-10 
146.618105 5.133164e-10 
145.2605324 1.854853e-09 
147.975723 1.756532e-09 
147.9758182 1.013552e-09 
149.3333882 8.746145e-10 
150.6911059 3.854951e-10 
149.3334823 1.565012e-09 
150.6911868 1.81265e-09 
152.0487661 5.242479e-10 
153.4063952 3.889527e-10 
154.764053 1.298947e-10 
153.4064776 7.585897e-10 
154.7641258 7.900669e-10 
156.1217567 4.734382e-10 
156.1218236 2.596591e-10 
158.8370304 2.349513e-10 
157.4794041 8.027408e-10 
158.8370951 6.7353e-10 
160.1946771 1.657243e-10 
160.1947324 5.828151e-10 
161.5523629 2.927019e-10 
162.909999 2.437467e-10 
161.5524086 2.369905e-10 
164.2676522 2.905494e-10 
164.2676705 4.212111e-10 
165.6252799 3.828187e-10 
166.9829551 2.810637e-10 
165.6252969 3.166488e-10 
166.9829629 2.472525e-10 
168.3405719 2.998634e-10 
169.6982303 3.16973e-10 
171.0558483 4.162544e-10 
169.698236 4.981876e-10 
171.0558496 5.837883e-10 
172.4135095 5.975816e-10 
172.4135159 1.049217e-09 
175.1287799 2.032736e-09 
173.7711179 6.316232e-10 
175.1287715 5.001399e-10 
176.4863952 2.201039e-09 
176.4863799 1.076431e-09 
177.8440441 1.720329e-09 
179.2016468 7.221001e-10 
177.8440401 1.855049e-09 
180.5592922 3.213312e-09 
180.5592962 1.699858e-10 
181.9168919 2.782723e-09 
183.2745383 1.152257e-09 
181.9169068 8.354314e-10 
183.2745681 2.280869e-09 
184.6321365 1.485255e-10 
185.9897561 3.149054e-09 
187.3473524 1.851378e-09 
185.9897924 5.154866e-10 
187.3474035 1.83663e-09 
188.7050043 8.275487e-10 
188.705062 2.631226e-09 
191.4202097 1.215048e-09 
190.0626124 2.908154e-10 
191.4202721 3.473729e-10 
192.777815 6.42217e-10 
192.7778893 5.553464e-10 
194.1354683 3.495839e-10 
195.4930854 4.265673e-10 
194.1355508 4.598478e-10 
196.8506558 1.287953e-10 
196.8507434 5.859285e-10 
198.2082656 1.393705e-10 
199.5659171 2.309712e-10 
198.2083602 6.339852e-10 
199.5660108 3.671967e-10 
200.9235313 2.517087e-10 
202.281108 2.324346e-11 
203.6387208 6.996258e-11 
202.281175 1.848322e-10 
203.6387824 1.318163e-10 
204.996363 1.382848e-10 
204.9964232 6.430506e-10 
206.3539355 4.997734e-10 
108.6027755 1.018964e-09 
108.6030175 5.237728e-11 
111.3182945 1.542703e-09 
114.0335839 1.386042e-09 
114.0337965 5.206308e-10 
116.74909 1.36205e-09 
119.4643946 1.088909e-09 
119.4645698 6.063205e-10 
122.1798781 1.042386e-09 
124.8951907 3.213216e-11 
124.8953302 8.078711e-10 
127.6106487 4.661613e-10 
130.3259525 1.267758e-09 
130.326072 1.14912e-09 
133.0413786 1.007719e-09 
135.7566697 3.579588e-09 
135.7567789 2.151067e-10 
138.472077 1.512078e-09 
141.1873759 3.34719e-09 
141.1874717 2.958325e-10 
143.9027717 6.855911e-10 
146.6180513 1.344343e-09 
146.6181562 1.74557e-09 
149.3334361 2.580585e-10 
152.0487263 2.762287e-10 
152.0488052 8.827979e-10 
154.7640927 6.649197e-10 
157.4793692 4.108615e-10 
157.479437 5.676526e-10 
160.194705 7.686758e-10 
162.9099823 2.304951e-11 
162.9100168 5.148751e-10 
165.6252891 8.467601e-11 
168.3405677 4.181108e-10 
168.3405762 2.665201e-10 
171.0558476 4.463435e-10 
173.7711252 1.123912e-09 
173.7711166 1.016186e-09 
176.4863861 8.599765e-10 
179.2016522 2.72271e-09 
179.2016444 8.428643e-10 
181.9168975 2.947068e-10 
184.6321233 2.264406e-09 
184.63216 1.379423e-09 
187.3473735 2.101982e-10 
190.062585 1.299246e-09 
190.0626445 1.168204e-09 
192.7778521 3.046308e-10 
195.4930422 1.957539e-10 
195.4931315 4.498845e-10 
198.2083113 5.511368e-10 
200.9234928 1.103945e-10 
200.9235739 3.006696e-10 
203.6387474 2.24351e-11 
206.3539175 1.793253e-10 
206.3539718 1.070486e-09 
109.9605594 1.416358e-09 
108.6028971 1.122419e-09 
109.9607927 3.950505e-10 
111.3181777 1.227463e-09 
111.3184073 5.877662e-10 
112.6758508 8.988781e-10 
114.0336915 1.46116e-09 
112.6760672 1.090216e-09 
115.3913639 1.862678e-09 
115.3915613 1.202739e-10 
118.1066666 6.736242e-10 
116.7489896 1.509037e-09 
118.1068593 1.090687e-09 
116.7491839 1.536063e-10 
119.4644852 1.498359e-09 
122.1797942 4.162904e-10 
120.822166 9.853687e-10 
122.1799521 8.556707e-10 
120.8223276 5.250235e-10 
123.5374721 2.494574e-10 
123.5376331 5.267305e-10 
126.2529461 2.954741e-10 
124.8952659 3.07597e-10 
126.2530681 6.508648e-10 
127.6105775 3.923331e-10 
127.6107041 1.120554e-09 
128.9682524 7.578847e-10 
130.3260202 7.951927e-10 
128.9683823 1.301044e-09 
131.6836927 1.195672e-09 
131.6837962 1.022544e-09 
134.3989839 2.760522e-09 
133.0413128 2.175541e-09 
134.3991051 2.205255e-10 
133.0414307 3.837184e-10 
135.7567276 1.378923e-09 
138.4720244 3.885451e-09 
137.1144005 3.144079e-09 
138.4721243 3.74353e-10 
137.1145023 1.438994e-09 
139.8296973 3.64001e-09 
139.8298016 2.916335e-10 
142.545095 1.885686e-09 
141.1874277 8.780075e-10 
142.5451913 1.184971e-09 
143.9027158 2.059989e-09 
143.9028195 8.200501e-10 
145.2603815 1.751297e-09 
146.6181064 6.020772e-10 
145.2604864 6.497729e-10 
147.975768 2.603708e-10 
147.9758638 2.543604e-09 
150.6910634 9.993316e-10 
149.3333888 7.208953e-10 
150.6911491 7.573976e-10 
149.333483 1.510361e-09 
152.0487681 4.40493e-10 
154.7640546 1.97061e-10 
153.4064393 4.371863e-10 
154.7641262 6.942535e-10 
153.4065073 5.987837e-10 
156.1217155 3.690474e-10 
156.1217952 6.353424e-10 
158.837062 6.239542e-10 
157.4794057 8.858674e-10 
158.8371248 9.820593e-11 
160.1946781 2.427063e-10 
160.1947328 5.530626e-10 
161.5523447 6.686269e-12 
162.9099997 3.418714e-10 
161.552384 7.434787e-10 
164.2676625 1.444702e-10 
164.2676846 3.304705e-10 
166.9829475 3.739129e-10 
165.6252802 3.349366e-10 
166.9829563 3.25156e-10 
165.6252974 3.303111e-10 
168.3405725 2.679767e-10 
171.0558483 3.451797e-10 
169.6982362 3.142044e-10 
171.0558503 5.6546e-10 
169.6982431 3.615188e-10 
172.4135073 9.913787e-10 
172.4135069 5.649678e-10 
175.1287792 1.336102e-09 
173.7711186 6.249988e-10 
175.1287792 1.718553e-09 
176.4863955 2.075436e-09 
176.4863801 1.070386e-09 
177.8440436 2.521919e-09 
179.2016478 7.291746e-10 
177.8440353 4.240702e-10 
180.5592983 1.430403e-09 
180.5593048 1.818374e-09 
183.2745281 3.433874e-09 
181.916893 2.642323e-09 
183.2745494 1.643912e-10 
181.9169069 8.258013e-10 
184.6321375 1.17811e-10 
187.347353 1.728974e-09 
185.9897717 9.061947e-10 
187.3474033 1.806837e-09 
185.98982 2.947054e-09 
188.7049836 2.277057e-09 
188.7050313 5.049002e-10 
191.4202383 5.876962e-10 
190.0626126 2.513334e-10 
191.4203039 1.209776e-09 
192.7778168 6.117099e-10 
192.7778889 5.093684e-10 
194.1354348 4.005451e-10 
195.4930866 3.957036e-10 
194.1355121 3.374009e-10 
196.8506942 2.829036e-10 
196.8507914 3.431219e-10 
199.56588 6.228018e-11 
198.2082667 1.771088e-10 
199.5659633 5.327501e-10 
198.2083606 6.049984e-10 
200.9235312 2.455472e-10 
203.6387212 6.165974e-11 
202.2811411 9.253374e-11 
203.6387819 1.439874e-10 
202.2812144 1.905562e-10 
204.9963377 1.48107e-11 
204.9963846 2.217973e-10 
206.3539366 4.936611e-10 
109.9604416 7.6654e-10 
109.9606749 5.038514e-10 
112.6759595 1.765169e-09 
112.6761757 5.366648e-10 
115.3912598 8.702417e-10 
115.3914624 1.013188e-09 
118.1067667 1.728514e-09 
118.1069465 1.123483e-10 
120.82207 5.993762e-10 
120.8222501 1.063841e-09 
123.5375582 2.325908e-10 
123.5377012 5.340532e-10 
126.2528675 2.145387e-10 
126.2530096 7.352342e-10 
128.9683249 7.409515e-10 
128.9684331 1.034496e-09 
131.6836217 1.427479e-09 
131.6837486 7.10697e-10 
134.3990485 1.875549e-09 
134.3991538 9.61624e-10 
137.1143422 3.654047e-09 
137.1144543 3.669438e-10 
139.8297501 2.934962e-09 
139.829847 1.370264e-09 
142.5450415 2.188417e-09 
142.5451477 1.095253e-10 
145.2604319 7.634573e-10 
145.260533 1.749808e-09 
147.9757217 1.455476e-09 
147.9758191 1.071004e-09 
150.6911064 2.981141e-10 
150.691187 1.700294e-09 
153.4063949 2.948826e-10 
153.4064784 7.147509e-10 
156.1217576 5.471324e-10 
156.1218236 2.327218e-10 
158.8370307 2.021675e-10 
158.8370957 7.27753e-10 
161.5523634 4.277555e-10 
161.5524087 1.989414e-10 
164.2676527 3.404701e-10 
164.2676708 4.879313e-10 
166.9829552 2.584211e-10 
166.9829632 2.310938e-10 
169.6982306 2.522152e-10 
169.6982364 4.98381e-10 
172.4135092 5.628476e-10 
172.4135163 1.032064e-09 
175.1287798 1.844874e-09 
175.1287718 5.07616e-10 
177.8440441 1.664071e-09 
177.8440401 1.810043e-09 
180.5592927 3.059565e-09 
180.5592967 1.957901e-10 
183.2745388 1.041157e-09 
183.2745682 2.23146e-09 
185.9897563 3.0605e-09 
185.9897925 5.409738e-10 
188.7050044 7.435461e-10 
188.7050617 2.59839e-09 
191.420211 1.187738e-09 
191.420272 3.22713e-10 
194.1354697 3.028971e-10 
194.1355506 4.299186e-10 
196.8506569 1.568184e-10 
196.8507441 5.761404e-10 
199.5659176 2.561866e-10 
199.5660109 3.552972e-10 
202.2811083 2.343175e-11 
202.2811744 1.820581e-10 
204.9963638 1.30503e-10 
204.9964226 7.347451e-10 
108.6027746 1.098385e-09 
109.9605585 1.486044e-09 
108.6030166 5.640235e-11 
109.960792 4.585761e-10 
111.318293 1.509315e-09 
112.6758511 1.133326e-09 
114.0335827 1.555e-09 
112.6760661 1.066233e-09 
114.0337959 5.393804e-10 
115.391363 1.973747e-09 
115.391561 1.328464e-10 
118.1066659 7.910794e-10 
116.7490887 1.362948e-09 
118.1068589 1.134239e-09 
119.4643932 1.219908e-09 
119.4645696 5.785803e-10 
120.8221651 1.102931e-09 
122.1798771 1.089057e-09 
120.8223278 5.404093e-10 
123.5374711 2.641972e-10 
123.5376331 5.700756e-10 
124.8951893 3.198009e-11 
126.2529453 2.403137e-10 
124.8953301 7.679469e-10 
126.2530685 6.378516e-10 
127.6106479 3.988381e-10 
128.9682515 6.531772e-10 
130.325951 1.083958e-09 
128.9683823 1.171123e-09 
130.326072 1.062638e-09 
131.6836922 9.713604e-10 
131.6837965 9.745783e-10 
134.3989832 2.418056e-09 
133.0413779 8.671934e-10 
134.3991051 1.87727e-10 
135.7566682 3.140445e-09 
135.7567791 2.102796e-10 
137.1144 2.768515e-09 
138.4720768 1.352856e-09 
137.1145027 1.400733e-09 
139.8296964 3.135497e-09 
139.8298019 2.731122e-10 
141.1873746 2.894385e-09 
142.5450945 1.612068e-09 
141.1874724 2.898606e-10 
142.5451922 1.12135e-09 
143.9027722 6.654122e-10 
145.2603802 1.427189e-09 
146.6180504 1.133559e-09 
145.2604873 6.793306e-10 
146.6181572 1.710718e-09 
147.9757675 2.329309e-10 
147.975865 2.400324e-09 
150.6910622 8.328316e-10 
149.3334372 3.01501e-10 
150.6911503 8.388429e-10 
152.0487263 2.209311e-10 
152.048806 8.855955e-10 
153.4064394 4.644887e-10 
154.7640943 7.041432e-10 
153.4065083 5.865999e-10 
156.1217148 3.325981e-10 
156.1217964 6.854896e-10 
157.4793699 5.167414e-10 
158.8370628 7.384752e-10 
157.4794375 5.646141e-10 
158.8371253 9.39936e-11 
160.1947063 9.02734e-10 
161.5523448 2.941641e-11 
162.909983 4.131216e-11 
161.5523849 8.046624e-10 
162.9100169 5.075012e-10 
164.2676635 1.831561e-10 
164.2676846 2.776004e-10 
166.982948 4.084154e-10 
165.62529 1.120492e-10 
166.9829569 3.67477e-10 
168.3405681 3.867193e-10 
168.3405764 2.780473e-10 
169.6982366 2.903998e-10 
171.0558481 4.519707e-10 
169.6982433 3.72816e-10 
172.4135071 8.859001e-10 
172.4135073 6.018783e-10 
173.7711247 1.01689e-09 
175.1287786 1.259074e-09 
173.7711169 1.038035e-09 
175.1287796 1.726897e-09 
176.4863863 8.333393e-10 
177.8440433 2.384742e-09 
179.2016519 2.586374e-09 
177.8440355 4.274283e-10 
179.2016448 8.828629e-10 
180.5592977 1.315675e-09 
180.5593054 1.844441e-09 
183.2745275 3.38827e-09 
181.916898 2.387684e-10 
183.2745498 2.079256e-10 
184.6321228 2.163033e-09 
184.6321603 1.450797e-09 
185.989771 8.379141e-10 
187.3473735 1.898379e-10 
185.9898204 3.036936e-09 
188.7049834 2.260394e-09 
188.7050312 5.530791e-10 
190.0625855 1.224312e-09 
191.420239 5.21132e-10 
190.0626442 1.200491e-09 
191.4203038 1.229687e-09 
192.7778532 2.742932e-10 
194.1354354 3.927366e-10 
195.4930435 2.130917e-10 
194.135513 3.512148e-10 
195.4931321 4.52795e-10 
196.8506953 3.471232e-10 
196.8507919 3.441992e-10 
199.5658795 8.778448e-11 
198.208312 6.122152e-10 
199.5659636 5.686103e-10 
200.9234929 1.377938e-10 
200.9235738 2.971462e-10 
202.2811416 1.018285e-10 
203.6387478 2.259725e-11 
202.2812142 1.893357e-10 
204.9963397 2.457918e-11 
204.9963851 2.71711e-10 
206.3539194 1.902408e-10 
206.3539727 1.147813e-09 
108.6028956 1.147759e-09 
111.318177 1.404438e-09 
111.3184065 6.092848e-10 
114.0336904 1.487788e-09 
116.7489888 1.708165e-09 
116.7491835 1.456605e-10 
119.4644844 1.646025e-09 
122.1797932 5.036375e-10 
122.1799519 9.381547e-10 
124.8952651 3.618966e-10 
127.6105767 3.168679e-10 
127.6107037 1.037463e-09 
130.3260193 6.332327e-10 
133.0413124 1.946495e-09 
133.04143 3.379541e-10 
135.7567269 1.25114e-09 
138.4720239 3.44918e-09 
138.4721239 4.395574e-10 
141.1874273 7.25029e-10 
143.9027148 1.764167e-09 
143.9028197 7.896718e-10 
146.6181063 6.124064e-10 
149.3333875 6.044822e-10 
149.3334838 1.541098e-09 
152.0487684 5.230098e-10 
154.7640537 2.3871e-10 
154.764127 7.944764e-10 
157.4794065 9.822595e-10 
160.1946783 2.580362e-10 
160.1947329 5.693681e-10 
162.9100007 3.777983e-10 
165.625281 3.631221e-10 
165.6252972 3.225299e-10 
168.3405732 3.09037e-10 
171.0558482 3.054487e-10 
171.0558502 6.126571e-10 
173.7711183 6.203632e-10 
176.4863944 1.99228e-09 
176.4863803 1.124464e-09 
179.2016474 6.441575e-10 
181.9168914 2.593634e-09 
181.9169076 9.138005e-10 
184.632137 1.076299e-10 
187.3473518 1.691318e-09 
187.3474034 1.972472e-09 
190.0626129 2.266249e-10 
192.7778172 5.682264e-10 
192.7778895 5.50482e-10 
195.4930876 4.642511e-10 
198.2082663 2.438158e-10 
198.2083609 6.649282e-10 
200.9235313 2.814655e-10 
203.6387225 7.143841e-11 
203.6387823 1.662374e-10 
206.3539382 5.240901e-10 
109.9604423 9.431209e-10 
108.6027743 1.213174e-09 
109.9606739 5.221296e-10 
108.603016 6.98896e-11 
111.3182924 1.572025e-09 
114.0335827 1.714919e-09 
112.6759591 1.8828e-09 
114.0337955 4.98959e-10 
112.6761755 5.124683e-10 
115.3912598 1.008954e-09 
115.3914623 1.047536e-09 
118.1067665 1.912846e-09 
116.7490885 1.489392e-09 
118.1069467 1.369075e-10 
119.4643931 1.345154e-09 
119.4645694 6.963184e-10 
120.8220695 6.744967e-10 
122.1798769 1.300255e-09 
120.8222506 1.251324e-09 
123.5375581 3.024403e-10 
123.5377016 5.98168e-10 
126.2528674 2.035551e-10 
124.8951892 3.593663e-11 
126.25301 6.759054e-10 
124.8953298 8.415213e-10 
127.6106473 3.290519e-10 
130.3259515 1.027025e-09 
128.9683251 5.857691e-10 
130.3260711 9.746448e-10 
128.9684333 9.942486e-10 
131.6836224 1.355845e-09 
131.6837485 5.986545e-10 
134.3990489 1.66517e-09 
133.0413772 7.691444e-10 
134.3991538 9.811475e-10 
135.7566691 3.016197e-09 
135.7567778 2.78963e-10 
137.1143431 3.379016e-09 
138.4720761 1.280216e-09 
137.1144542 3.933449e-10 
139.8297504 2.61948e-09 
139.8298473 1.432405e-09 
142.5450416 1.945188e-09 
141.1873748 2.671323e-09 
142.5451479 7.391931e-11 
141.1874715 3.479609e-10 
143.9027713 5.414854e-10 
146.6180492 1.019285e-09 
145.2604314 6.40451e-10 
146.6181571 1.695353e-09 
145.2605342 1.670658e-09 
147.9757207 1.326716e-09 
147.9758198 1.148603e-09 
150.6911056 3.47998e-10 
149.3334362 3.648753e-10 
150.6911887 1.663373e-09 
152.0487244 2.317868e-10 
152.0488066 1.037463e-09 
153.4063936 2.654652e-10 
154.7640936 8.299474e-10 
153.4064796 8.457837e-10 
156.1217575 6.236416e-10 
156.1218249 2.984919e-10 
158.83703 1.884364e-10 
157.4793687 4.616102e-10 
158.8370969 7.741989e-10 
157.4794378 6.835023e-10 
160.1947065 8.656046e-10 
162.9099833 5.261445e-11 
161.5523644 4.194372e-10 
162.9100166 4.918294e-10 
161.5524089 1.643384e-10 
164.2676529 3.798003e-10 
164.2676717 5.026069e-10 
166.9829565 2.772684e-10 
165.6252906 1.355665e-10 
166.982963 2.151277e-10 
168.3405685 4.274801e-10 
168.3405759 3.044329e-10 
169.6982307 2.474745e-10 
171.0558479 5.075023e-10 
169.6982369 5.738743e-10 
172.4135091 5.137151e-10 
172.4135165 1.083585e-09 
175.1287793 1.818693e-09 
173.771124 1.007686e-09 
175.1287719 5.226965e-10 
173.7711166 1.108317e-09 
176.4863854 7.708718e-10 
179.2016501 2.590726e-09 
177.844043 1.558105e-09 
179.2016453 9.3828e-10 
177.844041 1.862596e-09 
180.5592917 3.048071e-09 
180.5592969 1.883453e-10 
183.2745373 1.007709e-09 
181.9168969 1.937722e-10 
183.2745692 2.373654e-09 
184.6321205 2.210077e-09 
184.6321607 1.632785e-09 
185.9897548 3.105235e-09 
187.3473729 2.002998e-10 
185.9897924 6.455759e-10 
188.7050038 7.114364e-10 
188.705062 2.750691e-09 
191.4202107 1.169028e-09 
190.0625847 1.220148e-09 
191.4202726 3.579092e-10 
190.0626447 1.314295e-09 
192.7778538 2.956854e-10 
195.4930423 2.431904e-10 
194.1354705 3.231379e-10 
195.4931327 5.338351e-10 
194.1355513 4.620408e-10 
196.8506556 1.910365e-10 
196.850745 6.821914e-10 
199.5659175 3.234604e-10 
198.2083118 7.30939e-10 
199.5660111 3.639559e-10 
200.9234928 1.61238e-10 
200.9235737 3.200293e-10 
202.2811089 3.838261e-11 
203.6387487 1.529258e-11 
202.2811747 1.906525e-10 
204.9963655 1.172159e-10 
204.9964233 8.384197e-10 
206.35392 2.253853e-10 
206.3539738 1.167862e-09 
109.9605583 1.556158e-09 
109.9607922 3.817837e-10 
112.6758515 1.192831e-09 
112.6760662 1.098675e-09 
115.3913635 2.111744e-09 
115.3915612 8.724663e-11 
118.106666 8.407458e-10 
118.1068597 1.306457e-09 
120.8221658 1.256722e-09 
120.8223282 6.452324e-10 
123.5374715 2.9447e-10 
123.5376339 7.014282e-10 
126.2529461 1.893672e-10 
126.2530687 6.684004e-10 
128.9682528 7.007663e-10 
128.9683825 1.057902e-09 
131.6836933 8.933037e-10 
131.6837963 9.701387e-10 
134.3989853 2.482159e-09 
134.3991048 1.947861e-10 
137.1144012 2.697084e-09 
137.1145024 1.554649e-09 
139.8296983 3.139254e-09 
139.8298016 2.955007e-10 
142.545095 1.46503e-09 
142.5451925 1.188159e-09 
145.2603808 1.445517e-09 
145.2604873 6.483109e-10 
147.9757667 2.33522e-10 
147.9758662 2.383134e-09 
150.6910614 8.775304e-10 
150.6911508 9.734962e-10 
153.4064384 5.881714e-10 
153.4065099 6.707814e-10 
156.1217137 3.217157e-10 
156.1217972 8.059721e-10 
158.8370628 6.518946e-10 
158.8371261 1.407779e-10 
161.5523444 2.946757e-11 
161.5523857 7.544964e-10 
164.2676648 1.589121e-10 
164.2676844 2.475525e-10 
166.982948 4.272337e-10 
166.9829575 4.090231e-10 
169.6982374 3.082746e-10 
169.698243 4.101836e-10 
172.4135068 9.491637e-10 
172.4135073 6.646578e-10 
175.128778 1.197175e-09 
175.1287799 1.792526e-09 
177.8440424 2.4577e-09 
177.8440354 3.989214e-10 
180.5592961 1.286838e-09 
180.5593066 1.959434e-09 
183.2745257 3.479717e-09 
183.2745496 2.577151e-10 
185.9897695 8.799169e-10 
185.9898211 3.259434e-09 
188.7049823 2.309077e-09 
188.7050314 6.219328e-10 
191.420239 5.263126e-10 
191.4203045 1.326082e-09 
194.1354337 4.048224e-10 
194.1355139 4.309597e-10 
196.8506947 4.392459e-10 
196.8507924 3.848033e-10 
199.5658785 8.639624e-11 
199.5659637 6.373208e-10 
202.2811422 1.193003e-10 
202.2812144 1.923769e-10 
204.9963405 6.35283e-11 
204.9963862 2.499973e-10 
