# c_kinat vs. Position.Y (3040 data points):
# Position.Y c_kinat
1.3479576 5.70884e-10 
-0.0097966 1.167574e-09 
-0.0094076 4.582215e-10 
1.3483582 2.887525e-10 
2.7056757 8.203126e-11 
2.7060822 1.654044e-10 
4.0630292 9.948348e-11 
5.420775 2.209812e-10 
4.0634606 2.19968e-10 
5.4211854 1.068637e-09 
6.7785694 4.268713e-11 
6.7789558 2.080355e-09 
9.4937238 9.058449e-10 
8.1363026 7.526765e-10 
9.4940735 1.69641e-09 
8.1366704 1.803594e-09 
10.8514463 2.354625e-10 
10.8517934 1.648051e-09 
12.2092106 3.372265e-10 
13.5669324 8.387019e-11 
12.2095703 1.109873e-09 
13.5673045 9.024722e-10 
14.9243265 1.56281e-09 
14.9247112 3.216767e-11 
16.2820538 2.155596e-09 
17.639837 1.621262e-09 
16.2824431 5.256304e-10 
17.6402192 2.123473e-09 
18.9975698 5.400887e-10 
18.9979377 3.770416e-09 
20.3549428 3.399219e-09 
21.7126786 2.507558e-09 
20.355345 8.132565e-11 
21.7130645 8.123723e-10 
23.0704544 1.455623e-09 
24.4281766 6.189888e-10 
23.0708312 1.12877e-09 
24.4285634 9.562549e-10 
25.7855543 2.049814e-09 
25.7859469 3.892421e-10 
27.1432798 2.417155e-09 
28.5010532 2.046093e-09 
27.1436821 2.048017e-10 
28.5014651 5.784018e-10 
29.8587877 1.096746e-09 
29.8591982 1.286551e-09 
31.2161636 1.713524e-09 
32.5738984 1.494896e-09 
31.216568 1.938089e-10 
32.5742995 4.554399e-10 
33.9316758 4.789142e-10 
33.9320773 1.043399e-09 
36.6467946 9.433033e-10 
35.2894032 3.199064e-11 
36.64718 3.723453e-10 
35.2898098 1.080624e-09 
38.0045214 5.017471e-10 
38.0049157 9.210572e-10 
39.3622989 2.45857e-10 
40.7200353 4.435299e-10 
39.3627044 1.084812e-09 
40.7204492 8.48567e-10 
42.0774278 3.087789e-10 
42.0778256 1.162542e-09 
43.4351681 4.425429e-11 
44.792962 3.847192e-10 
43.4355708 2.010451e-09 
44.7933517 2.039648e-09 
46.150708 1.617468e-09 
46.1510819 9.875067e-10 
47.5080948 3.101985e-10 
48.8658436 4.429135e-11 
47.5084913 2.779908e-09 
48.8662252 2.732039e-09 
50.2236323 4.458495e-10 
50.2240031 1.990467e-09 
52.9387552 7.736725e-10 
51.5813733 7.005566e-10 
52.9391599 1.176982e-09 
51.5817314 1.163495e-09 
54.2965045 6.139454e-10 
54.2968937 1.753271e-09 
55.6543025 2.705302e-10 
57.0120464 1.574676e-10 
55.6546693 2.316968e-09 
57.0123921 2.551434e-09 
58.3694263 2.649798e-09 
58.369831 2.216368e-10 
59.7271772 2.279681e-09 
61.0849717 1.341412e-09 
59.7275614 8.421076e-10 
61.0853321 1.373721e-09 
62.4427124 5.854842e-10 
62.4430602 1.435078e-09 
63.8001029 2.131328e-09 
65.1578491 2.316608e-09 
63.8004933 2.871399e-10 
65.158229 6.743308e-12 
66.5156395 2.112379e-09 
66.5160086 4.099156e-10 
69.2307929 1.430534e-09 
67.8733825 1.38037e-09 
69.2311696 4.564433e-10 
67.8737368 1.024756e-09 
70.5885392 1.802053e-09 
70.5889023 2.039745e-10 
71.9463296 1.310888e-09 
73.3040652 5.820907e-10 
71.9466839 2.426146e-10 
73.3044146 5.922291e-10 
74.6615087 7.558451e-10 
74.66185 1.796832e-10 
76.0192433 6.194549e-10 
77.3770279 3.33543e-10 
76.0195854 2.256005e-10 
77.377366 4.238023e-10 
78.7347636 1.389669e-10 
78.7351007 3.541787e-10 
80.0922281 6.024258e-10 
81.4499602 1.717186e-10 
80.0925457 1.765699e-10 
81.450283 3.481025e-10 
82.8077407 4.328165e-11 
82.808065 4.785551e-10 
85.5229508 2.38402e-10 
84.1654746 2.514401e-10 
85.5232583 8.553998e-10 
84.1657939 2.859372e-10 
86.8806818 2.433751e-10 
86.8809884 8.200144e-10 
88.238461 7.674917e-10 
89.5961904 1.318197e-09 
88.2387706 3.225057e-10 
89.5964947 1.334971e-10 
90.9536759 2.140787e-10 
90.9539724 1.109661e-09 
92.3114037 9.736319e-10 
93.6691827 1.81384e-09 
92.3117012 6.485931e-10 
93.6694735 2.605937e-10 
95.0269124 2.208368e-09 
95.0271932 6.647834e-10 
96.3844083 1.004254e-09 
97.742135 2.335145e-09 
96.3846857 1.341225e-09 
97.742409 2.487375e-10 
99.0999101 2.914845e-09 
99.1001724 2.679215e-10 
101.8151484 1.733889e-09 
100.4576316 2.108776e-09 
101.815399 1.04442e-09 
100.4578803 1.788755e-09 
103.1728717 2.957778e-09 
103.1731057 2.314035e-10 
104.5306385 3.050863e-09 
105.8883473 2.356855e-09 
104.5308627 6.308637e-10 
105.8885591 1.820518e-09 
107.2458909 1.634384e-09 
107.2461034 8.632858e-10 
1.3477676 7.435314e-10 
-0.0096044 7.095914e-10 
1.3481532 1.77639e-11 
-0.0092078 1.167534e-09 
2.70547 2.266826e-10 
2.7058805 4.739521e-11 
4.0632538 6.364462e-11 
5.4209872 1.611419e-10 
4.0636616 6.822341e-10 
5.4213768 1.240917e-09 
6.7783881 6.356124e-10 
6.778768 1.10088e-09 
8.1361218 1.466565e-10 
9.493898 1.977681e-10 
8.1364864 2.607692e-09 
9.4942539 2.174689e-09 
10.8516187 6.406067e-10 
10.8519795 9.702817e-10 
12.2090315 1.194483e-09 
13.5667503 8.727506e-10 
12.2093875 6.620122e-10 
13.5671158 4.561384e-10 
14.9245208 6.813172e-10 
14.9248989 1.135364e-09 
17.6396295 2.648087e-09 
16.2822517 5.2633e-10 
17.6400346 1.207689e-10 
16.2826274 2.421133e-09 
18.9973665 3.110816e-09 
18.9977598 1.083737e-09 
20.3551515 1.643366e-09 
21.7128773 2.441465e-10 
20.3555253 2.258221e-09 
21.7132459 2.430126e-09 
23.0702534 2.702316e-09 
24.427981 2.101007e-09 
23.0706444 9.153956e-11 
24.4283699 1.781568e-10 
25.7857506 1.892822e-09 
25.7861469 5.137169e-10 
28.5008542 1.835223e-09 
27.1434787 1.379514e-09 
28.5012569 4.887545e-10 
27.1438851 7.492672e-10 
29.8585852 2.302796e-09 
29.8589942 1.945075e-10 
31.2163635 1.319277e-09 
32.5740967 2.281665e-10 
31.2167747 9.629295e-10 
32.5745027 1.459971e-09 
33.9314794 1.354639e-09 
33.9318737 1.931492e-10 
35.2892107 7.813863e-10 
36.646985 2.38403e-10 
35.289603 7.511235e-10 
36.6473851 9.717241e-10 
38.0047127 1.964156e-10 
38.0051273 1.019418e-09 
39.3621079 6.281301e-10 
40.719838 2.186305e-10 
39.3624964 6.303966e-10 
40.7202407 1.268486e-09 
42.0776252 2.69833e-10 
42.0780289 1.390825e-09 
44.792759 2.009098e-10 
43.4353703 9.960032e-10 
44.7931593 2.17469e-09 
43.4357666 8.695941e-10 
46.1505073 2.618825e-11 
46.150898 2.91279e-09 
47.5082994 6.219592e-10 
48.8660413 1.585743e-09 
47.5086743 2.255381e-09 
48.8664027 8.983915e-10 
50.223427 4.600144e-10 
50.2238235 2.220247e-09 
51.581174 6.476544e-11 
52.9389656 5.806241e-11 
51.5815572 2.07743e-09 
52.9393366 2.068768e-09 
54.2967089 2.539371e-10 
54.2970621 1.965125e-09 
55.6540879 1.575974e-09 
57.01184 1.688604e-09 
55.6544975 5.915739e-10 
57.0122289 1.489492e-09 
58.3696393 7.989735e-10 
58.3699997 2.129166e-09 
61.0847656 2.712917e-09 
59.7273808 1.464774e-10 
61.0851613 1.699235e-10 
59.727724 2.201065e-09 
62.4425127 2.224482e-09 
62.4428942 2.576054e-10 
63.8003031 1.869194e-09 
65.1580456 1.169734e-09 
63.8006694 6.965986e-10 
65.1583986 1.094924e-09 
66.5154438 1.776997e-09 
66.5158304 3.34497e-10 
67.8731915 2.303905e-09 
69.2309831 1.83086e-09 
67.8735653 9.965252e-11 
69.2313469 3.95304e-10 
70.5887227 1.079353e-09 
70.5890748 8.507019e-10 
71.9461498 1.005503e-09 
73.3038905 1.159059e-09 
71.9465094 4.157349e-10 
73.3042417 1.398244e-10 
74.6616779 7.979697e-10 
74.6620228 2.488194e-10 
77.3768683 7.805465e-10 
76.0194122 1.841002e-10 
77.3771951 8.229495e-11 
76.0197567 5.012268e-10 
78.7346004 2.936769e-10 
78.734933 3.816451e-10 
80.0923826 7.981273e-11 
81.4501187 1.574677e-10 
80.0927138 4.853645e-10 
81.4504463 2.631259e-10 
82.8075892 3.852507e-10 
82.8079011 3.849136e-10 
84.1653214 1.89174e-10 
85.5231007 2.647231e-10 
84.1656348 4.904142e-10 
85.5234179 5.02617e-10 
86.8808317 7.020269e-10 
86.8811438 2.411716e-10 
88.2383126 1.08545e-10 
89.5960419 4.266149e-10 
88.2386159 1.153722e-09 
89.5963445 8.238527e-10 
90.9538213 1.245792e-09 
90.9541226 1.510118e-10 
93.6690407 5.855464e-10 
92.3115512 1.809289e-09 
93.6693289 1.22266e-09 
92.3118452 2.377102e-10 
95.026768 1.612713e-09 
95.0270568 5.425663e-10 
96.3845455 2.373198e-09 
97.7422728 2.186404e-09 
96.3848236 3.334e-10 
97.7425384 1.211531e-09 
99.0997774 1.261489e-09 
99.1000429 1.135194e-09 
100.4575032 2.720828e-09 
101.8152747 3.088537e-09 
100.4577583 9.325755e-11 
101.815519 4.395548e-10 
103.1729896 2.220685e-09 
103.1732203 2.027141e-09 
104.5305197 1.910937e-09 
105.8882388 2.73119e-09 
104.5307524 9.772513e-10 
105.8884533 1.842625e-10 
107.2459998 2.768514e-09 
107.2462042 4.593904e-10 
-0.0097963 1.185924e-09 
-0.0094076 4.57859e-10 
2.7056759 8.498261e-11 
2.7060821 1.650721e-10 
5.4207751 2.245566e-10 
5.4211855 1.081644e-09 
8.136303 7.528599e-10 
8.1366704 1.830711e-09 
10.8514465 2.497713e-10 
10.8517935 1.680699e-09 
13.5669327 8.689268e-11 
13.5673044 9.155966e-10 
16.2820541 2.202891e-09 
16.282443 5.2607e-10 
18.9975699 5.310636e-10 
18.9979377 3.772169e-09 
21.7126786 2.50217e-09 
21.7130645 8.02125e-10 
24.4281763 6.264233e-10 
24.4285636 9.540904e-10 
27.1432793 2.366591e-09 
27.1436821 2.243223e-10 
29.8587873 1.105276e-09 
29.8591984 1.268804e-09 
32.5738977 1.465968e-09 
32.5742996 4.579866e-10 
35.2894029 3.038795e-11 
35.28981 1.075549e-09 
38.0045211 5.035843e-10 
38.0049156 9.440661e-10 
40.7200351 4.6867e-10 
40.7204491 8.538755e-10 
43.4351684 5.008505e-11 
43.4355704 2.05381e-09 
46.150708 1.69788e-09 
46.1510816 9.761411e-10 
48.865844 4.80324e-11 
48.8662248 2.783693e-09 
51.5813733 7.671411e-10 
51.5817311 1.157749e-09 
54.2965047 5.550636e-10 
54.2968935 1.800013e-09 
57.0120464 1.620654e-10 
57.012392 2.57753e-09 
59.7271773 2.207216e-09 
59.7275615 8.83027e-10 
62.4427125 5.456885e-10 
62.4430601 1.479675e-09 
65.1578494 2.334012e-09 
65.1582292 9.317507e-12 
67.8733828 1.336235e-09 
67.8737367 1.077724e-09 
70.5885398 1.869614e-09 
70.5889023 2.104879e-10 
73.3040655 5.68333e-10 
73.3044145 6.25731e-10 
76.0192441 6.578607e-10 
76.0195854 2.216033e-10 
78.7347639 1.370288e-10 
78.7351007 3.738634e-10 
81.4499606 1.79491e-10 
81.4502831 3.547294e-10 
84.1654749 2.394538e-10 
84.165794 2.92085e-10 
86.8806817 2.125565e-10 
86.8809887 8.178959e-10 
89.5961906 1.281465e-09 
89.5964949 1.196606e-10 
92.3114033 8.957324e-10 
92.3117016 6.604601e-10 
95.0269125 2.181833e-09 
95.0271935 6.395533e-10 
97.7421347 2.226467e-09 
97.7424093 2.642769e-10 
100.4576316 2.067979e-09 
100.4578806 1.757125e-09 
103.1728715 2.864659e-09 
103.173106 2.05265e-10 
105.8883473 2.28659e-09 
105.8885594 1.805319e-09 
1.3479578 5.792704e-10 
-0.0096043 7.166707e-10 
1.3483581 2.850173e-10 
-0.0092079 1.159773e-09 
2.7054702 2.275317e-10 
2.7058806 4.711185e-11 
4.0630293 1.012923e-10 
5.4209874 1.610525e-10 
4.0634607 2.215303e-10 
5.4213768 1.249688e-09 
6.7785697 4.030402e-11 
6.7789558 2.104729e-09 
9.4937238 9.469838e-10 
8.136122 1.531266e-10 
8.1364864 2.640545e-09 
9.4940737 1.721695e-09 
10.8516189 6.534553e-10 
10.8519794 9.778906e-10 
12.2092109 3.504362e-10 
13.5667506 8.957321e-10 
13.5671157 4.632235e-10 
12.2095702 1.122818e-09 
14.9243267 1.600326e-09 
14.924711 3.149669e-11 
17.639837 1.617008e-09 
16.2822517 5.161502e-10 
17.6402191 2.107755e-09 
16.2826274 2.415313e-09 
18.9973666 3.104643e-09 
18.9977596 1.066953e-09 
20.3549429 3.390048e-09 
21.7128771 2.4058e-10 
20.3553447 7.351173e-11 
21.713246 2.41998e-09 
24.4279807 2.045638e-09 
23.070454 1.440007e-09 
24.4283699 1.844114e-10 
23.0708311 1.125905e-09 
25.785554 1.992347e-09 
25.7859466 4.14871e-10 
28.5010526 2.018375e-09 
27.1434784 1.393047e-09 
28.5014652 5.754179e-10 
27.1438852 7.390691e-10 
29.8585846 2.232933e-09 
29.8589943 1.980525e-10 
31.2161631 1.677367e-09 
32.5740965 2.190926e-10 
31.2165678 1.97599e-10 
32.5745028 1.437905e-09 
33.9316752 4.59356e-10 
33.9320773 1.045348e-09 
36.6467942 9.488638e-10 
35.2892102 7.623495e-10 
35.289603 7.66229e-10 
36.6471798 3.939487e-10 
38.0047125 2.154086e-10 
38.0051273 1.013913e-09 
40.719838 2.286054e-10 
39.3622987 2.575932e-10 
40.7202405 1.297778e-09 
39.3627042 1.096482e-09 
42.077428 3.034104e-10 
42.0778254 1.212679e-09 
44.7929622 4.255143e-10 
43.4353702 1.050357e-09 
44.7933514 2.05846e-09 
43.4357664 8.626938e-10 
46.1505079 3.308928e-11 
46.1508975 2.968907e-09 
47.5080953 2.837925e-10 
48.8660413 1.666089e-09 
47.5084911 2.866901e-09 
48.8664024 8.99355e-10 
50.2236326 4.927687e-10 
50.2240029 2.011737e-09 
52.9387556 7.389536e-10 
51.5811746 5.366173e-11 
52.9391599 1.232638e-09 
51.581557 2.124773e-09 
54.2967091 2.720647e-10 
54.2970618 1.98983e-09 
57.0118402 1.624755e-09 
55.6543026 2.448224e-10 
57.012229 1.539111e-09 
55.6546694 2.363434e-09 
58.3694263 2.610059e-09 
58.3698313 2.390104e-10 
61.0849718 1.313807e-09 
59.727381 1.337201e-10 
61.0853323 1.418922e-09 
59.7277239 2.245713e-09 
62.4425128 2.229638e-09 
62.4428944 2.744087e-10 
63.8001029 2.179406e-09 
65.1580459 1.139258e-09 
63.8004937 2.605311e-10 
65.1583986 1.141102e-09 
66.5156397 2.124215e-09 
66.5160088 4.485424e-10 
69.2307932 1.541737e-09 
67.8731918 2.391641e-09 
69.2311699 4.324316e-10 
67.8735654 9.992857e-11 
70.5887229 1.055504e-09 
70.5890748 8.87129e-10 
73.303891 1.223832e-09 
71.94633 1.324255e-09 
73.3042417 1.388961e-10 
71.9466839 2.638871e-10 
74.6615092 7.950141e-10 
74.6618501 1.671505e-10 
77.3770283 3.471931e-10 
76.0194124 1.852851e-10 
77.377366 4.401522e-10 
76.0197568 5.262664e-10 
78.7346009 3.171304e-10 
78.7349331 4.018779e-10 
80.0922283 6.207649e-10 
81.4501189 1.706562e-10 
80.0925457 1.814708e-10 
81.4504464 2.764091e-10 
82.8077408 3.821323e-11 
82.808065 4.918666e-10 
85.5229505 2.460469e-10 
84.1653215 1.863514e-10 
85.5232584 8.31018e-10 
84.165635 4.841146e-10 
86.880832 6.723287e-10 
86.881144 2.301078e-10 
89.5960415 3.982247e-10 
88.2384608 7.222306e-10 
89.5963449 8.086055e-10 
88.2387707 3.186778e-10 
90.9536752 1.818191e-10 
90.9539725 1.095064e-09 
93.6691824 1.754355e-09 
92.3115514 1.802115e-09 
93.6694736 2.80894e-10 
92.3118454 2.311616e-10 
95.0267675 1.57948e-09 
95.0270572 5.715454e-10 
96.3844077 9.404745e-10 
97.7422729 2.2064e-09 
96.3846857 1.361432e-09 
97.7425387 1.214962e-09 
99.0999097 2.858364e-09 
99.1001724 2.768175e-10 
101.815148 1.672359e-09 
100.4575028 2.694675e-09 
101.8153988 1.01408e-09 
100.4577586 8.671067e-11 
103.1729895 2.193728e-09 
103.1732207 2.035585e-09 
105.8882386 2.736882e-09 
104.5306381 3.005925e-09 
105.8884535 1.526164e-10 
104.5308627 6.11316e-10 
107.2458907 1.627098e-09 
107.246103 8.216595e-10 
1.3477678 7.441797e-10 
1.3481533 1.822499e-11 
4.063254 6.354264e-11 
4.0636615 6.795877e-10 
6.778388 6.538858e-10 
6.7787681 1.110426e-09 
9.4938981 2.057446e-10 
9.4942537 2.182704e-09 
12.2090316 1.221603e-09 
12.2093873 6.756496e-10 
14.9245207 6.813855e-10 
14.9248988 1.125772e-09 
17.6396297 2.622556e-09 
17.6400342 1.10052e-10 
20.3551512 1.623525e-09 
20.3555252 2.24003e-09 
23.0702533 2.618353e-09 
23.0706441 1.014669e-10 
25.7857502 1.870384e-09 
25.7861469 5.146035e-10 
28.5008537 1.767128e-09 
28.5012569 4.965705e-10 
31.2163631 1.280004e-09 
31.2167748 9.563888e-10 
33.9314789 1.333467e-09 
33.9318738 2.079007e-10 
36.6469848 2.326978e-10 
36.6473851 9.71292e-10 
39.3621079 6.290924e-10 
39.3624964 6.706329e-10 
42.0776253 2.953637e-10 
42.0780288 1.403484e-09 
44.7927595 1.849697e-10 
44.7931591 2.234271e-09 
47.5082997 6.573304e-10 
47.5086742 2.27825e-09 
50.2234274 4.576715e-10 
50.2238235 2.260538e-09 
52.9389659 6.709896e-11 
52.9393366 2.104457e-09 
55.6540878 1.573217e-09 
55.6544978 6.079925e-10 
58.3696394 7.90825e-10 
58.3699999 2.16487e-09 
61.0847651 2.741621e-09 
61.0851618 1.67906e-10 
63.8003031 1.895868e-09 
63.8006696 7.186795e-10 
66.5154435 1.887176e-09 
66.5158306 3.227057e-10 
69.230983 1.857685e-09 
69.231347 4.106684e-10 
71.9461499 1.086231e-09 
71.9465093 3.986715e-10 
74.6616778 8.084679e-10 
74.6620228 2.666886e-10 
77.3768685 8.01552e-10 
77.3771948 9.238406e-11 
80.0923825 9.238814e-11 
80.0927137 5.127864e-10 
82.8075891 3.974696e-10 
82.8079008 3.787575e-10 
85.5231005 2.481058e-10 
85.5234178 4.940126e-10 
88.238312 1.055585e-10 
88.2386158 1.11443e-09 
90.953821 1.231624e-09 
90.9541225 1.582897e-10 
93.6690399 5.837763e-10 
93.6693288 1.24656e-09 
96.3845451 2.390929e-09 
96.3848236 3.701173e-10 
99.0997769 1.265779e-09 
99.1000426 1.155468e-09 
101.8152742 3.113203e-09 
101.815519 4.359767e-10 
104.5305196 1.93843e-09 
104.5307521 9.44609e-10 
107.2459995 2.79967e-09 
107.2462041 4.611388e-10 
1.3479578 5.79527e-10 
-0.0097961 1.190916e-09 
-0.0094076 4.500108e-10 
1.3483581 2.864396e-10 
2.7056759 8.60962e-11 
2.7060821 1.639723e-10 
4.0630293 1.035007e-10 
5.4207752 2.269347e-10 
4.0634607 2.173227e-10 
5.4211856 1.08482e-09 
6.7785697 4.042851e-11 
6.7789557 2.090803e-09 
9.4937238 9.527288e-10 
8.1363031 7.643395e-10 
9.4940735 1.737053e-09 
8.1366703 1.828393e-09 
10.8514467 2.55427e-10 
10.8517933 1.692232e-09 
12.2092107 3.579526e-10 
13.5669326 8.724624e-11 
12.2095701 1.109897e-09 
13.5673045 9.054591e-10 
14.9243269 1.574795e-09 
14.9247107 2.992633e-11 
16.2820542 2.18844e-09 
17.6398367 1.595164e-09 
16.2824429 5.161928e-10 
17.640219 2.089091e-09 
18.9975697 5.167318e-10 
18.9979378 3.751432e-09 
20.354943 3.296173e-09 
21.7126785 2.45184e-09 
20.3553444 6.790185e-11 
21.7130644 7.900434e-10 
23.0704538 1.431252e-09 
24.4281762 6.381497e-10 
23.0708311 1.122064e-09 
24.4285636 9.462821e-10 
25.7855538 1.917383e-09 
25.7859466 4.203805e-10 
27.143279 2.301132e-09 
28.5010525 1.988503e-09 
27.1436822 2.268868e-10 
28.5014652 5.692512e-10 
29.8587873 1.096086e-09 
29.8591983 1.254876e-09 
31.2161627 1.636422e-09 
32.5738974 1.417508e-09 
31.2165681 1.955934e-10 
32.5742997 4.610223e-10 
33.9316753 4.336321e-10 
33.9320774 1.040454e-09 
36.6467941 9.417386e-10 
35.2894028 3.336058e-11 
36.64718 4.224198e-10 
35.2898098 1.057244e-09 
38.004521 5.066266e-10 
38.0049155 9.564071e-10 
39.3622988 2.714344e-10 
40.720035 5.000078e-10 
39.3627043 1.090055e-09 
40.7204489 8.420072e-10 
42.0774283 2.939963e-10 
42.0778255 1.244842e-09 
43.4351687 5.560868e-11 
44.7929623 4.326045e-10 
43.4355701 2.084232e-09 
44.7933516 2.072533e-09 
46.1507079 1.743207e-09 
46.1510815 9.792102e-10 
47.5080957 2.906736e-10 
48.8658446 5.470145e-11 
47.5084911 2.868482e-09 
48.8662246 2.817458e-09 
50.2236328 4.925557e-10 
50.224003 2.034794e-09 
52.9387555 7.765032e-10 
51.5813735 7.836506e-10 
52.9391601 1.218824e-09 
51.5817309 1.18034e-09 
54.2965051 5.399979e-10 
54.2968935 1.832274e-09 
55.6543028 2.571091e-10 
57.0120468 1.544311e-10 
55.6546695 2.383022e-09 
57.0123918 2.614802e-09 
58.3694257 2.654246e-09 
58.3698317 2.337061e-10 
59.7271774 2.209375e-09 
61.0849718 1.353954e-09 
59.7275617 9.027509e-10 
61.0853325 1.415483e-09 
62.4427129 5.470024e-10 
62.4430601 1.508488e-09 
63.8001022 2.248183e-09 
65.1578494 2.40954e-09 
63.8004939 2.720497e-10 
65.1582294 1.096615e-11 
66.5156394 2.168878e-09 
66.516009 4.427006e-10 
69.2307928 1.615236e-09 
67.8733829 1.331699e-09 
69.2311698 4.320836e-10 
67.8737368 1.095192e-09 
70.5885399 1.943667e-09 
70.5889024 2.008641e-10 
71.9463295 1.3352e-09 
73.3040655 5.601328e-10 
71.946684 2.611369e-10 
73.3044147 6.385335e-10 
74.6615091 8.191843e-10 
74.6618496 1.673237e-10 
76.0192443 6.845471e-10 
77.3770278 3.552415e-10 
76.0195854 2.40333e-10 
77.3773658 4.698926e-10 
78.7347639 1.64165e-10 
78.7351009 3.889102e-10 
80.0922282 6.295023e-10 
81.4499607 1.892911e-10 
80.0925452 2.020794e-10 
81.4502832 3.733248e-10 
82.8077404 4.430519e-11 
82.8080648 4.96072e-10 
85.5229502 2.433857e-10 
84.165475 2.392198e-10 
85.5232581 7.998038e-10 
84.1657942 2.856004e-10 
86.8806815 2.138985e-10 
86.8809889 7.843381e-10 
88.2384605 7.293211e-10 
89.5961908 1.270982e-09 
88.2387705 3.046659e-10 
89.5964951 1.126607e-10 
90.9536747 2.061165e-10 
90.9539724 1.090224e-09 
92.311403 9.197772e-10 
93.6691821 1.819097e-09 
92.3117019 6.65463e-10 
93.6694734 3.102717e-10 
95.0269127 2.235405e-09 
95.0271937 6.656661e-10 
96.3844073 1.008006e-09 
97.7421342 2.282464e-09 
96.3846855 1.403993e-09 
97.7424096 2.853368e-10 
99.0999094 2.953877e-09 
99.1001724 2.998746e-10 
101.8151479 1.749259e-09 
100.4576316 2.107463e-09 
101.8153985 1.02069e-09 
100.4578809 1.796378e-09 
103.1728711 2.936775e-09 
103.1731061 1.7946e-10 
104.5306378 3.09313e-09 
105.8883472 2.295983e-09 
104.5308626 6.125603e-10 
105.8885597 1.8494e-09 
107.2458908 1.729894e-09 
107.2461028 8.250512e-10 
-0.0096043 7.140464e-10 
-0.0092078 1.156146e-09 
2.7054702 2.24636e-10 
2.7058806 4.564332e-11 
5.4209874 1.602413e-10 
5.4213769 1.239252e-09 
8.1361221 1.500518e-10 
8.1364863 2.636194e-09 
10.8516187 6.681293e-10 
10.8519795 9.6072e-10 
13.5667506 8.79083e-10 
13.5671155 4.545877e-10 
16.2822514 5.05259e-10 
16.2826275 2.389509e-09 
18.9973665 3.04581e-09 
18.9977595 1.055962e-09 
21.7128769 2.402882e-10 
21.713246 2.40839e-09 
24.4279806 2.011784e-09 
24.4283698 1.793394e-10 
27.1434786 1.392645e-09 
27.143885 7.356367e-10 
29.8585846 2.196702e-09 
29.8589944 1.906669e-10 
32.5740968 2.073424e-10 
32.5745025 1.429145e-09 
35.2892103 7.461369e-10 
35.289603 7.690507e-10 
38.0047126 2.297214e-10 
38.0051272 9.96335e-10 
40.7198382 2.376404e-10 
40.7202405 1.297524e-09 
43.4353701 1.060206e-09 
43.4357665 8.585521e-10 
46.1505082 3.016184e-11 
46.1508975 2.971727e-09 
48.8660414 1.645269e-09 
48.8664024 9.19493e-10 
51.5811749 6.573649e-11 
51.581557 2.128554e-09 
54.2967094 2.502777e-10 
54.2970617 2.018814e-09 
57.0118404 1.658321e-09 
57.0122291 1.5368e-09 
59.7273814 1.413164e-10 
59.7277237 2.254867e-09 
62.4425127 2.290693e-09 
62.4428946 2.712025e-10 
65.158046 1.171455e-09 
65.1583986 1.134009e-09 
67.8731915 2.444929e-09 
67.8735656 9.169958e-11 
70.5887227 1.062528e-09 
70.589075 8.698706e-10 
73.3038907 1.23709e-09 
73.3042418 1.367156e-10 
76.019412 1.98292e-10 
76.019757 5.274318e-10 
78.7346007 3.171801e-10 
78.734933 4.339753e-10 
81.4501187 1.985684e-10 
81.4504465 2.725965e-10 
84.1653215 1.970992e-10 
84.1656349 4.69934e-10 
86.880832 6.684573e-10 
86.881144 2.199338e-10 
89.5960414 4.381282e-10 
89.596345 7.838913e-10 
92.3115515 1.848065e-09 
92.3118455 2.527066e-10 
95.0267673 1.68319e-09 
95.0270573 5.861689e-10 
97.7422729 2.279192e-09 
97.7425388 1.269813e-09 
100.4575026 2.825242e-09 
100.4577587 8.325326e-11 
103.1729894 2.249888e-09 
103.1732208 2.093594e-09 
105.8882384 2.863329e-09 
105.8884534 1.462108e-10 
1.3477677 7.363705e-10 
-0.0097963 1.175553e-09 
1.3481533 1.699666e-11 
-0.0094075 4.454873e-10 
2.7056759 8.383569e-11 
2.7060822 1.636275e-10 
4.0632539 6.341151e-11 
5.4207752 2.246556e-10 
5.4211855 1.073816e-09 
4.0636615 6.674712e-10 
6.7783881 6.478085e-10 
6.7787678 1.106686e-09 
9.4938979 2.135505e-10 
8.1363028 7.713795e-10 
9.4942536 2.151228e-09 
8.1366704 1.799918e-09 
10.8514465 2.443408e-10 
10.8517932 1.666701e-09 
12.2090317 1.192991e-09 
13.5669322 8.441829e-11 
12.2093869 6.734576e-10 
13.5673046 8.862263e-10 
14.9245203 6.654328e-10 
14.9248988 1.10931e-09 
17.6396297 2.540794e-09 
16.282054 2.132621e-09 
16.2824428 5.09553e-10 
17.640034 1.091141e-10 
18.9975695 5.165411e-10 
18.9979378 3.736755e-09 
20.3551509 1.614075e-09 
21.7126784 2.426284e-09 
21.7130644 7.921258e-10 
20.3555252 2.241595e-09 
23.0702532 2.55651e-09 
24.4281764 6.374115e-10 
23.0706442 9.86082e-11 
24.4285634 9.436205e-10 
25.7857504 1.870645e-09 
25.7861469 5.04778e-10 
28.5008536 1.737627e-09 
27.1432793 2.310636e-09 
27.1436821 2.08649e-10 
28.5012572 4.80273e-10 
29.8587877 1.08148e-09 
29.859198 1.264099e-09 
32.5738978 1.416113e-09 
31.2163636 1.258617e-09 
32.5742996 4.608826e-10 
31.2167747 9.579816e-10 
33.9314789 1.321183e-09 
33.9318742 2.20185e-10 
36.6469851 2.328728e-10 
35.2894032 3.71498e-11 
36.6473852 9.567241e-10 
35.2898097 1.051126e-09 
38.0045213 5.062414e-10 
38.0049156 9.412256e-10 
39.3621081 6.202002e-10 
40.7200351 4.937644e-10 
39.3624966 6.81125e-10 
40.720449 8.295502e-10 
42.0776254 2.943167e-10 
42.0780291 1.397833e-09 
44.7927597 1.884371e-10 
43.4351687 5.251361e-11 
44.7931593 2.209479e-09 
43.4355703 2.059464e-09 
46.1507079 1.688863e-09 
46.1510817 9.928932e-10 
48.8658446 5.411554e-11 
47.5082997 6.231135e-10 
48.8662248 2.786516e-09 
47.5086745 2.286078e-09 
50.2234273 5.019637e-10 
50.2238237 2.201582e-09 
52.9389659 6.492948e-11 
51.5813736 7.262837e-10 
52.9393368 2.110218e-09 
51.581731 1.200541e-09 
54.2965052 5.89987e-10 
54.2968937 1.805139e-09 
55.6540873 1.644239e-09 
57.012047 1.452929e-10 
55.6544981 5.736634e-10 
57.0123917 2.611482e-09 
58.3696395 8.40426e-10 
58.37 2.137838e-09 
61.0847644 2.795547e-09 
59.7271774 2.284727e-09 
61.0851619 1.762946e-10 
59.7275618 8.730419e-10 
62.442713 5.879709e-10 
62.4430601 1.480934e-09 
65.1578491 2.438369e-09 
63.8003028 1.949617e-09 
65.1582295 8.293112e-12 
63.8006696 6.900963e-10 
66.5154429 1.908739e-09 
66.5158304 3.523504e-10 
69.2309824 1.874861e-09 
67.8733827 1.37383e-09 
69.231347 3.807898e-10 
67.8737369 1.052133e-09 
70.5885393 1.92038e-09 
70.5889025 1.883479e-10 
71.9461494 1.078383e-09 
73.3040651 5.698025e-10 
71.9465088 4.022569e-10 
73.3044149 6.124556e-10 
74.661677 8.05469e-10 
74.6620227 2.744226e-10 
77.3768682 8.052924e-10 
76.0192436 6.611586e-10 
77.3771942 1.128883e-10 
76.0195854 2.571136e-10 
78.7347635 1.843309e-10 
78.735101 3.7816e-10 
81.4499604 1.869187e-10 
80.0923819 9.740773e-11 
81.4502831 3.791365e-10 
80.0927135 5.259051e-10 
82.8075889 3.865399e-10 
82.8079003 3.786569e-10 
85.5231002 2.639872e-10 
84.1654748 2.516421e-10 
85.5234175 4.791793e-10 
84.1657942 2.750239e-10 
86.8806816 2.454847e-10 
86.8809887 7.658532e-10 
88.2383118 1.192926e-10 
89.5961908 1.301195e-09 
88.2386155 1.099984e-09 
89.596495 1.220653e-10 
90.9538208 1.300097e-09 
90.9541223 1.603733e-10 
93.6690399 6.656231e-10 
92.3114031 1.01328e-09 
93.6693286 1.269103e-09 
92.3117017 6.562493e-10 
95.0269126 2.294477e-09 
95.0271936 7.071941e-10 
97.7421343 2.427721e-09 
96.384545 2.515018e-09 
97.7424095 2.816889e-10 
96.3848235 3.914683e-10 
99.0997769 1.384619e-09 
99.1000425 1.181393e-09 
101.8152742 3.240601e-09 
100.4576315 2.171611e-09 
101.8155189 4.479172e-10 
100.4578808 1.852438e-09 
103.1728711 3.076943e-09 
103.173106 1.875057e-10 
104.5305198 2.052402e-09 
105.8883471 2.370962e-09 
104.530752 9.723145e-10 
105.8885595 1.891505e-09 
107.2459995 2.902275e-09 
107.2462041 4.721237e-10 
1.3479577 5.713105e-10 
1.3483582 2.910997e-10 
4.0630292 1.02865e-10 
4.0634605 2.131906e-10 
6.7785695 4.285733e-11 
6.7789557 2.058029e-09 
9.4937239 9.149342e-10 
9.4940731 1.721147e-09 
12.2092103 3.494458e-10 
12.2095701 1.089199e-09 
14.9243268 1.522442e-09 
14.9247105 2.953726e-11 
17.6398365 1.585766e-09 
17.6402192 2.092918e-09 
20.3549428 3.247013e-09 
20.3553445 7.161767e-11 
23.0704539 1.441444e-09 
23.0708312 1.122503e-09 
25.7855538 1.926724e-09 
25.785947 3.978093e-10 
28.5010532 1.997384e-09 
28.5014651 5.690048e-10 
31.216163 1.647056e-09 
31.2165685 1.910174e-10 
33.9316759 4.369635e-10 
33.9320774 1.035924e-09 
36.6467944 9.320753e-10 
36.6471803 4.180568e-10 
39.3622991 2.677177e-10 
39.3627046 1.074463e-09 
42.0774283 2.938225e-10 
42.0778257 1.213416e-09 
44.7929622 3.954882e-10 
44.793352 2.062307e-09 
47.5080954 3.217896e-10 
47.5084913 2.782337e-09 
50.2236326 4.468005e-10 
50.2240033 2.027297e-09 
52.9387551 8.356823e-10 
52.9391603 1.155119e-09 
55.6543028 2.924185e-10 
55.6546696 2.348178e-09 
58.3694253 2.721123e-09 
58.3698317 2.137557e-10 
61.0849717 1.407256e-09 
61.0853324 1.367677e-09 
63.8001018 2.23864e-09 
63.8004936 3.065368e-10 
66.515639 2.184241e-09 
66.5160089 4.010905e-10 
69.2307923 1.544943e-09 
69.2311694 4.574778e-10 
71.9463288 1.327739e-09 
71.9466839 2.395339e-10 
74.6615086 7.930211e-10 
74.6618492 1.813917e-10 
77.3770271 3.457648e-10 
77.3773658 4.726546e-10 
80.0922279 6.176273e-10 
80.0925448 2.09869e-10 
82.8077401 5.271395e-11 
82.8080647 4.852632e-10 
85.5229503 2.369284e-10 
85.5232578 8.035708e-10 
88.2384605 7.797841e-10 
88.2387702 2.991413e-10 
90.953675 2.57723e-10 
90.9539722 1.100303e-09 
93.6691823 1.920445e-09 
93.6694733 3.069198e-10 
96.3844077 1.118215e-09 
96.3846855 1.40841e-09 
99.0999096 3.071529e-09 
99.1001723 3.034294e-10 
101.8151482 1.861686e-09 
101.8153986 1.053198e-09 
104.530638 3.193648e-09 
104.5308627 6.307982e-10 
107.245891 1.80166e-09 
107.246103 8.675859e-10 
1.3477674 7.308656e-10 
-0.0096043 7.053563e-10 
1.3481532 1.586797e-11 
-0.0092077 1.161699e-09 
2.70547 2.219943e-10 
2.7058806 4.504476e-11 
4.0632537 6.340743e-11 
5.4209872 1.598092e-10 
4.0636616 6.626714e-10 
5.4213769 1.224086e-09 
6.7783881 6.260545e-10 
6.7787676 1.09478e-09 
8.1361219 1.417835e-10 
9.4938976 2.10465e-10 
8.1364862 2.600684e-09 
9.4942537 2.1239e-09 
10.8516183 6.641419e-10 
10.8519796 9.426631e-10 
12.2090316 1.149134e-09 
13.5667503 8.464844e-10 
12.2093869 6.584444e-10 
13.5671155 4.421806e-10 
14.9245202 6.553913e-10 
14.9248989 1.108485e-09 
17.6396295 2.51589e-09 
16.2822512 5.084314e-10 
17.6400343 1.191626e-10 
16.2826275 2.379337e-09 
18.9973664 3.015882e-09 
18.9977596 1.065693e-09 
20.3551511 1.627821e-09 
21.712877 2.431206e-10 
20.3555254 2.260971e-09 
21.7132459 2.411379e-09 
23.0702531 2.601317e-09 
24.4279809 2.045945e-09 
23.0706445 8.721352e-11 
24.4283698 1.70311e-10 
25.7857509 1.893172e-09 
25.7861469 4.985895e-10 
28.500854 1.787897e-09 
27.143479 1.3789e-09 
28.5012575 4.63167e-10 
27.1438848 7.438677e-10 
29.8585853 2.243247e-09 
29.8589942 1.833673e-10 
31.2163643 1.284051e-09 
32.5740972 2.094125e-10 
31.2167746 9.657956e-10 
32.5745023 1.445866e-09 
33.9314794 1.335818e-09 
33.9318743 2.127781e-10 
35.2892109 7.547369e-10 
36.6469856 2.379776e-10 
35.289603 7.557157e-10 
36.6473852 9.479044e-10 
38.0047129 2.188014e-10 
38.0051272 9.909536e-10 
39.3621082 6.137989e-10 
40.7198383 2.328171e-10 
39.3624968 6.464697e-10 
40.7202407 1.267469e-09 
42.0776253 2.684002e-10 
42.0780293 1.381266e-09 
44.7927592 2.064148e-10 
43.4353702 1.010879e-09 
44.7931595 2.134935e-09 
43.4357667 8.628247e-10 
46.1505078 2.161746e-11 
46.1508979 2.917154e-09 
47.5082994 5.69082e-10 
48.8660414 1.552703e-09 
47.5086748 2.267341e-09 
48.8664027 9.305768e-10 
50.2234268 5.31845e-10 
50.2238238 2.12611e-09 
51.5811745 8.635836e-11 
52.9389657 5.722171e-11 
51.5815572 2.083063e-09 
52.9393369 2.077361e-09 
54.2967094 2.205644e-10 
54.2970619 2.011344e-09 
55.6540871 1.689505e-09 
57.0118403 1.743795e-09 
55.6544979 5.37276e-10 
57.0122291 1.485663e-09 
58.3696394 8.792859e-10 
58.3699998 2.08584e-09 
61.0847645 2.796131e-09 
59.7273814 1.604085e-10 
61.0851615 1.850987e-10 
59.7277238 2.21494e-09 
62.4425126 2.3218e-09 
62.4428945 2.53312e-10 
63.8003027 1.955159e-09 
65.1580458 1.222553e-09 
63.8006694 6.519189e-10 
65.1583987 1.08354e-09 
66.5154428 1.809938e-09 
66.5158301 3.839644e-10 
67.873191 2.387797e-09 
69.230982 1.857116e-09 
67.8735655 8.822528e-11 
69.2313469 3.488549e-10 
70.5887224 1.091274e-09 
70.5890751 8.235949e-10 
71.9461491 9.937181e-10 
73.30389 1.178625e-09 
71.9465086 4.221638e-10 
73.3042418 1.376159e-10 
74.6616766 7.921615e-10 
74.6620228 2.617506e-10 
77.3768678 7.892624e-10 
76.0194116 2.047797e-10 
77.3771941 1.139364e-10 
76.0197571 5.036931e-10 
78.7346001 2.935351e-10 
78.734933 4.332157e-10 
80.0923816 8.670024e-11 
81.4501184 2.0102e-10 
80.0927136 5.058224e-10 
81.4504465 2.573464e-10 
82.8075889 3.706462e-10 
82.8079003 3.823869e-10 
84.1653213 2.077075e-10 
85.5231002 2.905168e-10 
84.1656347 4.65951e-10 
85.5234175 4.776766e-10 
86.8808318 6.943116e-10 
86.8811439 2.249811e-10 
88.2383123 1.343119e-10 
89.5960417 4.934672e-10 
88.2386154 1.128259e-09 
89.5963446 7.820056e-10 
90.9538211 1.357781e-09 
90.9541222 1.53275e-10 
93.6690406 7.217484e-10 
92.3115513 1.882801e-09 
93.6693286 1.257959e-09 
92.3118452 2.725068e-10 
95.0267676 1.78367e-09 
95.027057 5.642425e-10 
96.3845454 2.575192e-09 
97.7422728 2.30365e-09 
96.3848234 3.667278e-10 
97.7425385 1.299707e-09 
99.0997774 1.455387e-09 
99.1000427 1.17664e-09 
100.4575028 2.935046e-09 
101.8152746 3.295543e-09 
100.4577584 8.580574e-11 
101.8155189 4.581317e-10 
103.1729894 2.311443e-09 
103.1732205 2.120155e-09 
104.53052 2.093878e-09 
105.8882386 2.937344e-09 
104.5307524 1.02283e-09 
105.8884532 1.72927e-10 
107.2459999 2.935175e-09 
107.2462042 4.776297e-10 
-0.0097966 1.161286e-09 
-0.0094075 4.505796e-10 
2.7056758 8.133994e-11 
2.7060823 1.645274e-10 
5.420775 2.209892e-10 
5.4211854 1.063799e-09 
8.1363025 7.640462e-10 
8.1366705 1.784662e-09 
10.8514463 2.323904e-10 
10.8517932 1.639472e-09 
13.5669321 8.222377e-11 
13.5673047 8.843425e-10 
16.2820538 2.112521e-09 
16.2824429 5.152955e-10 
18.9975696 5.308205e-10 
18.9979377 3.748497e-09 
21.7126785 2.460632e-09 
21.7130645 8.061782e-10 
24.4281766 6.255488e-10 
24.4285633 9.49849e-10 
27.1432798 2.382173e-09 
27.1436821 1.955554e-10 
29.8587879 1.082268e-09 
29.8591979 1.283727e-09 
32.5738985 1.463604e-09 
32.5742995 4.575658e-10 
35.2894034 3.602936e-11 
35.2898097 1.065533e-09 
38.0045216 5.031954e-10 
38.0049157 9.19032e-10 
40.7200353 4.583462e-10 
40.7204491 8.335199e-10 
43.4351684 4.550975e-11 
43.4355707 2.013673e-09 
46.150708 1.611612e-09 
46.1510819 9.977233e-10 
48.8658439 4.876661e-11 
48.8662252 2.733613e-09 
51.5813735 6.76273e-10 
51.5817313 1.189598e-09 
54.2965047 6.368059e-10 
54.2968937 1.756153e-09 
57.0120468 1.482491e-10 
57.0123919 2.571886e-09 
59.7271772 2.327255e-09 
59.7275616 8.362061e-10 
62.4427127 6.123908e-10 
62.4430602 1.435517e-09 
65.1578489 2.379878e-09 
65.1582292 7.005993e-12 
67.8733825 1.403895e-09 
67.873737 1.009321e-09 
70.5885388 1.831933e-09 
70.5889024 1.914224e-10 
73.3040649 5.832043e-10 
73.3044149 5.844724e-10 
76.0192431 6.208665e-10 
76.0195854 2.478635e-10 
78.7347633 1.675029e-10 
78.7351009 3.571363e-10 
81.4499601 1.766127e-10 
81.450283 3.625358e-10 
84.1654745 2.579421e-10 
84.165794 2.755868e-10 
86.8806817 2.647895e-10 
86.8809884 7.867508e-10 
89.5961905 1.329675e-09 
89.5964947 1.350776e-10 
92.3114035 1.048019e-09 
92.3117013 6.448077e-10 
95.0269125 2.277606e-09 
95.0271933 7.063897e-10 
97.7421348 2.461511e-09 
97.7424091 2.582781e-10 
100.4576315 2.172572e-09 
100.4578804 1.847192e-09 
103.1728715 3.090438e-09 
103.1731058 2.194702e-10 
105.8883472 2.409243e-09 
105.8885592 1.873251e-09 
1.3479575 5.659894e-10 
-0.0096044 7.026668e-10 
1.3483583 2.925396e-10 
-0.0092077 1.168712e-09 
2.7054699 2.232618e-10 
2.7058806 4.613041e-11 
4.0630292 1.00443e-10 
5.420987 1.603122e-10 
4.0634605 2.148105e-10 
5.4213769 1.225115e-09 
6.7785693 4.429732e-11 
6.7789557 2.051573e-09 
9.4937239 8.864927e-10 
8.1361217 1.399006e-10 
8.1364862 2.583079e-09 
9.4940732 1.696044e-09 
10.8516183 6.470921e-10 
10.8519796 9.484534e-10 
12.2092103 3.366247e-10 
13.5667502 8.425474e-10 
13.5671157 4.431039e-10 
12.2095703 1.089051e-09 
14.9243266 1.515148e-09 
14.9247109 3.091645e-11 
17.6398367 1.601791e-09 
16.2822514 5.215552e-10 
17.6402193 2.114215e-09 
16.2826274 2.398874e-09 
18.9973663 3.055747e-09 
18.9977597 1.083127e-09 
20.3549427 3.310376e-09 
21.7128772 2.458206e-10 
20.3553449 8.017833e-11 
21.7132458 2.424868e-09 
24.4279811 2.101288e-09 
23.0704543 1.456442e-09 
24.4283699 1.700011e-10 
23.0708312 1.127043e-09 
25.7855541 2.008998e-09 
25.7859471 3.790769e-10 
28.5010536 2.032933e-09 
27.143479 1.37112e-09 
28.5014651 5.7482e-10 
27.1438848 7.522575e-10 
29.8585857 2.309156e-09 
29.8589941 1.856122e-10 
31.2161636 1.695417e-09 
32.5740972 2.222985e-10 
31.2165684 1.900351e-10 
32.5745024 1.464861e-09 
33.9316762 4.646017e-10 
33.9320773 1.037549e-09 
36.6467947 9.333076e-10 
35.2892111 7.767366e-10 
36.6471803 3.86715e-10 
35.289603 7.443309e-10 
38.004713 1.980564e-10 
38.0051273 1.005124e-09 
40.7198381 2.213851e-10 
39.3622992 2.518631e-10 
40.7202409 1.249577e-09 
39.3627046 1.070986e-09 
42.077428 3.027306e-10 
42.0778258 1.162762e-09 
44.792962 3.669898e-10 
43.4353703 9.720752e-10 
44.7933521 2.041714e-09 
43.4357668 8.694821e-10 
46.1505072 1.972814e-11 
46.1508982 2.880851e-09 
47.5080948 3.337406e-10 
48.8660413 1.516979e-09 
47.5084914 2.728252e-09 
48.8664029 9.171978e-10 
50.2236323 4.193481e-10 
50.2240034 1.999547e-09 
52.9387549 8.332803e-10 
51.581174 8.606074e-11 
52.9391601 1.129831e-09 
51.5815574 2.051574e-09 
54.2967091 2.229549e-10 
54.2970621 1.978054e-09 
57.01184 1.761689e-09 
55.6543026 3.007775e-10 
57.0122289 1.45682e-09 
55.6546694 2.307402e-09 
58.3694257 2.716601e-09 
58.3698313 2.069273e-10 
61.0849717 1.398783e-09 
59.727381 1.634581e-10 
61.0853321 1.342659e-09 
59.727724 2.18205e-09 
62.4425126 2.280431e-09 
62.4428942 2.456369e-10 
63.8001022 2.165731e-09 
65.1580456 1.221098e-09 
63.8004933 3.16523e-10 
65.1583987 1.059934e-09 
66.515639 2.148599e-09 
66.5160086 3.818071e-10 
69.2307924 1.432332e-09 
67.8731911 2.301372e-09 
69.2311693 4.7275e-10 
67.8735653 9.3599e-11 
70.5887224 1.101151e-09 
70.589075 8.121727e-10 
73.3038898 1.131387e-09 
71.9463289 1.312324e-09 
73.3042417 1.390765e-10 
71.9466839 2.283549e-10 
74.6615084 7.558163e-10 
74.6618494 1.88176e-10 
77.3770271 3.319422e-10 
76.0194117 1.952072e-10 
77.3773659 4.436996e-10 
76.0197569 4.877397e-10 
78.7345999 2.797129e-10 
78.734933 4.001457e-10 
80.0922278 6.023156e-10 
81.4501183 1.749298e-10 
80.0925451 1.928006e-10 
81.4504463 2.517561e-10 
82.8077402 5.177722e-11 
82.8080648 4.738891e-10 
85.5229506 2.347537e-10 
84.1653213 2.029606e-10 
85.5232579 8.369852e-10 
84.1656346 4.78241e-10 
86.8808316 7.149235e-10 
86.8811437 2.382728e-10 
89.596042 4.862313e-10 
88.2384608 8.035789e-10 
89.5963443 8.068327e-10 
88.2387703 3.098339e-10 
90.9536757 2.633934e-10 
90.9539722 1.111888e-09 
93.6691826 1.917273e-09 
92.3115511 1.859019e-09 
93.6694733 2.759137e-10 
92.311845 2.63222e-10 
95.0267681 1.739247e-09 
95.0270566 5.377424e-10 
96.3844083 1.115927e-09 
97.7422727 2.246828e-09 
96.3846856 1.36974e-09 
97.7425382 1.263541e-09 
99.09991 3.04725e-09 
99.1001723 2.837151e-10 
101.8151485 1.850945e-09 
100.4575032 2.869063e-09 
101.815399 1.068613e-09 
100.4577582 9.299512e-11 
103.1729895 2.294094e-09 
103.1732202 2.079118e-09 
105.8882388 2.854194e-09 
104.5306384 3.167334e-09 
105.8884531 1.979807e-10 
104.5308627 6.427772e-10 
107.2458911 1.740528e-09 
107.2461034 8.92643e-10 
1.3477674 7.353011e-10 
1.3481532 1.632467e-11 
4.0632536 6.358947e-11 
4.0636616 6.717405e-10 
6.7783881 6.187147e-10 
6.7787677 1.091195e-09 
9.4938977 2.006754e-10 
9.4942538 2.138199e-09 
12.2090315 1.149851e-09 
12.2093873 6.514155e-10 
14.9245204 6.652415e-10 
14.924899 1.124638e-09 
17.6396293 2.581721e-09 
17.6400346 1.265741e-10 
20.3551514 1.646001e-09 
20.3555254 2.271462e-09 
23.0702533 2.692348e-09 
23.0706447 8.327319e-11 
25.785751 1.906939e-09 
25.7861469 5.039113e-10 
28.5008544 1.848914e-09 
28.5012573 4.682845e-10 
31.2163642 1.321812e-09 
31.2167746 9.684784e-10 
33.9314797 1.356326e-09 
33.9318741 1.959289e-10 
36.6469855 2.415996e-10 
36.6473851 9.570287e-10 
39.3621081 6.185792e-10 
39.3624967 6.157023e-10 
42.0776252 2.537606e-10 
42.0780292 1.376962e-09 
44.7927588 2.138887e-10 
44.7931595 2.113953e-09 
47.5082992 5.683444e-10 
47.5086747 2.248554e-09 
50.2234266 5.054377e-10 
50.2238236 2.137427e-09 
52.9389655 5.164753e-11 
52.9393368 2.052077e-09 
55.6540874 1.64656e-09 
55.6544976 5.479956e-10 
58.3696393 8.527813e-10 
58.3699996 2.080786e-09 
61.0847652 2.746475e-09 
61.0851612 1.806757e-10 
63.8003028 1.905251e-09 
63.8006692 6.559613e-10 
66.5154434 1.731447e-09 
66.51583 3.722786e-10 
69.2309825 1.830499e-09 
69.2313468 3.571099e-10 
71.9461493 9.508652e-10 
71.946509 4.294106e-10 
74.6616771 7.879641e-10 
74.6620228 2.452112e-10 
77.3768679 7.740757e-10 
77.3771947 9.453972e-11 
80.0923821 7.629996e-11 
80.0927137 4.805753e-10 
82.8075891 3.686472e-10 
82.8079007 3.867511e-10 
85.5231006 2.908735e-10 
85.5234177 4.924349e-10 
88.2383128 1.254049e-10 
88.2386156 1.162439e-09 
90.9538214 1.32336e-09 
90.9541224 1.480737e-10 
93.669041 6.693348e-10 
93.6693288 1.230187e-09 
96.3845457 2.486223e-09 
96.3848235 3.317509e-10 
99.0997777 1.376677e-09 
99.1000429 1.149239e-09 
101.8152749 3.200365e-09 
101.815519 4.542388e-10 
104.53052 2.005098e-09 
104.5307526 1.026946e-09 
107.2460001 2.8516e-09 
107.2462042 4.708877e-10 
108.6036039 2.3056e-09 
109.9613597 2.528051e-09 
108.6038011 2.199944e-10 
109.9615453 2.64826e-10 
111.3190608 2.140284e-09 
111.319238 8.777504e-10 
112.6766239 5.928889e-10 
114.0343253 1.106414e-09 
112.6768034 1.45613e-09 
114.0344963 6.97569e-10 
115.3920741 1.449739e-09 
115.3922327 2.233912e-10 
118.1073356 9.912443e-11 
116.7497658 1.317346e-09 
118.1075057 1.204329e-09 
116.7499192 1.705092e-10 
119.4650326 2.070361e-10 
119.4651868 8.010296e-10 
120.8227755 2.858537e-10 
122.1804607 5.185797e-10 
120.8229214 5.922677e-10 
122.1805962 2.245536e-10 
123.5380331 5.006217e-10 
123.5381947 3.326567e-10 
124.8957272 1.943287e-10 
126.2534631 1.805181e-10 
124.8958697 5.23032e-10 
126.253594 3.717759e-10 
127.611145 5.580025e-11 
127.6112626 5.19865e-10 
128.9687259 5.583164e-10 
130.3264089 6.675155e-10 
128.9688677 2.775875e-10 
130.3265375 2.753828e-10 
131.6841378 4.764345e-10 
131.6842512 4.656313e-10 
134.3994046 1.131436e-09 
133.0418056 4.824203e-10 
134.3995214 1.912013e-10 
133.0419137 6.732219e-10 
135.7570753 1.651995e-09 
135.7571775 1.306203e-10 
137.1147909 1.975507e-09 
138.4724461 1.303783e-09 
137.1148892 4.581434e-10 
138.4725434 9.951211e-10 
139.8300686 1.960853e-09 
139.8301535 4.975137e-10 
141.1877252 2.378484e-09 
142.5454227 1.772603e-09 
141.1878047 3.107198e-11 
142.5455135 4.619847e-10 
143.9030693 7.080238e-10 
143.9031681 1.416576e-09 
145.2606964 2.027825e-09 
146.6183356 2.081481e-09 
145.260766 7.306321e-11 
146.6184167 8.401582e-10 
147.9760273 9.104244e-10 
147.9761206 1.943385e-09 
150.6913116 2.221805e-09 
149.3336674 6.574346e-11 
150.6913672 3.704986e-10 
149.3337748 2.269182e-09 
152.0489452 7.414759e-10 
152.0490149 1.176499e-09 
153.4066365 1.112611e-10 
154.7642743 6.588459e-10 
153.4067202 1.543216e-09 
154.7643655 9.240404e-10 
156.1219033 1.971788e-10 
156.1219714 1.85556e-09 
157.4795372 2.155651e-10 
158.837223 8.014905e-10 
157.4796105 2.500375e-09 
158.8373041 1.834318e-09 
160.1948601 1.662205e-09 
160.1949329 7.246891e-10 
161.5524927 1.093633e-10 
162.9101271 3.546032e-11 
161.5525476 1.960996e-09 
162.9101787 1.575583e-09 
164.2678139 4.208473e-10 
164.267857 8.147601e-10 
166.9830667 3.162057e-10 
165.6254442 7.862327e-10 
166.9831228 1.123732e-09 
165.6254749 4.36684e-10 
168.3406917 3.464262e-10 
168.3407386 1.157691e-09 
169.6983698 2.478854e-10 
171.0559847 3.240704e-10 
169.6984042 1.290561e-09 
171.0560088 9.748725e-10 
172.4136022 1.245191e-09 
172.4136523 4.565203e-10 
173.7712233 1.202866e-09 
175.1288932 1.111603e-09 
173.7712545 9.269525e-10 
175.1289151 1.157963e-09 
176.4865033 6.689486e-10 
176.4865146 1.235211e-09 
177.8441282 1.788581e-09 
179.2017365 1.752057e-09 
177.8441644 3.122509e-10 
179.2017656 2.451598e-10 
180.5593929 1.15403e-09 
180.5594249 5.608952e-10 
183.2746105 2.530405e-09 
181.9169916 3.571048e-10 
183.2746443 1.02445e-10 
181.917028 1.427823e-09 
184.632207 2.981692e-09 
184.6322425 8.650641e-10 
185.9898622 1.813979e-09 
187.3474592 5.688535e-10 
185.9899011 2.228996e-09 
187.3475051 2.837838e-09 
188.7051051 3.193933e-09 
188.7051203 5.477304e-11 
190.062697 1.596468e-09 
191.4203497 3.684991e-10 
190.0627229 4.633221e-10 
191.4203918 1.117676e-09 
192.7779417 1.309146e-10 
192.7779996 1.296966e-09 
194.1355708 8.218318e-10 
195.493154 3.500203e-10 
194.135602 1.293028e-09 
195.4931997 2.62173e-09 
196.8508013 7.198619e-11 
196.8508707 3.23452e-09 
199.5660252 7.288124e-10 
198.2083952 2.177732e-10 
199.5660652 4.475661e-10 
198.2084713 2.29266e-09 
200.9236036 2.75758e-10 
200.9236735 4.969402e-10 
202.2812723 3.836806e-10 
203.6388926 8.691611e-10 
202.2813524 1.233104e-10 
203.6389577 6.094591e-10 
204.9964413 2.930599e-10 
204.9965498 1.080064e-09 
109.9612594 1.087582e-09 
108.6037048 2.265215e-09 
109.9614528 1.082155e-09 
108.6038983 1.314495e-09 
111.3189662 1.656472e-09 
111.3191492 5.824215e-10 
112.6767177 2.075552e-09 
114.0344146 1.68907e-09 
112.6768879 2.354378e-10 
114.0345787 5.092604e-10 
115.3919824 1.787928e-10 
115.3921549 1.385351e-09 
116.7496808 5.818833e-10 
118.1074269 7.708817e-10 
116.7498425 6.075239e-10 
118.1075782 3.639443e-10 
119.4651145 9.794594e-10 
119.4652589 7.180308e-11 
120.8226848 3.617804e-10 
122.1803811 6.892863e-11 
120.8228527 8.123753e-10 
122.1805296 7.951046e-10 
123.5381203 1.021293e-10 
123.5382601 4.944225e-10 
126.2533806 4.670435e-10 
124.8958047 8.20164e-11 
126.2535327 2.024796e-10 
124.895931 3.803314e-10 
127.6110703 4.361025e-10 
127.6112065 3.633675e-10 
128.9688029 2.790487e-10 
130.3264791 1.91935e-10 
128.9689244 4.4433e-10 
130.3265909 6.445694e-10 
131.6840668 7.225158e-10 
131.6841978 1.549591e-10 
134.3994665 1.110358e-09 
133.0417433 1.017208e-09 
133.041861 9.262287e-11 
134.3995728 3.770325e-10 
135.7571269 1.025129e-09 
135.7572307 7.215339e-10 
137.1147397 1.783533e-09 
138.4724044 2.359367e-09 
137.1148392 4.944188e-10 
138.4724914 1.543569e-10 
139.8301107 2.353079e-09 
139.8302024 4.016617e-10 
142.5453867 1.657166e-09 
141.187762 1.168326e-09 
142.5454632 2.137698e-10 
141.1878561 1.1311e-09 
143.9030337 2.047886e-09 
143.9031145 2.511865e-10 
145.2607259 1.129352e-09 
146.6183684 3.241856e-10 
145.26082 1.076876e-09 
146.6184752 1.997656e-09 
147.9760044 2.836438e-09 
147.9760651 1.571513e-10 
149.3336396 1.928567e-09 
150.6913322 6.709503e-10 
149.3337147 1.06571e-09 
150.6914195 1.887718e-09 
152.0489714 2.91774e-11 
152.0490706 1.56409e-09 
153.4066116 6.672294e-10 
154.7642448 1.151476e-10 
153.4066722 8.317707e-10 
154.7643162 1.611953e-09 
156.1219323 4.027903e-10 
156.1220177 1.566115e-09 
158.8371955 1.562378e-10 
157.4795693 1.695389e-09 
158.8372608 2.510702e-09 
157.4796548 7.483149e-10 
160.1948307 9.16693e-11 
160.1948956 2.450638e-09 
161.5525173 5.331594e-10 
162.9101533 9.809927e-10 
161.5525809 1.331959e-09 
162.9102035 3.950087e-10 
164.2677867 8.151038e-11 
164.2678372 1.238139e-09 
165.6254167 2.223498e-10 
166.9831 4.756931e-10 
165.6254623 1.088393e-09 
166.9831341 9.321473e-10 
168.3407216 6.99259e-10 
168.3407461 7.274471e-10 
169.6983352 4.923901e-10 
171.0559574 2.85891e-10 
169.6983938 9.689433e-10 
171.0560006 1.181592e-09 
172.4136313 1.43379e-10 
172.4136621 1.500213e-09 
175.1288699 2.063114e-09 
173.7712434 2.089712e-10 
175.1289083 2.221102e-10 
173.7712618 1.317928e-09 
176.4864866 1.972775e-09 
176.48651 5.450433e-10 
177.8441503 1.558253e-09 
179.2017553 6.008786e-10 
177.8441709 6.288753e-10 
179.2017728 9.27798e-10 
180.5593716 1.567524e-09 
180.559411 7.442175e-11 
181.9169718 1.886485e-09 
183.2746248 1.130308e-09 
181.9170101 4.38701e-10 
183.2746672 1.587498e-09 
184.6322211 3.630344e-10 
184.6322699 2.858606e-09 
185.9898564 4.067141e-09 
187.3474518 3.385122e-09 
185.9898768 2.717573e-11 
187.3474773 5.574089e-10 
188.7051082 1.709281e-09 
188.7051414 1.364298e-09 
191.4203436 1.253279e-09 
190.0627044 1.755848e-10 
191.4203668 2.176152e-10 
190.0627487 1.528907e-09 
192.7779301 4.258829e-10 
192.7779676 1.270746e-09 
194.1355776 4.985564e-11 
195.4931673 5.30589e-10 
194.1356374 2.240279e-09 
195.4932417 2.184065e-09 
196.8507981 1.085189e-09 
196.8508285 1.552302e-09 
198.2083796 4.908886e-10 
199.566032 1.180716e-10 
198.2084286 1.908392e-09 
199.5661044 1.497571e-09 
200.9236384 1.078741e-10 
200.9237051 9.378011e-10 
202.2812363 1.232147e-10 
203.6388309 9.023514e-10 
202.2813191 1.500694e-10 
203.6389322 5.957471e-11 
204.996498 1.5087e-09 
204.9965882 8.236792e-10 
108.6036038 2.255997e-09 
108.6038013 2.112921e-10 
111.3190608 2.085524e-09 
111.3192383 8.955824e-10 
114.0343252 1.084438e-09 
114.0344966 6.972784e-10 
116.7497659 1.249576e-09 
116.7499195 1.852727e-10 
119.4650325 2.020048e-10 
119.4651871 7.458429e-10 
122.1804609 4.731748e-10 
122.1805965 2.08057e-10 
124.8957271 2.107693e-10 
124.8958699 4.84544e-10 
127.6111451 6.932578e-11 
127.6112628 4.976085e-10 
130.3264089 6.765277e-10 
130.3265377 2.74262e-10 
133.0418057 5.10597e-10 
133.0419139 6.438342e-10 
135.7570753 1.654062e-09 
135.7571776 1.185055e-10 
138.4724461 1.361394e-09 
138.4725436 9.335977e-10 
141.1877251 2.378515e-09 
141.1878049 2.069909e-11 
143.9030693 7.600607e-10 
143.9031682 1.346725e-09 
146.6183355 2.086782e-09 
146.6184168 7.905327e-10 
149.3336674 8.29697e-11 
149.3337748 2.190561e-09 
152.0489451 7.510091e-10 
152.0490149 1.104851e-09 
154.7642743 6.131539e-10 
154.7643655 8.778417e-10 
157.4795372 2.089473e-10 
157.4796104 2.395655e-09 
160.1948601 1.594189e-09 
160.1949328 6.849346e-10 
162.9101271 3.142239e-11 
162.9101785 1.49574e-09 
165.625444 7.420304e-10 
165.6254748 4.195466e-10 
168.3406917 3.353478e-10 
168.3407384 1.102341e-09 
171.0559845 3.039937e-10 
171.0560088 9.510171e-10 
173.771223 1.212945e-09 
173.7712544 8.906636e-10 
176.4865031 6.894608e-10 
176.4865146 1.205371e-09 
179.2017363 1.758544e-09 
179.2017656 2.380314e-10 
181.9169916 3.722344e-10 
181.917028 1.407583e-09 
184.6322069 2.985155e-09 
184.6322426 8.538432e-10 
187.3474592 5.71073e-10 
187.3475052 2.803443e-09 
190.062697 1.588238e-09 
190.0627228 4.490953e-10 
192.7779417 1.302778e-10 
192.7779996 1.276849e-09 
195.4931544 3.528658e-10 
195.4931996 2.58226e-09 
198.2083954 2.062798e-10 
198.2084711 2.256214e-09 
200.9236039 2.788655e-10 
200.9236733 4.800953e-10 
203.6388925 8.488797e-10 
203.6389575 6.058373e-10 
109.9613593 2.507027e-09 
108.6037047 2.233602e-09 
109.9615452 2.790262e-10 
108.6038986 1.344278e-09 
111.318966 1.687597e-09 
111.3191494 5.874845e-10 
112.6766237 6.230255e-10 
114.0344147 1.658564e-09 
112.6768032 1.435648e-09 
114.034579 5.456927e-10 
115.3920739 1.431752e-09 
115.3922327 2.231876e-10 
118.1073353 1.012562e-10 
116.7496806 6.070795e-10 
118.1075057 1.14987e-09 
116.7498427 5.781811e-10 
119.4651146 9.521897e-10 
119.4652591 6.98508e-11 
122.1803809 7.684631e-11 
120.8227753 2.804158e-10 
122.1805299 7.512756e-10 
120.8229214 5.507216e-10 
123.5380329 4.866436e-10 
123.5381947 3.08658e-10 
126.253463 1.894883e-10 
124.8958048 7.784839e-11 
126.253594 3.485211e-10 
124.8959312 3.505448e-10 
127.6110702 4.32394e-10 
127.6112067 3.509791e-10 
128.9687259 5.457907e-10 
130.3264792 1.978788e-10 
128.9688676 2.90953e-10 
130.326591 6.208566e-10 
131.6841378 4.842709e-10 
131.6842512 4.475673e-10 
134.3994048 1.089285e-09 
133.0417433 1.012943e-09 
134.3995213 2.075436e-10 
133.0418611 8.974536e-11 
135.7571268 1.056625e-09 
135.7572308 6.749231e-10 
137.114791 1.999982e-09 
138.4724045 2.308209e-09 
138.4724914 1.49921e-10 
137.1148891 4.097992e-10 
139.8300688 1.883259e-09 
139.8301535 5.393213e-10 
142.5454227 1.795648e-09 
141.187762 1.196617e-09 
142.5455135 4.12652e-10 
141.1878562 1.065717e-09 
143.9030336 2.000717e-09 
143.9031146 2.285063e-10 
145.2606965 1.979084e-09 
146.6183683 3.326267e-10 
145.260766 7.454727e-11 
146.6184753 1.930177e-09 
147.9760272 9.374129e-10 
147.9761206 1.856272e-09 
150.6913116 2.211967e-09 
149.3336393 1.931579e-09 
150.6913672 3.390068e-10 
149.3337148 1.019523e-09 
152.0489713 2.770339e-11 
152.0490706 1.512592e-09 
154.7642445 1.017334e-10 
153.4066364 1.167221e-10 
154.7643162 1.561869e-09 
153.4067202 1.468574e-09 
156.1219035 1.838462e-10 
156.1219714 1.778486e-09 
158.837223 7.623102e-10 
157.4795692 1.644722e-09 
158.837304 1.763114e-09 
157.4796547 7.182434e-10 
160.1948306 7.379717e-11 
160.1948955 2.394042e-09 
161.552493 1.13048e-10 
162.9101531 9.47547e-10 
161.5525474 1.888734e-09 
162.9102034 3.739042e-10 
164.267814 4.000493e-10 
164.2678568 7.772912e-10 
166.983067 3.070477e-10 
165.6254168 2.232891e-10 
166.9831226 1.083938e-09 
165.625462 1.054946e-09 
168.3407214 6.882039e-10 
168.340746 7.136019e-10 
171.0559573 2.869308e-10 
169.6983697 2.342796e-10 
171.0560005 1.148874e-09 
169.698404 1.254252e-09 
172.4136023 1.211727e-09 
172.4136521 4.380483e-10 
175.128893 1.119643e-09 
173.7712432 2.147981e-10 
175.128915 1.126807e-09 
173.7712619 1.287384e-09 
176.4864862 1.946515e-09 
176.48651 5.284838e-10 
177.8441281 1.749846e-09 
179.2017551 5.96617e-10 
177.8441642 3.21133e-10 
179.2017729 9.105193e-10 
180.5593926 1.157072e-09 
180.5594249 5.462261e-10 
183.2746104 2.507368e-09 
181.9169714 1.866727e-09 
183.2746443 1.047447e-10 
181.9170102 4.407471e-10 
184.632221 3.62812e-10 
184.6322701 2.835663e-09 
187.3474515 3.352493e-09 
185.989862 1.81675e-09 
187.3474774 5.55172e-10 
185.9899011 2.20614e-09 
188.7051051 3.185627e-09 
188.7051202 4.895228e-11 
191.4203497 3.620958e-10 
190.0627044 1.702477e-10 
191.4203917 1.097526e-09 
190.0627487 1.503189e-09 
192.7779303 4.112119e-10 
192.7779676 1.257453e-09 
194.1355711 8.031788e-10 
195.4931676 5.295639e-10 
194.1356019 1.27471e-09 
195.4932416 2.145024e-09 
196.8508016 7.072303e-11 
196.8508705 3.189481e-09 
199.5660255 7.171663e-10 
198.20838 4.737429e-10 
198.2084287 1.87278e-09 
199.5660652 4.336187e-10 
200.9236386 1.028478e-10 
200.9237049 9.150794e-10 
203.6388317 8.808226e-10 
202.2812726 3.696364e-10 
203.638932 5.966132e-11 
202.2813521 1.207546e-10 
204.9964421 2.801855e-10 
204.9965496 1.057609e-09 
109.9612594 1.165964e-09 
109.9614526 1.075459e-09 
112.6767175 2.111116e-09 
112.6768878 2.533527e-10 
115.3919823 2.178513e-10 
115.3921548 1.369212e-09 
118.1074268 7.980579e-10 
118.1075782 3.447628e-10 
120.8226847 3.39943e-10 
120.8228528 8.014531e-10 
123.5381204 1.0271e-10 
123.53826 4.687923e-10 
126.2533807 4.390505e-10 
126.2535328 2.026269e-10 
128.9688031 2.565514e-10 
128.9689244 4.387868e-10 
131.6840673 7.059777e-10 
131.6841978 1.595535e-10 
134.3994668 1.101169e-09 
134.3995727 3.567804e-10 
137.1147404 1.68492e-09 
137.1148392 5.218687e-10 
139.8301111 2.32889e-09 
139.8302023 3.71e-10 
142.5453872 1.568249e-09 
142.5454632 2.27631e-10 
145.2607261 1.113711e-09 
145.2608199 1.024778e-09 
147.9760047 2.821861e-09 
147.9760652 1.441331e-10 
150.6913323 7.055529e-10 
150.6914196 1.827712e-09 
153.4066118 6.690776e-10 
153.4066723 8.182035e-10 
156.1219324 3.875225e-10 
156.1220176 1.527944e-09 
158.8371958 1.39213e-10 
158.8372608 2.470782e-09 
161.5525176 5.058174e-10 
161.5525806 1.311714e-09 
164.2677872 9.75484e-11 
164.267837 1.225057e-09 
166.9831002 4.702965e-10 
166.9831338 9.249151e-10 
169.6983355 4.75525e-10 
169.6983936 9.693228e-10 
172.4136312 1.322585e-10 
172.4136619 1.480221e-09 
175.1288699 2.018385e-09 
175.1289081 2.217814e-10 
177.84415 1.527094e-09 
177.8441709 6.196374e-10 
180.5593715 1.51868e-09 
180.5594109 7.351186e-11 
183.2746246 1.113625e-09 
183.2746673 1.585909e-09 
185.9898563 4.035014e-09 
185.9898768 2.903139e-11 
188.7051081 1.693404e-09 
188.7051415 1.35753e-09 
191.4203437 1.219712e-09 
191.4203668 2.177186e-10 
194.1355779 4.816103e-11 
194.1356373 2.211135e-09 
196.8507983 1.041928e-09 
196.8508287 1.539095e-09 
199.5660324 1.132423e-10 
199.5661043 1.472128e-09 
202.2812366 1.21942e-10 
202.2813192 1.418437e-10 
204.9964988 1.452927e-09 
204.9965879 8.192403e-10 
108.6036036 2.341988e-09 
109.9613592 2.586258e-09 
108.6038014 2.033538e-10 
109.9615452 2.924673e-10 
111.3190608 2.096258e-09 
111.3192385 9.401098e-10 
112.6766238 7.074622e-10 
114.0343251 1.157334e-09 
112.6768031 1.445013e-09 
114.0344966 6.887413e-10 
115.392074 1.501809e-09 
115.3922326 2.244347e-10 
118.1073354 1.086302e-10 
116.7497659 1.261534e-09 
118.1075058 1.173342e-09 
116.7499196 2.04718e-10 
119.4650323 2.356979e-10 
119.4651873 7.262002e-10 
120.8227755 3.159632e-10 
122.1804609 4.951232e-10 
120.8229214 5.44192e-10 
122.1805966 1.896198e-10 
123.538033 4.45719e-10 
123.5381949 3.280927e-10 
124.895727 1.940696e-10 
126.2534633 1.545071e-10 
124.89587 4.751382e-10 
126.253594 3.484458e-10 
127.6111451 5.661894e-11 
127.6112629 4.759967e-10 
128.9687263 5.390155e-10 
130.3264089 6.665702e-10 
128.9688678 2.79056e-10 
130.3265377 2.699297e-10 
131.6841383 4.519336e-10 
131.684251 4.509209e-10 
134.3994056 1.046288e-09 
133.0418056 5.093995e-10 
134.3995214 2.143709e-10 
133.0419139 6.239068e-10 
135.7570755 1.6156e-09 
135.7571775 1.201542e-10 
137.1147916 1.957065e-09 
138.4724461 1.365591e-09 
137.1148889 4.099841e-10 
138.4725436 8.958495e-10 
139.8300696 1.7816e-09 
139.8301535 5.467778e-10 
141.1877252 2.281013e-09 
142.5454232 1.726748e-09 
141.1878047 1.907338e-11 
142.5455133 4.033086e-10 
143.9030692 7.285248e-10 
143.9031682 1.311063e-09 
145.2606971 1.943097e-09 
146.6183353 2.049312e-09 
145.2607661 6.03844e-11 
146.6184168 7.720418e-10 
147.9760274 9.32885e-10 
147.9761206 1.836552e-09 
150.691312 2.242752e-09 
149.3336672 8.173869e-11 
150.6913673 3.567563e-10 
149.3337749 2.162352e-09 
152.0489447 7.548093e-10 
152.049015 1.103818e-09 
153.4066365 1.504604e-10 
154.7642741 6.1362e-10 
153.4067202 1.467866e-09 
154.7643655 8.654375e-10 
156.1219038 1.626593e-10 
156.1219715 1.806557e-09 
157.4795369 1.720295e-10 
158.8372232 7.411913e-10 
157.4796104 2.405014e-09 
158.8373039 1.783128e-09 
160.1948599 1.580786e-09 
160.1949328 6.799733e-10 
161.5524934 1.241281e-10 
162.9101271 3.022526e-11 
161.5525475 1.910893e-09 
162.9101783 1.503552e-09 
164.2678143 4.027853e-10 
164.2678565 7.984784e-10 
166.9830673 3.215874e-10 
165.6254439 7.529986e-10 
166.9831226 1.118811e-09 
165.6254747 4.129931e-10 
168.3406917 3.537159e-10 
168.3407382 1.104154e-09 
169.69837 2.430107e-10 
171.0559843 3.272648e-10 
169.6984038 1.267785e-09 
171.0560088 9.39125e-10 
172.4136025 1.189516e-09 
172.413652 4.610936e-10 
173.7712227 1.181125e-09 
175.1288929 1.070101e-09 
173.7712543 8.863153e-10 
175.1289151 1.130849e-09 
176.4865028 6.637277e-10 
176.4865148 1.190579e-09 
177.8441281 1.707608e-09 
179.2017358 1.710404e-09 
177.8441642 3.042995e-10 
179.2017657 2.321398e-10 
180.5593924 1.114616e-09 
180.5594251 5.546924e-10 
183.2746103 2.465923e-09 
181.9169914 3.608001e-10 
183.2746443 1.099668e-10 
181.9170282 1.405236e-09 
184.6322064 2.948411e-09 
184.6322427 8.696894e-10 
185.9898619 1.791478e-09 
187.3474591 5.545314e-10 
185.9899012 2.222991e-09 
187.3475053 2.789667e-09 
188.705105 3.141567e-09 
188.7051203 5.166084e-11 
190.0626969 1.551666e-09 
191.4203498 3.52233e-10 
190.0627229 4.552658e-10 
191.4203917 1.098693e-09 
192.7779419 1.351869e-10 
192.7779996 1.256195e-09 
194.1355713 7.581146e-10 
195.4931547 3.260192e-10 
194.1356022 1.283082e-09 
195.4931998 2.562594e-09 
196.850802 6.970527e-11 
196.8508706 3.158991e-09 
199.5660255 6.926438e-10 
198.2083957 2.13954e-10 
199.5660656 4.372254e-10 
198.2084711 2.216498e-09 
200.9236041 2.69802e-10 
200.9236734 4.810094e-10 
202.281273 3.668996e-10 
203.6388929 8.1709e-10 
202.2813522 1.230722e-10 
203.6389573 6.061408e-10 
204.9964426 2.758133e-10 
204.99655 1.031119e-09 
108.6037046 2.281928e-09 
108.6038987 1.38933e-09 
111.318966 1.792074e-09 
111.3191493 5.787535e-10 
114.0344146 1.702436e-09 
114.0345789 5.667513e-10 
116.7496805 6.745585e-10 
116.7498426 5.782424e-10 
119.4651146 1.014718e-09 
119.465259 6.943575e-11 
122.1803808 7.898847e-11 
122.1805298 7.703677e-10 
124.8958048 9.268086e-11 
124.8959311 3.388829e-10 
127.6110701 4.055226e-10 
127.6112066 3.532834e-10 
130.3264791 1.694e-10 
130.3265909 6.163519e-10 
133.0417435 1.001928e-09 
133.0418609 8.913037e-11 
135.7571268 1.043265e-09 
135.7572306 6.730214e-10 
138.4724047 2.23195e-09 
138.4724912 1.599127e-10 
141.1877619 1.14078e-09 
141.187856 1.067232e-09 
143.9030337 1.923986e-09 
143.9031144 2.28896e-10 
146.6183681 2.902736e-10 
146.6184753 1.944052e-09 
149.3336389 1.927159e-09 
149.3337148 1.04807e-09 
152.048971 4.265651e-11 
152.0490707 1.531888e-09 
154.7642441 8.196582e-11 
154.7643162 1.619288e-09 
157.479569 1.67684e-09 
157.4796548 7.347079e-10 
160.1948304 5.67855e-11 
160.1948954 2.468728e-09 
162.9101531 9.772787e-10 
162.9102034 3.875056e-10 
165.6254168 2.425362e-10 
165.6254619 1.095555e-09 
168.3407214 7.363022e-10 
168.3407459 7.148704e-10 
171.0559572 2.909576e-10 
171.0560004 1.180607e-09 
173.771243 2.105728e-10 
173.771262 1.290313e-09 
176.4864859 1.888687e-09 
176.48651 5.290209e-10 
179.2017549 5.604221e-10 
179.2017731 9.167116e-10 
181.916971 1.82588e-09 
181.9170103 4.530037e-10 
184.6322208 3.482132e-10 
184.6322703 2.845955e-09 
187.3474512 3.314075e-09 
187.3474775 5.753013e-10 
190.0627044 1.608432e-10 
190.0627488 1.50355e-09 
192.7779303 3.834843e-10 
192.7779677 1.26863e-09 
195.4931678 5.460486e-10 
195.4932417 2.123165e-09 
198.2083799 4.460577e-10 
198.208429 1.885396e-09 
200.9236388 1.046852e-10 
200.923705 9.160148e-10 
203.6388321 8.912876e-10 
203.6389322 5.957096e-11 
109.9612597 1.258795e-09 
108.6036037 2.446921e-09 
109.9614526 1.097164e-09 
108.6038012 2.046079e-10 
111.3190607 2.156995e-09 
111.3192383 9.491531e-10 
114.0343251 1.226456e-09 
112.6767177 2.198461e-09 
114.0344964 6.817833e-10 
112.6768878 2.502331e-10 
115.3919826 2.548599e-10 
115.392155 1.406398e-09 
118.1074271 8.686594e-10 
116.7497658 1.337245e-09 
118.1075781 3.560083e-10 
116.7499193 2.00951e-10 
119.4650323 2.641596e-10 
119.4651871 7.680955e-10 
120.822685 3.191736e-10 
122.1804608 5.564041e-10 
120.822853 8.608262e-10 
122.1805963 1.933141e-10 
123.5381207 9.944505e-11 
123.53826 4.866601e-10 
126.2533811 4.203915e-10 
124.8957269 1.707575e-10 
126.253533 2.033295e-10 
124.8958698 5.071683e-10 
127.611145 3.828305e-11 
127.6112626 4.831865e-10 
130.326409 6.551036e-10 
128.9688035 2.121667e-10 
130.3265375 2.67835e-10 
128.9689243 4.495734e-10 
131.6840678 7.101856e-10 
131.6841979 1.448698e-10 
134.3994674 1.064803e-09 
133.0418056 4.834699e-10 
134.3995725 3.795493e-10 
133.0419137 6.392675e-10 
135.7570757 1.592711e-09 
135.7571772 1.324523e-10 
137.114741 1.640908e-09 
138.4724461 1.312725e-09 
137.1148393 5.192412e-10 
138.4725434 9.324268e-10 
139.8301117 2.25019e-09 
139.8302021 3.97506e-10 
142.5453879 1.530307e-09 
141.1877254 2.224533e-09 
142.5454633 2.004712e-10 
141.1878045 2.716106e-11 
143.9030692 6.591933e-10 
143.9031681 1.357144e-09 
146.6183353 2.024555e-09 
145.2607265 1.056164e-09 
146.6184167 8.091847e-10 
145.2608198 1.047225e-09 
147.9760052 2.850526e-09 
147.9760652 1.566307e-10 
150.6913324 7.230682e-10 
149.333667 6.574918e-11 
150.6914196 1.869759e-09 
149.3337749 2.22237e-09 
152.0489444 7.511913e-10 
152.049015 1.174355e-09 
153.4066121 6.813711e-10 
154.7642739 6.614034e-10 
153.4066723 8.772704e-10 
154.7643656 9.034208e-10 
156.1219325 4.069686e-10 
156.1220177 1.580911e-09 
158.837196 1.305404e-10 
157.4795366 1.581062e-10 
158.8372609 2.549345e-09 
157.4796104 2.515974e-09 
160.1948599 1.641526e-09 
160.1949328 7.165428e-10 
162.910127 3.489292e-11 
161.5525178 5.108491e-10 
162.9101784 1.588607e-09 
161.5525806 1.372893e-09 
164.2677873 1.163108e-10 
164.2678371 1.283831e-09 
166.9831006 4.957447e-10 
165.625444 8.051949e-10 
166.9831337 9.598248e-10 
165.6254747 4.258369e-10 
168.3406917 3.774097e-10 
168.3407382 1.160768e-09 
169.6983356 4.871341e-10 
171.0559844 3.630455e-10 
169.6983937 1.027293e-09 
171.0560088 9.552278e-10 
172.4136314 1.149532e-10 
172.4136619 1.514337e-09 
175.12887 2.004922e-09 
173.7712227 1.151977e-09 
175.1289082 2.192985e-10 
173.7712544 9.201986e-10 
176.4865028 6.284452e-10 
176.4865149 1.210872e-09 
179.2017358 1.674929e-09 
177.84415 1.467051e-09 
179.2017657 2.359155e-10 
177.8441711 6.33484e-10 
180.5593715 1.49798e-09 
180.559411 6.268536e-11 
183.2746245 1.082053e-09 
181.9169912 3.394228e-10 
183.2746676 1.614195e-09 
181.9170284 1.423687e-09 
184.6322062 2.922364e-09 
184.6322428 8.909162e-10 
185.9898562 3.995547e-09 
187.347459 5.427641e-10 
185.989877 3.545236e-11 
187.3475054 2.815264e-09 
188.7051082 1.674495e-09 
188.7051416 1.37973e-09 
191.4203437 1.189065e-09 
190.0626968 1.537753e-09 
191.4203671 2.325105e-10 
190.0627229 4.734095e-10 
192.777942 1.393498e-10 
192.7779996 1.263218e-09 
195.4931544 3.078601e-10 
194.1355782 5.002113e-11 
195.4931999 2.589763e-09 
194.1356375 2.21505e-09 
196.8507982 1.010645e-09 
196.8508291 1.561136e-09 
199.5660325 1.086714e-10 
198.2083957 2.309441e-10 
199.5661046 1.477733e-09 
198.2084713 2.228075e-09 
200.9236039 2.615996e-10 
200.9236736 4.984168e-10 
202.2812365 1.222942e-10 
203.6388933 8.173377e-10 
202.2813195 1.395045e-10 
203.6389574 6.099839e-10 
204.9964994 1.454839e-09 
204.9965881 8.446573e-10 
109.9613595 2.657639e-09 
109.9615452 2.851406e-10 
112.6766241 7.290248e-10 
112.6768033 1.471538e-09 
115.3920743 1.565194e-09 
115.3922326 2.245043e-10 
118.1073357 1.103337e-10 
118.1075059 1.24373e-09 
120.8227758 3.467464e-10 
120.8229213 5.808933e-10 
123.5380334 4.342559e-10 
123.538195 3.663885e-10 
126.2534635 1.27521e-10 
126.2535939 3.709292e-10 
128.9687266 5.466822e-10 
128.9688679 2.608811e-10 
131.6841385 4.268153e-10 
131.684251 4.70773e-10 
134.3994058 1.060182e-09 
134.3995215 2.048104e-10 
137.1147919 1.90753e-09 
137.1148888 4.582513e-10 
139.8300699 1.794684e-09 
139.8301537 5.114785e-10 
142.5454235 1.663454e-09 
142.5455132 4.462661e-10 
145.2606974 1.968194e-09 
145.2607662 5.173011e-11 
147.9760276 9.052862e-10 
147.9761206 1.911184e-09 
150.6913123 2.270775e-09 
150.6913673 4.005729e-10 
153.4066366 1.675141e-10 
153.4067203 1.542327e-09 
156.1219038 1.610045e-10 
156.1219715 1.902545e-09 
158.8372233 7.678003e-10 
158.837304 1.867774e-09 
161.5524933 1.253849e-10 
161.5525476 1.997874e-09 
164.2678145 4.25474e-10 
164.2678566 8.499329e-10 
166.9830672 3.38848e-10 
166.9831228 1.181347e-09 
169.6983702 2.624136e-10 
169.6984039 1.312901e-09 
172.4136025 1.207754e-09 
172.4136522 4.949662e-10 
175.1288931 1.031969e-09 
175.1289152 1.164724e-09 
177.8441282 1.718607e-09 
177.8441644 2.860049e-10 
180.5593926 1.085907e-09 
180.5594253 5.746328e-10 
183.2746103 2.461584e-09 
183.2746445 1.116941e-10 
185.9898619 1.773608e-09 
185.9899014 2.256416e-09 
188.705105 3.121949e-09 
188.7051205 5.971023e-11 
191.42035 3.533378e-10 
191.4203918 1.119619e-09 
194.1355711 7.491555e-10 
194.1356024 1.3069e-09 
196.8508019 7.131185e-11 
196.8508709 3.185067e-09 
199.5660252 6.892113e-10 
199.5660658 4.535471e-10 
202.281273 3.792911e-10 
202.2813524 1.270394e-10 
204.9964422 2.860298e-10 
204.9965505 1.037019e-09 
109.9612598 1.234042e-09 
108.6037046 2.344461e-09 
109.9614529 1.11956e-09 
108.6038983 1.386574e-09 
111.3189661 1.825408e-09 
111.3191491 5.686685e-10 
112.676718 2.217101e-09 
114.0344145 1.762221e-09 
112.6768878 2.316346e-10 
114.0345786 5.426253e-10 
115.3919828 2.347286e-10 
115.3921551 1.448189e-09 
116.7496807 6.906158e-10 
118.1074273 8.848733e-10 
116.7498424 6.086621e-10 
118.1075781 3.830694e-10 
119.4651144 1.083112e-09 
119.4652588 7.001934e-11 
120.8226852 3.250054e-10 
122.1803809 7.268096e-11 
120.822853 9.104219e-10 
122.1805295 8.272596e-10 
123.5381208 9.629512e-11 
123.53826 5.242059e-10 
126.2533812 4.339028e-10 
124.8958046 1.086233e-10 
126.253533 2.052596e-10 
124.8959308 3.603125e-10 
127.6110701 3.926159e-10 
127.6112064 3.68732e-10 
128.9688035 2.058726e-10 
130.326479 1.482008e-10 
128.9689243 4.631688e-10 
130.3265907 6.365716e-10 
131.6840677 7.25417e-10 
131.684198 1.326966e-10 
134.3994674 1.049349e-09 
133.0417435 9.977157e-10 
133.0418607 9.365641e-11 
134.3995726 4.159065e-10 
135.7571268 1.005652e-09 
135.7572304 7.182009e-10 
137.1147408 1.707908e-09 
138.4724048 2.233164e-09 
137.1148394 4.917477e-10 
138.472491 1.725928e-10 
139.8301117 2.222932e-09 
139.8302022 4.466014e-10 
142.5453877 1.591383e-09 
141.1877619 1.079536e-09 
142.5454633 1.713736e-10 
141.1878559 1.133492e-09 
143.9030338 1.921785e-09 
143.9031143 2.535837e-10 
145.2607265 1.033892e-09 
146.6183681 2.570517e-10 
145.2608198 1.114922e-09 
146.6184752 2.020117e-09 
147.9760051 2.878071e-09 
147.9760652 1.790355e-10 
149.333639 1.919422e-09 
150.6913325 6.969012e-10 
149.3337146 1.113679e-09 
150.6914196 1.957626e-09 
152.0489709 5.438525e-11 
152.0490707 1.595921e-09 
153.4066121 6.824604e-10 
154.7642441 8.109667e-11 
153.4066723 9.288618e-10 
154.7643162 1.706755e-09 
156.1219325 4.320243e-10 
156.1220178 1.653274e-09 
158.8371958 1.377332e-10 
157.479569 1.748442e-09 
158.837261 2.639346e-09 
157.4796549 7.756191e-10 
160.1948303 6.157592e-11 
160.1948955 2.573754e-09 
161.5525178 5.395922e-10 
162.9101532 1.03e-09 
161.5525808 1.432451e-09 
162.9102035 4.175047e-10 
164.267787 1.089631e-10 
164.2678373 1.33389e-09 
165.6254167 2.520918e-10 
166.9831006 5.15959e-10 
165.6254621 1.15581e-09 
166.983134 9.898042e-10 
168.3407216 7.782479e-10 
168.340746 7.295521e-10 
169.6983354 5.092217e-10 
171.0559573 2.912293e-10 
169.6983939 1.063613e-09 
171.0560005 1.234107e-09 
172.4136315 1.143391e-10 
172.4136621 1.556082e-09 
175.1288701 2.040376e-09 
173.7712432 2.0275e-10 
175.1289083 2.18644e-10 
173.771262 1.322585e-09 
176.4864862 1.878458e-09 
176.48651 5.464978e-10 
177.8441503 1.460291e-09 
179.201755 5.425317e-10 
177.8441711 6.517596e-10 
179.2017731 9.378478e-10 
180.5593716 1.532952e-09 
180.5594111 5.726158e-11 
181.9169711 1.819651e-09 
183.2746247 1.078605e-09 
181.9170103 4.589697e-10 
183.2746676 1.633693e-09 
184.6322208 3.396425e-10 
184.6322703 2.875415e-09 
185.9898563 4.002593e-09 
187.3474513 3.322252e-09 
185.989877 3.796117e-11 
187.3474775 5.905209e-10 
188.7051083 1.678467e-09 
188.7051417 1.400597e-09 
191.4203437 1.202825e-09 
190.0627044 1.609138e-10 
191.4203672 2.418938e-10 
190.0627487 1.529526e-09 
192.7779301 3.811509e-10 
192.7779678 1.28924e-09 
194.135578 5.323549e-11 
195.4931677 5.581513e-10 
194.1356377 2.246817e-09 
195.4932418 2.148535e-09 
196.8507979 1.033239e-09 
196.8508291 1.588343e-09 
198.2083794 4.456073e-10 
199.5660323 1.106486e-10 
198.2084291 1.929128e-09 
199.5661048 1.506665e-09 
200.9236388 1.110605e-10 
200.9237051 9.393032e-10 
202.2812362 1.237662e-10 
203.6388317 9.197524e-10 
202.2813196 1.46172e-10 
203.6389324 5.925141e-11 
204.996499 1.511408e-09 
204.9965884 8.648038e-10 
108.6036039 2.424017e-09 
108.603801 2.157077e-10 
111.3190607 2.185495e-09 
111.3192379 9.104127e-10 
114.0343253 1.193855e-09 
114.0344962 6.884727e-10 
116.7497657 1.373017e-09 
116.7499191 1.796539e-10 
119.4650325 2.454159e-10 
119.4651868 8.155293e-10 
122.1804607 5.716077e-10 
122.1805961 2.146969e-10 
124.895727 1.698062e-10 
124.8958696 5.378733e-10 
127.6111449 3.814391e-11 
127.6112625 5.10348e-10 
130.326409 6.538259e-10 
130.3265374 2.72543e-10 
133.0418056 4.670471e-10 
133.0419136 6.701098e-10 
135.7570756 1.612473e-09 
135.7571772 1.405676e-10 
138.4724461 1.274857e-09 
138.4725433 9.943498e-10 
141.1877254 2.281895e-09 
141.1878045 3.624766e-11 
143.9030692 6.466099e-10 
143.903168 1.422956e-09 
146.6183355 2.041809e-09 
146.6184166 8.527722e-10 
149.3336671 5.581679e-11 
149.3337748 2.289038e-09 
152.0489448 7.404773e-10 
152.0490149 1.220551e-09 
154.764274 6.893551e-10 
154.7643656 9.402845e-10 
157.4795368 1.825537e-10 
157.4796105 2.576074e-09 
160.19486 1.691991e-09 
160.1949329 7.445858e-10 
162.9101269 3.634048e-11 
162.9101786 1.634221e-09 
165.6254442 8.259431e-10 
165.6254748 4.407208e-10 
168.3406917 3.716838e-10 
168.3407385 1.194674e-09 
171.0559846 3.611238e-10 
171.0560088 9.774598e-10 
173.7712231 1.164557e-09 
173.7712545 9.457675e-10 
176.4865031 6.315117e-10 
176.4865148 1.238591e-09 
179.2017362 1.700021e-09 
179.2017657 2.441235e-10 
181.9169914 3.369437e-10 
181.9170282 1.437835e-09 
184.6322066 2.942301e-09 
184.6322426 8.882913e-10 
187.347459 5.515747e-10 
187.3475053 2.845219e-09 
190.0626969 1.565118e-09 
190.0627229 4.786505e-10 
192.7779419 1.37012e-10 
192.7779996 1.288492e-09 
195.493154 3.220883e-10 
195.4931999 2.626571e-09 
198.2083954 2.334094e-10 
198.2084714 2.275198e-09 
200.9236036 2.650744e-10 
200.9236737 5.083777e-10 
203.6388931 8.494397e-10 
203.6389576 6.119996e-10 
109.9613598 2.621435e-09 
108.6037047 2.334717e-09 
109.9615452 2.692344e-10 
108.6038981 1.340656e-09 
111.3189662 1.740352e-09 
111.319149 5.72387e-10 
112.6766241 6.558714e-10 
114.0344146 1.754052e-09 
112.6768035 1.479948e-09 
114.0345784 5.07586e-10 
115.3920744 1.532171e-09 
115.3922327 2.249071e-10 
118.1073358 1.025199e-10 
116.7496808 6.318983e-10 
116.7498422 6.276918e-10 
118.1075059 1.263826e-09 
119.4651144 1.060436e-09 
119.4652587 7.223936e-11 
122.1803811 6.462849e-11 
120.8227758 3.266529e-10 
122.1805294 8.431052e-10 
120.8229213 6.11435e-10 
123.5380334 4.66479e-10 
123.5381949 3.693954e-10 
126.2534634 1.416114e-10 
124.8958046 1.002799e-10 
126.253594 3.862743e-10 
124.8959308 3.869161e-10 
127.6110702 4.091793e-10 
127.6112063 3.752826e-10 
128.9687263 5.567641e-10 
130.326479 1.602071e-10 
128.9688678 2.599553e-10 
130.3265906 6.550849e-10 
131.6841382 4.398668e-10 
131.6842511 4.810411e-10 
134.3994052 1.110751e-09 
133.0417434 1.005159e-09 
134.3995215 1.904609e-10 
133.0418608 9.619647e-11 
135.7571268 9.928158e-10 
135.7572304 7.491832e-10 
137.1147915 1.916716e-09 
138.4724046 2.309825e-09 
138.4724912 1.698341e-10 
137.114889 4.894359e-10 
139.8300692 1.903491e-09 
139.8301537 4.812697e-10 
142.5454232 1.689353e-09 
141.187762 1.095298e-09 
142.5455133 4.838908e-10 
141.1878559 1.174031e-09 
143.9030338 1.996008e-09 
143.9031143 2.681551e-10 
145.260697 2.018187e-09 
146.6183682 2.766929e-10 
145.2607661 5.999741e-11 
146.6184751 2.054192e-09 
147.9760275 8.890775e-10 
147.9761206 1.978456e-09 
150.691312 2.255344e-09 
149.3336394 1.918e-09 
149.3337146 1.125079e-09 
150.6913672 4.094885e-10 
152.0489712 4.485826e-11 
152.0490706 1.616338e-09 
154.7642445 9.978574e-11 
153.4066366 1.413112e-10 
154.7643162 1.702213e-09 
153.4067203 1.589839e-09 
156.1219035 1.801188e-10 
156.1219715 1.933283e-09 
158.8372231 8.035132e-10 
157.4795692 1.759073e-09 
158.8373042 1.899874e-09 
157.4796548 7.842084e-10 
160.1948304 8.208361e-11 
160.1948957 2.562234e-09 
161.5524929 1.14666e-10 
162.9101533 1.031666e-09 
161.5525477 2.029022e-09 
162.9102036 4.222209e-10 
164.2678142 4.358493e-10 
164.2678569 8.605133e-10 
166.9830668 3.343853e-10 
165.6254167 2.388389e-10 
166.9831229 1.184382e-09 
165.6254623 1.151234e-09 
168.3407217 7.545096e-10 
168.3407461 7.375179e-10 
171.0559574 2.874491e-10 
169.6983701 2.646315e-10 
171.0560007 1.234589e-09 
169.6984041 1.327368e-09 
172.4136024 1.24186e-09 
172.4136523 4.921776e-10 
175.1288933 1.056867e-09 
173.7712434 2.009582e-10 
175.1289152 1.181746e-09 
173.7712619 1.339924e-09 
176.4864866 1.930052e-09 
176.48651 5.562081e-10 
177.8441283 1.768735e-09 
179.2017553 5.67002e-10 
177.8441645 2.908119e-10 
179.2017729 9.449234e-10 
180.5593929 1.109622e-09 
180.5594252 5.78724e-10 
183.2746104 2.501424e-09 
181.9169716 1.856737e-09 
183.2746445 1.069816e-10 
181.9170101 4.500051e-10 
184.6322209 3.482958e-10 
184.6322701 2.883431e-09 
187.3474517 3.366137e-09 
185.9898621 1.787008e-09 
187.3474774 5.793354e-10 
185.9899013 2.260323e-09 
188.7051051 3.154206e-09 
188.7051205 6.164697e-11 
191.4203499 3.631811e-10 
190.0627044 1.69719e-10 
191.4203919 1.131519e-09 
190.0627487 1.545382e-09 
192.77793 4.067117e-10 
192.7779677 1.290567e-09 
194.1355708 7.876612e-10 
195.4931673 5.481614e-10 
194.1356023 1.313153e-09 
195.4932418 2.186374e-09 
196.8508015 7.24445e-11 
196.8508709 3.231847e-09 
199.566025 7.111593e-10 
198.2083793 4.728084e-10 
199.5660656 4.599985e-10 
198.2084289 1.943429e-09 
200.9236385 1.128306e-10 
200.9237052 9.528892e-10 
203.638831 9.26558e-10 
202.2812726 3.897968e-10 
203.6389325 5.921447e-11 
202.2813525 1.27133e-10 
204.9964414 2.956757e-10 
204.9965504 1.06659e-09 
109.9612596 1.128215e-09 
109.9614531 1.110577e-09 
112.676718 2.140154e-09 
112.6768879 2.2317e-10 
115.3919827 1.88156e-10 
115.3921551 1.434611e-09 
118.1074271 8.227179e-10 
118.1075782 3.884713e-10 
120.8226851 3.516131e-10 
120.8228528 8.793314e-10 
123.5381205 9.57248e-11 
123.53826 5.295261e-10 
126.2533809 4.628853e-10 
126.2535328 2.031924e-10 
128.9688032 2.451382e-10 
128.9689244 4.602364e-10 
131.6840671 7.338166e-10 
131.6841979 1.373218e-10 
134.3994668 1.076337e-09 
134.3995728 4.144277e-10 
137.11474 1.79708e-09 
137.1148393 4.749783e-10 
139.8301111 2.285385e-09 
139.8302024 4.494332e-10 
142.545387 1.670832e-09 
142.5454632 1.785661e-10 
145.2607261 1.077663e-09 
145.2608199 1.133587e-09 
147.9760046 2.869951e-09 
147.9760651 1.78483e-10 
150.6913324 6.634409e-10 
150.6914196 1.968758e-09 
153.4066117 6.745381e-10 
153.4066722 8.998269e-10 
156.1219324 4.28845e-10 
156.1220178 1.643703e-09 
158.8371954 1.54966e-10 
158.8372609 2.614664e-09 
161.5525175 5.532356e-10 
161.552581 1.406461e-09 
164.2677867 8.82981e-11 
164.2678373 1.304992e-09 
166.9831002 5.033774e-10 
166.9831342 9.722953e-10 
169.6983351 5.130453e-10 
169.698394 1.026786e-09 
172.4136314 1.315995e-10 
172.4136622 1.547142e-09 
175.12887 2.077394e-09 
175.1289084 2.196983e-10 
177.8441505 1.516313e-09 
177.844171 6.488416e-10 
180.5593716 1.57697e-09 
180.5594111 6.399657e-11 
183.2746249 1.108084e-09 
183.2746674 1.617173e-09 
185.9898564 4.047695e-09 
185.9898769 3.2401e-11 
188.7051084 1.699577e-09 
188.7051416 1.390955e-09 
191.4203436 1.242581e-09 
191.420367 2.32447e-10 
194.1355777 5.251285e-11 
194.1356376 2.26245e-09 
196.8507978 1.079313e-09 
196.8508288 1.582695e-09 
199.566032 1.160882e-10 
199.5661047 1.518968e-09 
202.2812361 1.240335e-10 
202.2813194 1.528376e-10 
204.9964981 1.545364e-09 
204.9965885 8.515743e-10 
