# c_kinat vs. Position.Y (3040 data points):
# Position.Y c_kinat
-0.0082986 1.979773e-09 
1.3494253 5.72891e-10 
1.3497385 5.653422e-10 
-0.0080093 9.120142e-10 
2.7068406 2.703301e-10 
2.7071433 8.88736e-11 
4.0645921 3.411221e-10 
5.42231 2.777929e-10 
4.0649045 6.294342e-10 
5.4226135 1.447591e-09 
6.7800693 5.538819e-10 
6.7803577 1.850836e-09 
8.1374544 1.675868e-09 
9.495215 4.922096e-10 
8.1377729 1.862801e-09 
9.4955162 2.477236e-09 
10.8529185 2.509557e-10 
10.8532245 2.099978e-09 
13.5680429 9.590476e-10 
12.2106675 2.140875e-10 
13.5683828 3.749514e-10 
12.210976 1.260309e-09 
14.9258012 1.253042e-09 
14.9261407 7.868847e-10 
16.283525 1.116686e-09 
17.6412897 3.46962e-10 
16.283861 1.238046e-09 
17.6416094 2.225041e-09 
18.9986554 3.113523e-09 
18.9990097 1.750055e-10 
20.356424 1.528357e-09 
21.714142 2.820035e-10 
20.3567589 1.098807e-09 
21.7144641 1.328342e-09 
24.4292727 5.887596e-10 
23.071893 2.418266e-11 
24.4296036 1.453516e-10 
23.0722147 5.542608e-10 
25.7870254 4.343662e-10 
25.7873609 2.504515e-10 
27.1447403 3.041466e-10 
28.5025013 1.947749e-10 
28.5028344 4.00661e-10 
27.1450801 3.883059e-10 
29.8598886 8.333882e-10 
29.860222 1.93218e-10 
31.2176508 4.612182e-10 
32.5753695 8.682453e-11 
31.2179768 6.871973e-10 
32.5756866 8.45731e-10 
33.9331225 6.790482e-10 
33.9334371 4.694674e-10 
36.6482808 4.760952e-10 
35.2905288 5.700347e-10 
35.2908308 1.297718e-09 
36.6485852 1.394911e-09 
38.0059885 7.335221e-10 
38.0063028 1.073131e-09 
40.7211537 4.699912e-10 
39.3637455 1.280454e-09 
40.7214637 2.28892e-09 
39.3640589 4.558063e-10 
42.0789143 8.55986e-11 
42.0792198 2.820831e-09 
43.4366334 7.854058e-10 
44.7943897 2.584575e-09 
44.79468 1.05362e-09 
43.4369326 2.46176e-09 
46.1517965 5.036314e-10 
46.152103 4.015522e-09 
47.5095553 1.250706e-10 
48.8672715 7.17244e-10 
47.5098538 4.046883e-09 
48.8675625 2.491575e-09 
50.2250286 1.852781e-09 
50.225313 1.111744e-09 
52.9401899 3.025233e-10 
51.5824251 8.310233e-10 
51.5827421 2.471755e-09 
52.9404978 2.490988e-09 
54.2979101 3.088337e-10 
54.2982039 2.271812e-09 
57.013063 1.623142e-09 
55.655673 4.20994e-10 
57.0133848 1.017303e-09 
55.655946 1.435406e-09 
58.3708323 7.683468e-10 
58.3711329 1.318568e-09 
59.7285504 2.164341e-10 
61.0863062 1.35425e-10 
61.0865788 8.421826e-10 
59.728837 1.099336e-09 
62.4437086 1.023462e-09 
62.4440168 6.5478e-11 
63.8014701 8.887493e-10 
65.1591862 5.659075e-10 
63.8017654 2.304491e-10 
65.1594673 4.127511e-10 
66.5169411 1.841678e-10 
66.517212 4.790109e-10 
69.2321159 7.119099e-10 
67.8743577 8.483265e-10 
67.8746477 6.325134e-11 
69.2323979 7.043868e-11 
70.5898251 4.904303e-10 
70.5900993 2.149649e-10 
73.3050099 5.27794e-10 
71.947579 2.005033e-10 
73.3052839 1.693596e-11 
71.9478445 3.023135e-10 
74.6627649 4.35257e-10 
74.6630337 7.851717e-11 
76.0204706 1.252199e-10 
77.3782221 3.936992e-11 
77.3784862 2.380523e-10 
76.0207391 2.054535e-10 
78.7356654 1.922712e-10 
78.7359295 1.286656e-10 
80.0934162 7.37615e-11 
81.4511221 7.090899e-11 
80.0936802 2.120003e-10 
81.4513842 1.641705e-10 
82.8088731 1.649294e-10 
82.8091326 6.606126e-11 
85.524071 1.069936e-10 
84.1663225 1.046829e-10 
84.1665777 2.635182e-10 
85.5243301 2.782633e-10 
86.8817728 3.523434e-10 
86.8820306 1.918935e-10 
89.5969786 3.366706e-10 
88.2395248 6.49263e-10 
89.5972264 5.559774e-10 
88.239776 2.485913e-10 
90.9547268 9.905513e-10 
90.9549759 2.699231e-10 
92.3124266 1.55335e-09 
93.6701752 1.286031e-09 
93.6704146 1.216455e-09 
92.3126739 3.937968e-10 
95.0276409 1.647382e-09 
95.0278754 6.630785e-10 
96.3853873 2.828578e-09 
97.7430854 3.110118e-09 
96.3856193 2.330832e-10 
97.7433109 9.019757e-10 
99.10083 2.102748e-09 
99.1010463 2.590023e-09 
101.8160547 4.535348e-09 
100.4583105 3.245568e-09 
100.4585221 5.205721e-10 
101.8162604 6.407956e-11 
103.1737458 4.071019e-09 
103.1739415 1.214376e-09 
105.8889803 3.427991e-09 
104.5314852 2.29818e-09 
105.8891662 5.821875e-10 
104.5316701 3.183185e-09 
107.2467198 4.143303e-09 
107.2468955 9.406161e-11 
1.3492838 1.316741e-09 
-0.008436 1.915473e-09 
-0.0081603 8.680867e-10 
1.3495791 3.786221e-11 
2.7069921 3.70804e-10 
2.7072992 1.123233e-10 
5.4221451 1.105374e-09 
4.0647494 1.03935e-10 
5.4224645 5.779694e-10 
4.0650561 7.306431e-10 
6.7799089 5.741556e-10 
6.7802163 2.108753e-09 
8.1376214 3.305143e-10 
9.4953716 8.784063e-10 
8.1379172 2.97676e-09 
9.4956597 1.813453e-09 
10.8527529 1.041202e-09 
10.8530737 1.462278e-09 
12.2105065 3.873324e-10 
13.5682155 1.1249e-10 
12.2108224 1.331224e-09 
13.5685432 1.169667e-09 
14.9259745 2.67199e-10 
14.926298 1.407417e-09 
16.283342 2.248284e-09 
17.6411107 2.434316e-09 
16.2837 2.000659e-10 
17.6414565 8.879144e-10 
18.9988386 1.072092e-09 
18.9991659 1.851905e-09 
21.713969 1.642861e-09 
20.3565968 3.952649e-11 
21.7143068 3.163684e-10 
20.3569106 1.759989e-09 
23.0717273 5.258726e-10 
24.4294376 1.386833e-10 
23.0720561 5.129171e-10 
24.4297689 4.861374e-10 
25.7871916 1.072141e-10 
25.7875257 2.897565e-10 
27.144575 5.340222e-10 
28.5023326 6.568526e-10 
27.1449106 1.925344e-10 
28.5026711 3.135362e-10 
29.8600544 3.091652e-10 
29.8603867 5.571023e-10 
32.5752108 8.104137e-10 
31.2178144 3.780371e-11 
32.5755275 6.268009e-10 
31.2181356 5.441671e-10 
33.9329688 1.873727e-10 
33.9332782 1.263707e-09 
35.2906784 5.03597e-10 
36.6484298 1.280851e-09 
35.2909899 9.325087e-10 
36.648746 4.224925e-10 
38.0058399 5.702264e-10 
38.0061425 1.6392e-09 
39.363594 3.646775e-10 
40.7213082 6.098811e-10 
39.3639012 1.700567e-09 
40.7216192 1.664882e-09 
42.0790681 1.662632e-09 
42.0793696 7.959763e-10 
43.4364748 4.635115e-10 
44.794237 5.679241e-11 
43.4367854 3.515838e-09 
44.7945363 4.075062e-09 
46.1519549 1.06227e-09 
46.1522453 2.64664e-09 
48.8671122 5.478399e-10 
47.5097085 2.770434e-09 
48.8674207 3.330846e-09 
47.5099947 1.070746e-09 
50.2248712 6.520429e-11 
50.2251754 3.273828e-09 
51.5825892 3.337106e-10 
52.9403515 9.832196e-10 
51.5828836 2.433011e-09 
52.9406305 1.280179e-09 
54.2977417 1.425433e-09 
54.2980649 1.75508e-09 
55.6555115 6.942692e-10 
57.0132314 2.423856e-10 
55.6558169 1.900085e-09 
57.0135213 1.820205e-09 
58.3709906 1.668775e-10 
58.3712616 1.232689e-09 
59.7283858 1.317765e-09 
61.086151 7.954606e-10 
59.7287015 4.124448e-10 
61.0864487 6.694296e-10 
62.4438681 3.851896e-10 
62.4441523 5.922663e-10 
65.1590324 9.467273e-10 
63.8016229 1.510759e-10 
65.1593322 8.791288e-12 
63.8018961 6.355069e-10 
66.516792 8.703465e-10 
66.517082 1.106905e-10 
67.8745052 5.987216e-10 
69.23226 2.387883e-10 
67.8747827 3.103849e-10 
69.2325276 3.393103e-10 
70.5896836 6.89911e-10 
70.5899646 5.155529e-11 
71.9474403 5.9329e-10 
73.3051467 2.981942e-10 
71.9477146 3.346951e-11 
73.3054182 2.050272e-10 
74.6628994 8.957251e-11 
74.6631642 2.979489e-10 
76.020337 3.575829e-10 
77.37809 2.330878e-10 
76.0206059 6.843694e-11 
77.3783559 1.613329e-10 
78.7357963 8.793172e-11 
78.7360613 1.692331e-10 
81.4509942 1.3567e-10 
81.4512537 1.51281e-10 
80.093547 6.45904e-11 
80.0938095 1.482413e-10 
82.8087434 7.478048e-12 
82.8090054 2.516456e-10 
84.1664475 9.694231e-11 
85.5241993 3.901138e-10 
84.1667075 1.849536e-10 
85.5244549 6.430723e-11 
86.8816503 1.131647e-10 
86.8819019 4.333759e-10 
88.2393987 4.400557e-10 
89.597099 8.371289e-10 
88.2396535 2.612575e-10 
89.5973529 2.411424e-10 
90.9548498 8.899054e-10 
90.955096 6.472587e-10 
92.3123086 8.55344e-10 
93.6700561 1.77295e-09 
92.3125511 6.323604e-10 
93.6702977 2.935586e-10 
95.0277556 2.355948e-09 
95.0279933 6.386978e-10 
97.7429751 2.516193e-09 
96.385502 1.728601e-09 
97.7431991 5.781647e-10 
96.3857314 1.911939e-09 
99.1007206 3.851495e-09 
99.1009404 1.218116e-10 
100.4584155 3.66525e-09 
101.8161582 2.296515e-09 
100.458627 1.127173e-09 
101.816359 3.071492e-09 
103.1736458 3.580174e-09 
103.1738445 5.359657e-10 
104.5313882 4.6078e-09 
105.8890754 4.030007e-09 
104.5315788 7.045901e-11 
105.8892549 1.158284e-09 
107.2468101 2.093349e-09 
107.24698 2.908101e-09 
-0.0082986 1.979264e-09 
-0.0080093 9.101466e-10 
2.7068406 2.697471e-10 
2.7071433 8.871282e-11 
5.42231 2.779183e-10 
5.4226135 1.446584e-09 
8.1374544 1.680803e-09 
8.137773 1.856896e-09 
10.8529185 2.491659e-10 
10.8532245 2.099744e-09 
13.5680429 9.607632e-10 
13.5683828 3.741087e-10 
16.283525 1.120306e-09 
16.283861 1.237051e-09 
18.9986554 3.113772e-09 
18.9990097 1.749814e-10 
21.714142 2.814604e-10 
21.7144641 1.326733e-09 
24.4292727 5.903984e-10 
24.4296035 1.466267e-10 
27.1447403 2.999591e-10 
27.1450801 3.905051e-10 
29.8598887 8.301596e-10 
29.8602219 1.949492e-10 
32.5753695 8.700403e-11 
32.5756866 8.496698e-10 
35.2905288 5.692418e-10 
35.2908307 1.308337e-09 
38.0059885 7.447089e-10 
38.0063027 1.079403e-09 
40.7211537 4.702078e-10 
40.7214637 2.30636e-09 
43.4366334 7.954939e-10 
43.4369326 2.476064e-09 
46.1517965 5.041528e-10 
46.152103 4.044482e-09 
48.8672716 7.255841e-10 
48.8675625 2.509535e-09 
51.5824251 8.406742e-10 
51.5827422 2.496009e-09 
54.2979102 3.089051e-10 
54.2982039 2.288736e-09 
57.0130631 1.640339e-09 
57.0133849 1.028603e-09 
59.7285505 2.167127e-10 
59.728837 1.108531e-09 
62.4437087 1.04196e-09 
62.4440169 6.638434e-11 
65.1591863 5.738715e-10 
65.1594674 4.175758e-10 
67.8743577 8.652683e-10 
67.8746478 6.323759e-11 
70.5898251 5.007482e-10 
70.5900994 2.161517e-10 
73.3050098 5.383341e-10 
73.305284 1.734944e-11 
76.0204707 1.330225e-10 
76.0207391 2.043862e-10 
78.7356653 1.992551e-10 
78.7359296 1.274001e-10 
81.4511221 7.067198e-11 
81.4513843 1.624644e-10 
84.1663224 1.039147e-10 
84.1665777 2.590104e-10 
86.8817728 3.402188e-10 
86.8820306 1.920702e-10 
89.5969785 3.280447e-10 
89.5972264 5.480759e-10 
92.3124265 1.526074e-09 
92.3126739 3.995522e-10 
95.0276408 1.634497e-09 
95.0278754 6.538705e-10 
97.7430853 3.074219e-09 
97.7433109 9.11111e-10 
100.4583104 3.235619e-09 
100.4585221 5.099708e-10 
103.1737457 4.04335e-09 
103.1739415 1.223441e-09 
105.8889801 3.42964e-09 
105.8891662 5.710895e-10 
-0.008436 1.910935e-09 
1.3494253 5.738078e-10 
-0.0081603 8.692678e-10 
1.3497385 5.644688e-10 
2.7069921 3.702985e-10 
2.7072992 1.120843e-10 
4.0645921 3.415189e-10 
5.422145 1.105843e-09 
5.4224645 5.761078e-10 
4.0649046 6.278779e-10 
6.7800693 5.508414e-10 
6.7803577 1.850278e-09 
9.4952149 4.945423e-10 
8.1376213 3.294838e-10 
9.4955162 2.474557e-09 
8.1379172 2.976149e-09 
10.8527529 1.04221e-09 
10.8530737 1.459996e-09 
13.5682155 1.128794e-10 
12.2106675 2.133178e-10 
12.210976 1.260773e-09 
13.5685432 1.170028e-09 
14.9258012 1.252174e-09 
14.9261406 7.872343e-10 
16.2833419 2.243824e-09 
16.2837 2.004713e-10 
17.6412896 3.457954e-10 
17.6416094 2.22193e-09 
18.9988386 1.067731e-09 
18.9991659 1.850726e-09 
20.356424 1.524581e-09 
21.713969 1.638355e-09 
21.7143067 3.191926e-10 
20.3567589 1.100175e-09 
24.4294376 1.35604e-10 
23.071893 2.475298e-11 
24.4297689 4.869637e-10 
23.0722146 5.531496e-10 
25.7870254 4.323039e-10 
25.7873608 2.51696e-10 
27.1445751 5.333078e-10 
27.1449106 1.925056e-10 
28.5025012 1.901218e-10 
28.5028344 4.017142e-10 
29.8600544 3.019919e-10 
29.8603867 5.601681e-10 
31.2176509 4.556057e-10 
32.5752109 8.069659e-10 
32.5755275 6.353672e-10 
31.2179768 6.929712e-10 
33.9331224 6.889004e-10 
33.9334371 4.716358e-10 
36.6482808 4.826817e-10 
35.2906784 5.121843e-10 
36.6485852 1.405566e-09 
35.2909899 9.386538e-10 
38.00584 5.691707e-10 
38.0061425 1.652866e-09 
40.7213082 6.170376e-10 
39.3637455 1.293683e-09 
40.7216192 1.67412e-09 
39.3640588 4.583575e-10 
42.0789143 8.532694e-11 
42.0792198 2.839703e-09 
43.4364749 4.609113e-10 
43.4367854 3.537044e-09 
44.7943898 2.604923e-09 
44.79468 1.060377e-09 
46.151955 1.071617e-09 
46.1522453 2.661326e-09 
47.5095553 1.27539e-10 
48.8671122 5.563191e-10 
48.8674208 3.35091e-09 
47.5098539 4.072636e-09 
50.2250287 1.868473e-09 
50.225313 1.119881e-09 
52.9401899 3.052035e-10 
51.5825893 3.343082e-10 
52.9404979 2.509078e-09 
51.5828836 2.445893e-09 
54.2977418 1.439708e-09 
54.298065 1.764228e-09 
57.0132315 2.403597e-10 
55.6556731 4.250419e-10 
57.0135213 1.828817e-09 
55.655946 1.442964e-09 
58.3708323 7.754474e-10 
58.3711329 1.326875e-09 
59.7283859 1.334855e-09 
59.7287016 4.144947e-10 
61.0863062 1.386818e-10 
61.0865788 8.485476e-10 
62.4438682 3.925382e-10 
62.4441523 5.957529e-10 
63.8014702 9.039366e-10 
65.1590325 9.638439e-10 
65.1593322 8.29471e-12 
63.8017655 2.31575e-10 
66.5169412 1.884627e-10 
66.5172121 4.836184e-10 
69.2321159 7.260583e-10 
67.8745053 6.110903e-10 
69.2323979 6.928454e-11 
67.8747827 3.109431e-10 
70.5896836 7.015445e-10 
70.5899647 5.132047e-11 
73.3051468 3.07696e-10 
71.9475791 2.048158e-10 
73.3054183 2.049348e-10 
71.9478445 3.043068e-10 
74.6627648 4.456783e-10 
74.6630338 7.77504e-11 
76.0203369 3.654112e-10 
76.020606 6.905548e-11 
77.3782221 4.220953e-11 
77.3784862 2.385026e-10 
78.7357963 9.067849e-11 
78.7360614 1.684007e-10 
80.0934162 7.785996e-11 
81.4509941 1.355958e-10 
81.4512537 1.498799e-10 
80.0936803 2.094569e-10 
82.8088731 1.601644e-10 
82.8091326 6.549584e-11 
85.524071 1.02128e-10 
84.1664474 9.287459e-11 
85.52433 2.748491e-10 
84.1667075 1.831403e-10 
86.8816502 1.077223e-10 
86.8819019 4.306713e-10 
89.5970988 8.28189e-10 
88.2395247 6.382718e-10 
89.597353 2.435807e-10 
88.239776 2.511905e-10 
90.9547268 9.80064e-10 
90.9549758 2.701266e-10 
92.3123085 8.510324e-10 
92.312551 6.309732e-10 
93.6701752 1.267363e-09 
93.6704145 1.222018e-09 
95.0277554 2.34119e-09 
95.0279933 6.436109e-10 
96.3853873 2.811756e-09 
97.742975 2.51483e-09 
97.743199 5.772183e-10 
96.3856193 2.353963e-10 
99.10083 2.083489e-09 
99.1010462 2.59632e-09 
101.8160547 4.527485e-09 
100.4584154 3.660181e-09 
101.8162603 6.493666e-11 
100.458627 1.129786e-09 
103.1736457 3.591728e-09 
103.1738444 5.352283e-10 
105.8890753 4.042561e-09 
104.5314851 2.289544e-09 
105.8892549 1.159664e-09 
104.5316701 3.190572e-09 
107.2467198 4.148074e-09 
107.2468954 9.486719e-11 
1.3492837 1.318914e-09 
1.3495791 3.764462e-11 
4.0647493 1.033524e-10 
4.0650561 7.293269e-10 
6.7799088 5.741117e-10 
6.7802163 2.107153e-09 
9.4953716 8.776886e-10 
9.4956597 1.813483e-09 
12.2105064 3.870438e-10 
12.2108223 1.332365e-09 
14.9259745 2.659051e-10 
14.9262979 1.40645e-09 
17.6411107 2.424553e-09 
17.6414565 8.892065e-10 
20.3565968 3.872312e-11 
20.3569105 1.757681e-09 
23.0717273 5.208062e-10 
23.0720561 5.156267e-10 
25.7871916 1.044405e-10 
25.7875257 2.900277e-10 
28.5023326 6.499583e-10 
28.5026711 3.161393e-10 
31.2178144 3.950349e-11 
31.2181357 5.457945e-10 
33.9329689 1.880694e-10 
33.9332782 1.273824e-09 
36.6484298 1.289255e-09 
36.648746 4.242631e-10 
39.363594 3.615569e-10 
39.3639013 1.711839e-09 
42.0790682 1.672196e-09 
42.0793696 7.993588e-10 
44.794237 5.864008e-11 
44.7945363 4.089782e-09 
47.5097085 2.781791e-09 
47.5099947 1.076041e-09 
50.2248712 6.943542e-11 
50.2251755 3.282578e-09 
52.9403515 9.847386e-10 
52.9406306 1.283973e-09 
55.6555115 6.973098e-10 
55.655817 1.903441e-09 
58.3709906 1.689023e-10 
58.3712617 1.235211e-09 
61.0861509 8.057267e-10 
61.0864487 6.703611e-10 
63.8016228 1.567598e-10 
63.8018961 6.373007e-10 
66.516792 8.833496e-10 
66.517082 1.08521e-10 
69.23226 2.423006e-10 
69.2325276 3.401044e-10 
71.9474403 6.023367e-10 
71.9477146 3.221577e-11 
74.6628994 9.280877e-11 
74.6631641 2.994733e-10 
77.37809 2.38678e-10 
77.3783559 1.608791e-10 
80.093547 6.331884e-11 
80.0938094 1.479375e-10 
82.8087434 6.167198e-12 
82.8090054 2.489545e-10 
85.5241992 3.869636e-10 
85.5244549 6.513846e-11 
88.2393987 4.418328e-10 
88.2396534 2.601374e-10 
90.9548497 8.869552e-10 
90.9550959 6.511952e-10 
93.6700561 1.775022e-09 
93.6702976 2.950731e-10 
96.3855019 1.727617e-09 
96.3857314 1.914196e-09 
99.1007206 3.86149e-09 
99.1009403 1.21547e-10 
101.8161581 2.307496e-09 
101.816359 3.071988e-09 
104.5313882 4.634577e-09 
104.5315787 6.892641e-11 
107.2468101 2.112773e-09 
107.2469799 2.909031e-09 
-0.0082986 1.981545e-09 
1.3494253 5.740334e-10 
1.3497385 5.652449e-10 
-0.0080093 9.101761e-10 
2.7068406 2.698415e-10 
2.7071433 8.836588e-11 
4.064592 3.397225e-10 
5.42231 2.770383e-10 
4.0649046 6.279562e-10 
5.4226135 1.445834e-09 
6.7800692 5.520458e-10 
6.7803577 1.848946e-09 
8.1374544 1.678566e-09 
9.4952149 4.935124e-10 
8.137773 1.856982e-09 
9.4955162 2.477335e-09 
10.8529185 2.494216e-10 
10.8532245 2.100436e-09 
13.5680428 9.577087e-10 
12.2106674 2.14972e-10 
13.5683828 3.749242e-10 
12.210976 1.260403e-09 
14.9258012 1.245192e-09 
14.9261406 7.881674e-10 
16.283525 1.114875e-09 
17.6412897 3.418554e-10 
16.283861 1.237418e-09 
17.6416093 2.22119e-09 
18.9986553 3.103404e-09 
18.9990097 1.765914e-10 
20.356424 1.51324e-09 
21.714142 2.758953e-10 
20.3567588 1.103176e-09 
21.7144641 1.327137e-09 
24.4292727 5.870864e-10 
24.4296035 1.487396e-10 
23.071893 2.539207e-11 
23.0722146 5.532064e-10 
25.7870254 4.271159e-10 
25.7873608 2.530052e-10 
27.1447403 2.930424e-10 
28.5025012 1.882134e-10 
27.1450801 3.913982e-10 
28.5028344 4.016039e-10 
29.8598887 8.275978e-10 
29.8602219 1.970118e-10 
31.2176509 4.538052e-10 
32.5753695 8.868855e-11 
31.2179768 6.979605e-10 
32.5756866 8.538468e-10 
33.9331224 6.914263e-10 
33.9334372 4.730722e-10 
35.2905289 5.696889e-10 
36.6482808 4.771302e-10 
35.2908307 1.317954e-09 
36.6485852 1.412433e-09 
38.0059886 7.473619e-10 
38.0063027 1.084027e-09 
40.7211538 4.627017e-10 
40.7214637 2.31547e-09 
39.3637455 1.292745e-09 
39.3640589 4.589513e-10 
42.0789143 8.127028e-11 
42.0792198 2.842435e-09 
43.4366335 7.994206e-10 
44.7943899 2.604544e-09 
43.4369326 2.482754e-09 
44.79468 1.061373e-09 
46.1517965 5.097601e-10 
46.1521031 4.05317e-09 
47.5095553 1.329451e-10 
48.8672717 7.268488e-10 
47.5098539 4.067492e-09 
48.8675625 2.514374e-09 
50.2250287 1.863093e-09 
50.2253131 1.119559e-09 
51.5824252 8.494838e-10 
52.9401898 3.069059e-10 
51.5827423 2.494892e-09 
52.9404979 2.499529e-09 
54.2979103 3.045443e-10 
54.298204 2.289927e-09 
57.0130631 1.649438e-09 
57.0133849 1.025528e-09 
55.655673 4.212194e-10 
55.655946 1.440052e-09 
58.3708322 7.781238e-10 
58.3711329 1.322239e-09 
59.7285505 2.19675e-10 
61.0863061 1.430408e-10 
59.728837 1.108596e-09 
61.0865789 8.45994e-10 
62.4437087 1.051824e-09 
62.4440169 6.596057e-11 
63.8014701 9.099619e-10 
65.1591863 5.843354e-10 
63.8017654 2.291057e-10 
65.1594674 4.157238e-10 
66.5169411 1.917293e-10 
66.5172121 4.806399e-10 
67.8743577 8.722663e-10 
69.2321159 7.293354e-10 
67.8746478 6.220188e-11 
69.2323979 6.685295e-11 
70.5898251 5.085956e-10 
70.5900994 2.148018e-10 
73.3050098 5.428921e-10 
73.305284 1.765946e-11 
71.947579 2.060113e-10 
71.9478445 3.043917e-10 
74.6627649 4.481821e-10 
74.6630337 7.796396e-11 
76.0204707 1.362004e-10 
77.3782221 4.165684e-11 
76.0207391 2.052908e-10 
77.3784861 2.393764e-10 
78.7356653 2.000265e-10 
78.7359296 1.284555e-10 
80.0934162 7.608935e-11 
81.451122 6.859815e-11 
80.0936802 2.094311e-10 
81.4513843 1.612545e-10 
82.8088731 1.600156e-10 
82.8091325 6.529179e-11 
84.1663223 9.795581e-11 
85.524071 1.061461e-10 
84.1665777 2.59485e-10 
85.5243299 2.740647e-10 
86.8817726 3.424775e-10 
86.8820306 1.916651e-10 
89.5969784 3.290042e-10 
89.5972263 5.524162e-10 
88.2395247 6.447157e-10 
88.2397759 2.531233e-10 
90.9547268 9.947399e-10 
90.9549758 2.709764e-10 
92.3124264 1.532818e-09 
93.6701751 1.281223e-09 
92.3126739 4.010076e-10 
93.6704145 1.222227e-09 
95.0276407 1.641203e-09 
95.0278753 6.614944e-10 
96.3853874 2.834593e-09 
97.7430852 3.090023e-09 
96.3856192 2.34737e-10 
97.7433109 9.084266e-10 
99.1008299 2.109426e-09 
99.1010462 2.59169e-09 
100.4583103 3.252555e-09 
101.8160547 4.566442e-09 
100.458522 5.188879e-10 
101.8162603 6.193958e-11 
103.1737456 4.07843e-09 
103.1739415 1.216999e-09 
105.8889801 3.456876e-09 
105.8891662 5.818786e-10 
104.5314851 2.325379e-09 
104.53167 3.184029e-09 
107.2467199 4.19142e-09 
107.2468954 9.25829e-11 
-0.008436 1.913889e-09 
-0.0081603 8.703162e-10 
2.7069921 3.698333e-10 
2.7072992 1.120127e-10 
5.422145 1.102001e-09 
5.4224645 5.773078e-10 
8.1376213 3.300699e-10 
8.1379172 2.976937e-09 
10.8527529 1.038202e-09 
10.8530737 1.463995e-09 
13.5682155 1.111438e-10 
13.5685431 1.170593e-09 
16.2833419 2.236418e-09 
16.2836999 2.002927e-10 
18.9988386 1.058467e-09 
18.9991659 1.852219e-09 
21.713969 1.629864e-09 
21.7143067 3.220078e-10 
24.4294376 1.321873e-10 
24.4297689 4.875242e-10 
27.1445751 5.304639e-10 
27.1449106 1.924238e-10 
29.8600544 3.000954e-10 
29.8603867 5.603235e-10 
32.5752109 8.101682e-10 
32.5755275 6.383635e-10 
35.2906784 5.119301e-10 
35.2909899 9.406355e-10 
38.0058401 5.628114e-10 
38.0061425 1.653811e-09 
40.7213083 6.12469e-10 
40.7216192 1.67341e-09 
43.4364749 4.602179e-10 
43.4367855 3.53222e-09 
46.1519551 1.069769e-09 
46.1522453 2.657358e-09 
48.8671122 5.621051e-10 
48.8674208 3.337146e-09 
51.5825893 3.289678e-10 
51.5828836 2.437286e-09 
54.2977418 1.439525e-09 
54.298065 1.74941e-09 
57.0132315 2.392028e-10 
57.0135214 1.821102e-09 
59.7283859 1.333213e-09 
59.7287016 4.101331e-10 
62.4438682 3.98039e-10 
62.4441523 5.909526e-10 
65.1590325 9.613841e-10 
65.1593322 7.844633e-12 
67.8745052 6.145768e-10 
67.8747827 3.068217e-10 
70.5896836 6.980258e-10 
70.5899646 5.040561e-11 
73.3051467 3.075854e-10 
73.3054182 2.052929e-10 
76.0203369 3.640091e-10 
76.0206059 7.019053e-11 
78.7357962 8.75936e-11 
78.7360613 1.694949e-10 
81.450994 1.293208e-10 
81.4512536 1.520486e-10 
84.1664474 9.55361e-11 
84.1667075 1.824044e-10 
86.8816501 1.076333e-10 
86.8819018 4.36438e-10 
89.5970988 8.451822e-10 
89.5973529 2.429927e-10 
92.3123084 8.621033e-10 
92.312551 6.429272e-10 
95.0277553 2.371508e-09 
95.0279933 6.385755e-10 
97.7429749 2.533468e-09 
97.743199 5.914145e-10 
100.4584154 3.706369e-09 
100.458627 1.118896e-09 
103.1736457 3.617709e-09 
103.1738444 5.522945e-10 
105.8890753 4.096321e-09 
105.8892549 1.147788e-09 
1.3492837 1.321073e-09 
-0.0082986 1.983462e-09 
1.3495791 3.773205e-11 
-0.0080093 9.120633e-10 
2.7068406 2.704881e-10 
2.7071433 8.831246e-11 
5.42231 2.763699e-10 
4.0647493 1.038971e-10 
4.0650561 7.287191e-10 
5.4226135 1.446376e-09 
6.7799089 5.710463e-10 
6.7802163 2.110845e-09 
8.1374544 1.672251e-09 
8.1377729 1.862938e-09 
9.4953716 8.82608e-10 
9.4956597 1.812592e-09 
10.8529185 2.513753e-10 
10.8532245 2.101093e-09 
12.2105065 3.841905e-10 
13.5680429 9.540997e-10 
13.5683828 3.762759e-10 
12.2108223 1.334338e-09 
14.9259745 2.63232e-10 
14.9262979 1.4065e-09 
17.6411107 2.414197e-09 
16.283525 1.107915e-09 
17.6414565 8.910652e-10 
16.283861 1.238638e-09 
18.9986554 3.096738e-09 
18.9990097 1.776203e-10 
21.714142 2.730081e-10 
20.3565968 3.832887e-11 
20.3569105 1.759388e-09 
21.7144641 1.328995e-09 
23.0717273 5.155396e-10 
24.4292727 5.833946e-10 
24.4296036 1.487578e-10 
23.0720561 5.168242e-10 
25.7871916 1.042358e-10 
25.7875257 2.892953e-10 
28.5023326 6.485558e-10 
27.1447403 2.929163e-10 
28.5026711 3.168359e-10 
27.1450801 3.89754e-10 
29.8598887 8.292516e-10 
29.8602219 1.965204e-10 
32.5753695 8.95025e-11 
31.2178144 4.00336e-11 
31.2181357 5.458117e-10 
32.5756866 8.524941e-10 
33.9329688 1.85901e-10 
33.9332782 1.275377e-09 
35.2905289 5.708474e-10 
36.6484298 1.281666e-09 
35.2908308 1.313229e-09 
36.6487461 4.239899e-10 
38.0059886 7.37814e-10 
38.0063028 1.080604e-09 
39.363594 3.514832e-10 
40.7211538 4.580097e-10 
40.7214637 2.303621e-09 
39.3639013 1.70883e-09 
42.0790682 1.661862e-09 
42.0793697 7.971481e-10 
44.7942369 6.066165e-11 
43.4366336 7.91798e-10 
44.7945363 4.073657e-09 
43.4369326 2.472541e-09 
46.1517966 5.128103e-10 
46.1521031 4.029541e-09 
48.8672717 7.193502e-10 
47.5097085 2.766412e-09 
47.5099948 1.072154e-09 
48.8675625 2.499386e-09 
50.2248711 7.192176e-11 
50.2251755 3.260116e-09 
51.5824251 8.451863e-10 
52.9403515 9.731363e-10 
51.5827423 2.469948e-09 
52.9406306 1.276887e-09 
54.2979102 3.018125e-10 
54.298204 2.273742e-09 
55.6555114 6.958235e-10 
57.013063 1.637685e-09 
57.0133849 1.012403e-09 
55.655817 1.887515e-09 
58.3709905 1.679716e-10 
58.3712617 1.228286e-09 
61.0861508 8.036047e-10 
59.7285504 2.212209e-10 
61.0864487 6.652671e-10 
59.728837 1.099434e-09 
62.4437086 1.039331e-09 
62.4440169 6.483413e-11 
65.1591862 5.827254e-10 
63.8016227 1.591259e-10 
63.8018961 6.307861e-10 
65.1594674 4.097888e-10 
66.5167919 8.782757e-10 
66.5170819 1.06005e-10 
67.8743577 8.594992e-10 
69.2322599 2.414534e-10 
67.8746477 6.15751e-11 
69.2325275 3.36407e-10 
70.5898251 5.029995e-10 
70.5900993 2.128133e-10 
71.9474404 5.977831e-10 
73.3050098 5.351116e-10 
73.3052839 1.738638e-11 
71.9477145 3.171658e-11 
74.6628994 9.066315e-11 
74.6631641 2.999144e-10 
77.37809 2.341353e-10 
76.0204706 1.302145e-10 
77.3783557 1.622656e-10 
76.0207391 2.069439e-10 
78.7356653 1.935723e-10 
78.7359295 1.303192e-10 
81.451122 6.749792e-11 
80.0935469 6.250646e-11 
80.0938093 1.481399e-10 
81.4513842 1.622274e-10 
82.8087434 5.883448e-12 
82.8090053 2.503486e-10 
84.1663223 9.512341e-11 
85.5241992 3.947468e-10 
84.1665776 2.642645e-10 
85.5244548 6.558182e-11 
86.8817726 3.560151e-10 
86.8820306 1.91224e-10 
88.2393987 4.566923e-10 
89.5969784 3.382149e-10 
89.5972263 5.630462e-10 
88.2396534 2.614038e-10 
90.9548496 9.061304e-10 
90.9550959 6.502511e-10 
93.6700561 1.801824e-09 
92.3124264 1.564363e-09 
93.6702976 2.945919e-10 
92.3126739 3.961411e-10 
95.0276407 1.658016e-09 
95.0278753 6.755298e-10 
97.7430852 3.135863e-09 
96.3855019 1.759735e-09 
96.3857314 1.908168e-09 
97.7433109 8.976091e-10 
99.1007206 3.901069e-09 
99.1009403 1.184105e-10 
100.4583103 3.272717e-09 
101.8161581 2.348912e-09 
100.458522 5.351777e-10 
101.816359 3.061611e-09 
103.1737456 4.127933e-09 
103.1739415 1.203936e-09 
104.5313883 4.678623e-09 
105.8889801 3.471747e-09 
105.8891662 5.998633e-10 
104.5315787 6.572657e-11 
107.2468101 2.150901e-09 
107.2469799 2.898248e-09 
1.3494253 5.732541e-10 
1.3497385 5.665995e-10 
4.064592 3.382203e-10 
4.0649045 6.295602e-10 
6.7800693 5.558377e-10 
6.7803577 1.848679e-09 
9.495215 4.90549e-10 
9.4955162 2.481736e-09 
12.2106675 2.167778e-10 
12.210976 1.259709e-09 
14.9258013 1.241745e-09 
14.9261406 7.884012e-10 
17.6412897 3.405895e-10 
17.6416094 2.223842e-09 
20.356424 1.509992e-09 
20.3567589 1.10366e-09 
23.071893 2.518039e-11 
23.0722147 5.543604e-10 
25.7870254 4.259372e-10 
25.7873609 2.525593e-10 
28.5025013 1.916456e-10 
28.5028345 4.004958e-10 
31.2176508 4.583286e-10 
31.2179769 6.952471e-10 
33.9331225 6.831252e-10 
33.9334372 4.717958e-10 
36.6482808 4.672243e-10 
36.6485853 1.405986e-09 
39.3637455 1.278939e-09 
39.3640589 4.567561e-10 
42.0789143 7.911933e-11 
42.0792198 2.825247e-09 
44.7943898 2.583971e-09 
44.7946801 1.055211e-09 
47.5095553 1.337741e-10 
47.5098539 4.0386e-09 
50.2250286 1.844148e-09 
50.2253131 1.111224e-09 
52.9401898 3.051786e-10 
52.9404979 2.475578e-09 
55.655673 4.148266e-10 
55.655946 1.430719e-09 
58.3708321 7.725344e-10 
58.3711329 1.311143e-09 
61.086306 1.424376e-10 
61.0865788 8.380626e-10 
63.80147 8.984338e-10 
63.8017654 2.264723e-10 
66.516941 1.893452e-10 
66.517212 4.742255e-10 
69.2321159 7.171885e-10 
69.2323978 6.648898e-11 
71.9475789 2.023866e-10 
71.9478444 3.024839e-10 
74.6627649 4.393866e-10 
74.6630336 7.883796e-11 
77.378222 3.849346e-11 
77.3784861 2.39467e-10 
80.0934162 7.103848e-11 
80.0936801 2.119328e-10 
82.808873 1.647878e-10 
82.8091325 6.570225e-11 
85.524071 1.135589e-10 
85.5243299 2.770116e-10 
88.2395247 6.598746e-10 
88.2397759 2.51661e-10 
90.9547268 1.014254e-09 
90.9549758 2.713811e-10 
93.6701751 1.308697e-09 
93.6704145 1.216732e-09 
96.3853874 2.865377e-09 
96.3856192 2.321434e-10 
99.10083 2.144972e-09 
99.1010462 2.582466e-09 
101.8160548 4.598221e-09 
101.8162603 5.937919e-11 
104.5314852 2.356365e-09 
104.53167 3.172546e-09 
107.2467199 4.213222e-09 
107.2468954 9.051095e-11 
1.3492837 1.320231e-09 
-0.008436 1.92026e-09 
-0.0081604 8.697847e-10 
1.3495791 3.800441e-11 
2.7069921 3.700514e-10 
2.7072992 1.122075e-10 
5.4221451 1.099161e-09 
4.0647493 1.048193e-10 
5.4224644 5.799129e-10 
4.0650561 7.296594e-10 
6.7799089 5.691958e-10 
6.7802163 2.114732e-09 
8.1376214 3.314741e-10 
9.4953716 8.863736e-10 
8.1379172 2.978035e-09 
9.4956597 1.812011e-09 
10.8527529 1.034713e-09 
10.8530737 1.468758e-09 
12.2105065 3.827141e-10 
13.5682155 1.096923e-10 
12.2108223 1.334425e-09 
13.5685431 1.170586e-09 
14.9259745 2.62869e-10 
14.926298 1.407502e-09 
16.283342 2.23629e-09 
17.6411108 2.417547e-09 
16.2836999 1.997854e-10 
17.6414565 8.909211e-10 
18.9988387 1.057088e-09 
18.9991659 1.854323e-09 
21.7139691 1.629116e-09 
20.3565969 3.885999e-11 
21.7143068 3.209098e-10 
20.3569106 1.76276e-09 
23.0717273 5.173299e-10 
24.4294377 1.331003e-10 
23.0720562 5.148514e-10 
24.4297689 4.870538e-10 
25.7871916 1.068668e-10 
25.7875258 2.885816e-10 
27.1445751 5.294246e-10 
28.5023325 6.546125e-10 
27.1449107 1.92369e-10 
28.5026712 3.146535e-10 
29.8600544 3.060599e-10 
29.8603868 5.573573e-10 
32.5752108 8.156697e-10 
31.2178145 3.867995e-11 
32.5755276 6.316228e-10 
31.2181357 5.441907e-10 
33.9329688 1.839283e-10 
33.9332783 1.266209e-09 
35.2906785 5.031982e-10 
36.6484298 1.268618e-09 
35.2909899 9.356985e-10 
36.6487461 4.220317e-10 
38.00584 5.600152e-10 
38.0061425 1.640712e-09 
39.3635939 3.48347e-10 
40.7213083 6.025196e-10 
39.3639013 1.695709e-09 
40.7216192 1.663728e-09 
42.0790682 1.645927e-09 
42.0793697 7.923955e-10 
43.4364749 4.623237e-10 
44.7942369 5.992058e-11 
43.4367854 3.508049e-09 
44.7945363 4.049068e-09 
46.151955 1.059273e-09 
46.1522453 2.640222e-09 
48.8671122 5.570566e-10 
47.5097085 2.745577e-09 
48.8674208 3.308677e-09 
47.5099948 1.064456e-09 
50.2248711 6.909833e-11 
50.2251754 3.237559e-09 
51.5825893 3.250528e-10 
52.9403514 9.644671e-10 
51.5828836 2.419109e-09 
52.9406306 1.26875e-09 
54.2977417 1.425068e-09 
54.2980649 1.731165e-09 
55.6555114 6.917735e-10 
57.0132314 2.404426e-10 
55.6558169 1.874333e-09 
57.0135213 1.807794e-09 
58.3709905 1.652917e-10 
58.3712616 1.221527e-09 
59.7283858 1.315021e-09 
61.0861508 7.91997e-10 
59.7287015 4.053997e-10 
61.0864486 6.61201e-10 
62.4438681 3.93997e-10 
62.4441523 5.845322e-10 
65.1590324 9.428099e-10 
63.8016227 1.548317e-10 
65.1593321 8.012291e-12 
63.801896 6.249802e-10 
66.5167919 8.622859e-10 
66.5170818 1.065814e-10 
67.8745052 6.042617e-10 
69.2322598 2.373991e-10 
67.8747827 3.03729e-10 
69.2325275 3.333451e-10 
70.5896836 6.843351e-10 
70.5899645 5.00247e-11 
71.9474404 5.860664e-10 
73.3051467 2.980425e-10 
71.9477144 3.262415e-11 
73.3054182 2.056012e-10 
74.6628993 8.620272e-11 
74.663164 2.986367e-10 
76.020337 3.554103e-10 
77.37809 2.259041e-10 
76.0206059 7.026315e-11 
77.3783557 1.635614e-10 
78.7357962 8.307468e-11 
78.7360613 1.709643e-10 
81.4509941 1.255327e-10 
80.0935469 6.341836e-11 
81.4512536 1.548473e-10 
80.0938093 1.485109e-10 
82.8087434 7.056929e-12 
82.8090053 2.539216e-10 
84.1664474 1.01431e-10 
85.5241992 4.028864e-10 
84.1667075 1.837185e-10 
85.5244548 6.496507e-11 
86.8816502 1.128527e-10 
86.8819018 4.42844e-10 
88.2393988 4.640327e-10 
89.5970988 8.648307e-10 
88.2396534 2.633734e-10 
89.5973529 2.40157e-10 
90.9548497 9.210887e-10 
90.9550959 6.456811e-10 
92.3123085 8.72979e-10 
93.6700561 1.816219e-09 
92.312551 6.518945e-10 
93.6702977 2.928537e-10 
95.0277554 2.405165e-09 
95.0279932 6.305435e-10 
97.742975 2.54607e-09 
96.385502 1.780674e-09 
97.743199 6.013392e-10 
96.3857314 1.902183e-09 
99.1007206 3.915387e-09 
99.1009404 1.167985e-10 
100.4584155 3.740069e-09 
101.8161582 2.363528e-09 
100.4586269 1.109574e-09 
101.816359 3.054716e-09 
103.1736458 3.621964e-09 
103.1738444 5.637326e-10 
104.5313883 4.678996e-09 
105.8890754 4.116973e-09 
104.5315788 6.53193e-11 
105.8892549 1.139117e-09 
107.2468102 2.154906e-09 
107.24698 2.890702e-09 
-0.0082986 1.982365e-09 
-0.0080093 9.132013e-10 
2.7068406 2.707904e-10 
2.7071432 8.862611e-11 
5.42231 2.768392e-10 
5.4226135 1.447462e-09 
8.1374544 1.670582e-09 
8.1377729 1.866539e-09 
10.8529185 2.523287e-10 
10.8532245 2.100812e-09 
13.5680429 9.54924e-10 
13.5683828 3.762982e-10 
16.2835251 1.10903e-09 
16.283861 1.239028e-09 
18.9986555 3.102991e-09 
18.9990097 1.766358e-10 
21.714142 2.767568e-10 
21.7144641 1.329744e-09 
24.4292727 5.844276e-10 
24.4296036 1.466534e-10 
27.1447403 2.997603e-10 
27.1450801 3.878472e-10 
29.8598887 8.328468e-10 
29.860222 1.941672e-10 
32.5753695 8.836032e-11 
32.5756866 8.474717e-10 
35.2905288 5.710857e-10 
35.2908308 1.300729e-09 
38.0059886 7.292796e-10 
38.0063028 1.073862e-09 
40.7211538 4.624667e-10 
40.7214637 2.287219e-09 
43.4366335 7.83131e-10 
43.4369326 2.459587e-09 
46.1517965 5.089007e-10 
46.152103 4.006332e-09 
48.8672716 7.133876e-10 
48.8675625 2.485306e-09 
51.5824251 8.337473e-10 
51.5827422 2.455706e-09 
54.2979101 3.044191e-10 
54.2982039 2.262579e-09 
57.0130629 1.621445e-09 
57.0133848 1.007311e-09 
59.7285504 2.191686e-10 
59.728837 1.093748e-09 
62.4437086 1.021824e-09 
62.4440168 6.450733e-11 
65.1591862 5.713151e-10 
65.1594673 4.079508e-10 
67.8743577 8.448322e-10 
67.8746477 6.218834e-11 
70.589825 4.9179e-10 
70.5900993 2.129059e-10 
73.3050099 5.258643e-10 
73.3052838 1.69365e-11 
76.0204706 1.235403e-10 
76.020739 2.070194e-10 
78.7356654 1.888076e-10 
78.7359295 1.304828e-10 
81.451122 6.904899e-11 
81.4513842 1.639965e-10 
84.1663224 9.920291e-11 
84.1665776 2.668267e-10 
86.8817727 3.622286e-10 
86.8820306 1.913452e-10 
89.5969785 3.428084e-10 
89.5972264 5.653323e-10 
92.3124265 1.577132e-09 
92.3126739 3.916746e-10 
95.0276408 1.661738e-09 
95.0278754 6.765926e-10 
97.7430853 3.148293e-09 
97.7433109 8.936371e-10 
100.4583105 3.268335e-09 
100.4585221 5.362657e-10 
103.1737457 4.123321e-09 
103.1739415 1.20234e-09 
105.8889803 3.453854e-09 
105.8891662 6.000427e-10 
-0.008436 1.921235e-09 
1.3494253 5.725484e-10 
-0.0081604 8.684063e-10 
1.3497385 5.666589e-10 
2.7069921 3.706518e-10 
2.7072992 1.123992e-10 
4.0645921 3.390826e-10 
5.4221451 1.101243e-09 
5.4224644 5.803224e-10 
4.0649045 6.304746e-10 
6.7800693 5.569747e-10 
6.7803577 1.849847e-09 
9.495215 4.897429e-10 
8.1376214 3.317475e-10 
9.4955162 2.481679e-09 
8.1379172 2.977928e-09 
10.852753 1.036568e-09 
10.8530737 1.467698e-09 
13.5682156 1.105182e-10 
12.2106675 2.162296e-10 
12.210976 1.259652e-09 
13.5685432 1.170014e-09 
14.9258013 1.246592e-09 
14.9261407 7.876084e-10 
16.283342 2.243629e-09 
16.2837 1.996386e-10 
17.6412897 3.437325e-10 
17.6416094 2.226226e-09 
18.9988387 1.065497e-09 
18.9991659 1.854131e-09 
20.356424 1.519328e-09 
21.7139691 1.637153e-09 
21.7143068 3.174239e-10 
20.3567589 1.100959e-09 
24.4294377 1.371234e-10 
23.071893 2.44294e-11 
23.0722147 5.550161e-10 
24.4297689 4.861959e-10 
25.7870254 4.304289e-10 
25.7873609 2.509815e-10 
27.1445751 5.316276e-10 
27.1449107 1.924528e-10 
28.5025013 1.957187e-10 
28.5028345 3.999114e-10 
29.8600545 3.116994e-10 
29.8603868 5.553645e-10 
31.2176508 4.629407e-10 
32.5752108 8.157961e-10 
32.5755276 6.245036e-10 
31.2179769 6.885975e-10 
33.9331225 6.755009e-10 
33.9334372 4.69558e-10 
36.6482807 4.665565e-10 
35.2906784 4.980631e-10 
36.6485852 1.395168e-09 
35.2909899 9.306746e-10 
38.00584 5.645107e-10 
38.0061425 1.631711e-09 
40.7213082 6.009065e-10 
39.3637455 1.271366e-09 
40.7216192 1.658473e-09 
39.3640589 4.548074e-10 
42.0789143 8.1702e-11 
42.0792198 2.811925e-09 
43.4364748 4.642624e-10 
43.4367854 3.497942e-09 
44.7943898 2.571626e-09 
44.79468 1.050426e-09 
46.1519549 1.054602e-09 
46.1522453 2.633624e-09 
47.5095553 1.288277e-10 
48.8671122 5.482328e-10 
48.8674207 3.304809e-09 
47.5098538 4.025916e-09 
50.2250285 1.837781e-09 
50.2253131 1.106402e-09 
52.9401898 3.024551e-10 
51.5825892 3.279623e-10 
52.9404978 2.470304e-09 
51.5828836 2.416466e-09 
54.2977417 1.416468e-09 
54.2980649 1.734639e-09 
57.0132314 2.423882e-10 
55.6556729 4.146554e-10 
57.0135213 1.807245e-09 
55.655946 1.427872e-09 
58.3708322 7.664892e-10 
58.3711328 1.308861e-09 
59.7283857 1.305547e-09 
59.7287015 4.067867e-10 
61.0863061 1.376966e-10 
61.0865788 8.357162e-10 
62.443868 3.860972e-10 
62.4441522 5.853333e-10 
63.8014701 8.853935e-10 
65.1590324 9.338289e-10 
65.1593321 8.583384e-12 
63.8017653 2.272844e-10 
66.5169411 1.846737e-10 
66.517212 4.732166e-10 
69.2321159 7.065246e-10 
67.8745051 5.945411e-10 
69.2323978 6.868427e-11 
67.8747826 3.059087e-10 
70.5896836 6.793943e-10 
70.5899645 5.075456e-11 
73.3051467 2.923253e-10 
71.9475789 1.990334e-10 
73.3054182 2.054192e-10 
71.9478444 3.011876e-10 
74.6627649 4.31467e-10 
74.6630336 7.917268e-11 
76.0203371 3.514326e-10 
76.0206059 6.921279e-11 
77.378222 3.715051e-11 
77.3784861 2.386185e-10 
78.7357962 8.335352e-11 
78.7360613 1.707874e-10 
80.0934162 6.962217e-11 
81.4509942 1.294141e-10 
81.4512536 1.54402e-10 
80.0936801 2.135306e-10 
82.8088731 1.678876e-10 
82.8091325 6.615229e-11 
85.524071 1.140349e-10 
84.1664475 1.023081e-10 
85.52433 2.796283e-10 
84.1667075 1.852957e-10 
86.8816503 1.162285e-10 
86.8819019 4.409444e-10 
89.5970989 8.598211e-10 
88.2395247 6.627236e-10 
89.5973529 2.390217e-10 
88.239776 2.488451e-10 
90.9547268 1.01164e-09 
90.9549758 2.707455e-10 
92.3123086 8.688784e-10 
92.312551 6.453129e-10 
93.6701752 1.311659e-09 
93.6704145 1.213171e-09 
95.0277556 2.395456e-09 
95.0279932 6.306286e-10 
96.3853874 2.861629e-09 
97.7429751 2.535548e-09 
97.7431991 5.930597e-10 
96.3856193 2.31115e-10 
99.10083 2.140786e-09 
99.1010463 2.581466e-09 
101.8160547 4.579002e-09 
100.4584156 3.714553e-09 
101.8162604 6.067667e-11 
100.4586269 1.114704e-09 
103.1736459 3.598933e-09 
103.1738445 5.535154e-10 
105.8890755 4.075901e-09 
104.5314852 2.339433e-09 
105.8892549 1.145608e-09 
104.5316701 3.172059e-09 
107.2467199 4.183507e-09 
107.2468955 9.138449e-11 
1.3492837 1.317554e-09 
1.3495791 3.808457e-11 
4.0647494 1.048409e-10 
4.0650561 7.308486e-10 
6.7799089 5.711142e-10 
6.7802163 2.113439e-09 
9.4953716 8.837702e-10 
9.4956597 1.812544e-09 
12.2105065 3.84654e-10 
12.2108224 1.332497e-09 
14.9259745 2.653127e-10 
14.926298 1.40807e-09 
17.6411107 2.429984e-09 
17.6414565 8.889709e-10 
20.3565969 3.96102e-11 
20.3569106 1.76313e-09 
23.0717273 5.237326e-10 
23.0720562 5.124396e-10 
25.7871916 1.087355e-10 
25.7875257 2.888599e-10 
28.5023326 6.597526e-10 
28.5026712 3.12625e-10 
31.2178145 3.732032e-11 
31.2181357 5.431685e-10 
33.9329688 1.847922e-10 
33.9332783 1.259016e-09 
36.6484298 1.268113e-09 
36.6487461 4.211094e-10 
39.3635939 3.564262e-10 
39.3639013 1.690622e-09 
42.0790681 1.646405e-09 
42.0793697 7.916804e-10 
44.7942369 5.751724e-11 
44.7945362 4.049919e-09 
47.5097084 2.748032e-09 
47.5099947 1.063595e-09 
50.2248711 6.499282e-11 
50.2251754 3.246011e-09 
52.9403514 9.706651e-10 
52.9406305 1.270771e-09 
55.6555115 6.908976e-10 
55.6558169 1.882063e-09 
58.3709905 1.646257e-10 
58.3712616 1.22424e-09 
61.0861509 7.870328e-10 
61.0864486 6.63741e-10 
63.8016228 1.499039e-10 
63.801896 6.278847e-10 
66.516792 8.574049e-10 
66.5170819 1.094778e-10 
69.2322599 2.35809e-10 
69.2325275 3.351141e-10 
71.9474404 5.832845e-10 
71.9477145 3.372165e-11 
74.6628994 8.553911e-11 
74.6631641 2.974125e-10 
77.37809 2.25175e-10 
77.3783558 1.630024e-10 
80.0935469 6.467077e-11 
80.0938094 1.485816e-10 
82.8087434 7.971815e-12 
82.8090054 2.54729e-10 
85.5241993 3.999328e-10 
85.5244549 6.4205e-11 
88.2393988 4.537444e-10 
88.2396535 2.632526e-10 
90.9548498 9.109298e-10 
90.9550959 6.4387e-10 
93.6700561 1.798438e-09 
93.6702977 2.921482e-10 
96.385502 1.761272e-09 
96.3857314 1.904551e-09 
99.1007206 3.884851e-09 
99.1009404 1.188125e-10 
101.8161582 2.330999e-09 
101.8163591 3.060862e-09 
104.5313882 4.635333e-09 
104.5315788 6.815287e-11 
107.2468101 2.119241e-09 
107.24698 2.89681e-09 
108.6044038 3.542439e-09 
109.962133 1.890142e-09 
109.9622892 2.307305e-09 
108.6045674 9.767504e-10 
111.3196423 1.963472e-09 
111.3198063 6.973241e-10 
112.6773759 2.31778e-09 
114.0350521 1.79376e-09 
112.6775255 2.439662e-10 
114.0351911 5.445587e-10 
115.3927738 1.245938e-09 
115.3929076 8.547009e-10 
118.1080198 5.472578e-10 
116.7502914 5.351101e-10 
116.7504386 5.93797e-10 
118.1081534 3.68966e-10 
119.465687 5.825077e-10 
119.4658125 1.95472e-10 
122.1809272 2.831229e-11 
120.8234053 4.530505e-10 
122.1810628 4.349679e-10 
120.8235266 1.253573e-10 
123.5386483 3.405265e-11 
123.5387756 3.197103e-10 
124.8963115 2.784677e-11 
126.254024 8.662628e-11 
126.2541415 1.821532e-10 
124.8964296 2.280335e-10 
127.6115501 3.254227e-10 
127.6116799 1.494697e-10 
128.969266 2.508024e-10 
130.3269244 1.859182e-10 
128.9693876 1.839901e-10 
130.3270397 3.343323e-10 
131.684633 8.863371e-11 
131.6847464 3.701516e-10 
134.3998751 6.785e-10 
133.0421624 6.87352e-10 
133.0422842 2.078497e-11 
134.3999888 1.342531e-10 
135.7575245 5.770653e-10 
135.7576361 3.05597e-10 
138.4727692 8.573995e-10 
137.1152305 2.49373e-10 
138.4728734 6.232405e-11 
137.1153399 5.765765e-10 
139.830472 9.915996e-10 
139.8305765 1.549882e-10 
141.1881145 5.397968e-10 
142.5458115 1.407638e-10 
142.5459214 6.388252e-10 
141.1882175 4.256912e-10 
143.9033596 1.053489e-09 
143.9034503 6.36542e-11 
145.2610516 7.730003e-10 
146.6186863 3.123306e-10 
145.2611475 3.984495e-10 
146.6187874 9.625461e-10 
147.9763769 5.34717e-11 
147.9764871 9.347449e-10 
150.6916247 6.274282e-10 
149.3339361 1.379148e-09 
149.3340124 5.633886e-10 
150.6917074 1.296353e-09 
152.0492515 1.275882e-10 
152.0493456 1.399647e-09 
154.7645014 5.356573e-10 
153.4069434 8.877443e-10 
154.764574 1.954848e-09 
153.4070432 8.635807e-10 
156.122185 8.404232e-11 
156.1222705 2.686194e-09 
157.4798108 9.815748e-10 
158.8374999 2.433187e-09 
158.8375963 7.700393e-10 
157.4799018 2.086091e-09 
160.1950548 4.112145e-10 
160.195129 3.744326e-09 
161.5527391 1.236862e-10 
162.9103675 9.51032e-10 
161.5528195 3.242015e-09 
162.9104447 1.812654e-09 
164.2680553 2.173729e-09 
164.2681299 3.669733e-10 
166.9832837 5.408124e-10 
165.6255975 2.596997e-10 
165.6256815 2.437553e-09 
166.9833651 1.963313e-09 
168.3409056 1.319876e-09 
168.3409824 9.486016e-10 
171.0561208 4.101304e-10 
169.6985886 1.784836e-09 
171.0562034 1.773282e-09 
169.6986587 2.742652e-10 
172.4138065 1.221981e-10 
172.4138782 1.302279e-09 
173.7714243 2.712094e-11 
175.1291035 9.971922e-11 
175.1291559 3.214598e-10 
173.7714854 7.358416e-10 
176.4866489 4.212851e-10 
176.486712 2.831445e-10 
177.8443263 1.476793e-10 
179.2019353 1.297266e-11 
177.8443855 4.560541e-10 
179.2019896 3.797651e-10 
180.5596053 1.090885e-10 
180.5596653 3.872e-10 
183.2748092 8.922275e-10 
181.9171404 7.163992e-10 
181.9172066 5.54371e-10 
183.2748764 1.192205e-09 
184.632415 5.581593e-10 
184.6324784 1.914284e-09 
187.3476443 2.699481e-09 
185.9900816 3.939019e-10 
187.34769 4.454905e-10 
185.9901559 2.204192e-09 
188.7053135 1.654853e-09 
188.7053625 6.75286e-10 
190.0629179 5.66647e-10 
191.42059 6.320064e-11 
191.4206585 1.034956e-09 
190.0629783 1.26437e-09 
192.7781063 1.167576e-09 
192.7782008 8.001894e-10 
194.1357785 6.724234e-10 
195.4933793 5.182555e-10 
194.1358796 2.264372e-09 
195.4934949 2.710467e-09 
196.8510634 8.958147e-10 
196.8511746 2.692318e-09 
199.5662659 9.246312e-10 
198.2085871 1.935533e-09 
198.2086756 1.45748e-09 
199.5663665 1.120322e-09 
200.9238855 2.153424e-10 
200.9239778 9.374761e-10 
203.6390712 1.263637e-09 
202.281578 3.39766e-10 
203.6392039 1.755523e-10 
202.2816631 2.159486e-10 
204.9967295 3.046752e-09 
204.9968672 8.368195e-10 
108.6043126 2.812829e-09 
109.9620491 3.321534e-09 
108.604487 6.226478e-10 
109.9622108 1.526806e-10 
111.3197296 2.699452e-09 
111.3198794 7.65882e-10 
114.0349684 1.157944e-09 
112.6774542 1.634261e-09 
114.0351235 6.777688e-10 
112.6775983 1.562321e-09 
115.3926996 1.31996e-09 
115.3928397 3.193773e-10 
116.750371 1.06488e-09 
118.1080911 8.217666e-10 
116.7505022 3.394559e-10 
118.1082171 3.589843e-10 
119.4656108 1.487547e-10 
119.4657515 5.250656e-10 
120.8233358 1.213522e-10 
122.1810004 2.169025e-10 
120.8234656 3.846111e-10 
122.1811217 1.732729e-10 
123.5387161 1.750202e-10 
123.538835 1.102895e-10 
124.8962402 1.364485e-10 
126.2539582 1.357381e-10 
124.8963725 2.656444e-10 
126.2540829 2.13089e-10 
127.6116196 5.970349e-11 
127.6117359 2.791648e-10 
130.326857 5.112142e-10 
128.9693296 1.079229e-10 
130.3269841 8.642063e-11 
128.9694453 2.497499e-10 
131.6845718 4.006845e-10 
131.6846896 1.835302e-10 
133.0422257 3.678435e-10 
134.3999335 1.191913e-10 
133.0423401 3.461972e-10 
134.4000446 5.077738e-10 
135.7574667 7.740121e-10 
135.7575803 2.219533e-11 
137.1151755 9.087623e-10 
138.4728211 6.270922e-10 
137.1152845 1.146885e-10 
138.4729282 3.164136e-10 
139.8305234 2.697524e-10 
139.8306322 5.987456e-10 
141.1880672 9.313484e-10 
142.5457637 8.986541e-10 
141.1881637 1.409506e-11 
142.5458643 1.859761e-10 
143.9034026 4.468949e-10 
143.9035042 5.844725e-10 
146.6186485 1.232366e-09 
145.2610951 4.882752e-11 
146.6187325 3.342072e-10 
145.2612065 7.0295e-10 
147.9763384 6.899068e-10 
147.9764274 8.573914e-10 
149.3339687 1.363768e-10 
150.6916599 2.82691e-10 
149.3340671 1.327629e-09 
150.691765 1.053593e-09 
152.0492213 1.013342e-09 
152.0492929 9.518289e-10 
153.4069076 3.182921e-10 
154.7645327 4.462323e-10 
153.4069894 1.835748e-09 
154.7646245 1.56399e-09 
156.1222236 1.747474e-09 
156.1223217 7.252083e-10 
157.4797779 4.150487e-10 
158.8374608 1.267274e-10 
157.4798528 3.269826e-09 
158.8375468 3.388083e-09 
160.1950886 1.122842e-09 
160.1951746 2.349559e-09 
162.91033 2.016751e-10 
161.5527769 2.45132e-09 
162.9104057 3.054917e-09 
161.5528644 6.616967e-10 
164.268016 2.157276e-10 
164.2680931 2.445727e-09 
165.6256419 1.132079e-09 
166.9833278 2.163593e-09 
165.6257153 1.128718e-09 
166.9833963 2.62128e-10 
168.3408582 4.144683e-10 
168.3409483 2.328461e-09 
169.6985442 3.844129e-10 
171.0561634 5.953943e-10 
169.6986271 1.826693e-09 
171.0562384 1.003296e-09 
172.4138444 6.332127e-10 
172.4139103 3.397191e-10 
173.7713879 5.403672e-10 
175.129071 2.023928e-10 
173.7714556 6.354908e-10 
175.1291292 5.909416e-10 
176.4866854 4.975726e-11 
176.4867348 3.981322e-10 
179.2018968 3.090628e-10 
177.8443609 7.463436e-11 
179.2019655 2.862156e-10 
177.8444075 2.972934e-10 
180.5595683 1.567056e-10 
180.5596375 6.309716e-10 
181.9171736 1.304095e-11 
183.2748399 6.085476e-11 
181.9172392 8.310978e-10 
183.274916 1.28136e-09 
184.6323915 2.311744e-09 
184.6324426 5.204967e-10 
185.9900605 2.33387e-09 
187.3476674 1.429806e-09 
185.9901125 9.364947e-10 
187.3477204 1.690673e-09 
188.7053366 6.28441e-10 
188.7053994 1.401307e-09 
190.0628825 1.416104e-09 
191.420552 4.900764e-10 
190.0629488 5.015507e-10 
191.4206245 9.706282e-10 
192.7781519 1.683842e-10 
192.7782431 1.618137e-09 
195.4933373 1.761455e-09 
194.1358285 8.68009e-10 
195.4934372 2.038133e-09 
194.1359229 1.699675e-09 
196.8510141 1.12235e-09 
196.8511215 3.054066e-09 
198.2086233 3.510723e-10 
199.5663144 3.002425e-10 
198.2087331 2.641889e-09 
199.5664156 1.618009e-09 
200.9238381 8.115085e-10 
200.9239344 3.038691e-10 
202.2815165 5.212583e-10 
203.6391432 1.627116e-09 
202.2816259 5.51578e-11 
203.6392391 3.020958e-10 
204.9968098 2.068136e-09 
204.9969028 1.452401e-09 
108.6044037 3.528661e-09 
108.6045674 9.849659e-10 
111.3196421 1.975882e-09 
111.3198063 6.881187e-10 
114.035052 1.79271e-09 
114.0351911 5.501405e-10 
116.7502912 5.497225e-10 
116.7504385 5.866902e-10 
119.4656869 5.880918e-10 
119.4658126 1.947876e-10 
122.1809271 2.754775e-11 
122.1810628 4.297466e-10 
124.8963114 2.781265e-11 
124.8964296 2.226574e-10 
127.61155 3.118507e-10 
127.6116799 1.473868e-10 
130.3269243 1.797778e-10 
130.3270398 3.294645e-10 
133.0421623 6.698016e-10 
133.0422842 2.032655e-11 
135.7575244 5.678416e-10 
135.7576361 2.998016e-10 
138.4727691 8.28408e-10 
138.4728734 6.264016e-11 
141.1881144 5.259745e-10 
141.1882175 4.17937e-10 
143.9033596 1.019547e-09 
143.9034503 6.340815e-11 
146.6186863 3.0257e-10 
146.6187874 9.525501e-10 
149.3339361 1.348088e-09 
149.3340123 5.621943e-10 
152.0492515 1.305262e-10 
152.0493456 1.387616e-09 
154.7645014 5.184135e-10 
154.764574 1.952804e-09 
157.4798108 9.936418e-10 
157.4799018 2.070481e-09 
160.1950548 3.937532e-10 
160.195129 3.738596e-09 
162.9103676 9.603982e-10 
162.9104446 1.797568e-09 
165.6255976 2.570309e-10 
165.6256815 2.433007e-09 
168.3409056 1.331147e-09 
168.3409824 9.387424e-10 
171.0561208 4.022048e-10 
171.0562034 1.770375e-09 
173.7714243 2.904358e-11 
173.7714854 7.277435e-10 
176.4866489 4.111922e-10 
176.486712 2.836236e-10 
179.2019353 1.394411e-11 
179.2019896 3.767378e-10 
181.9171404 7.044495e-10 
181.9172066 5.542305e-10 
184.632415 5.529574e-10 
184.6324784 1.907299e-09 
187.3476443 2.679836e-09 
187.3476899 4.429958e-10 
190.0629179 5.594162e-10 
190.0629782 1.261625e-09 
192.7781063 1.165089e-09 
192.7782008 8.000678e-10 
195.4933793 5.232236e-10 
195.4934949 2.7076e-09 
198.2085871 1.922709e-09 
198.2086756 1.460286e-09 
200.9238855 2.134636e-10 
200.9239778 9.367364e-10 
203.6390712 1.2657e-09 
203.6392039 1.751882e-10 
108.6043125 2.834655e-09 
108.604487 6.227474e-10 
109.9621329 1.88921e-09 
109.9622892 2.314704e-09 
111.3197295 2.717959e-09 
111.3198794 7.676486e-10 
112.6773759 2.329329e-09 
114.0349683 1.180825e-09 
114.0351235 6.777076e-10 
112.6775254 2.449587e-10 
115.3927737 1.250407e-09 
115.3929075 8.603676e-10 
118.1080198 5.590945e-10 
116.7503709 1.08336e-09 
118.1081533 3.679634e-10 
116.7505023 3.394824e-10 
119.4656107 1.588254e-10 
119.4657515 5.263196e-10 
122.1810003 2.261098e-10 
120.8234053 4.587742e-10 
122.1811218 1.710236e-10 
120.8235266 1.253844e-10 
123.5386483 3.008598e-11 
123.5387756 3.182722e-10 
124.8962401 1.269797e-10 
124.8963724 2.666389e-10 
126.254024 8.589772e-11 
126.2541415 1.776445e-10 
127.6116196 5.372172e-11 
127.6117359 2.767237e-10 
128.969266 2.369547e-10 
130.3268569 4.954759e-10 
130.3269841 8.45736e-11 
128.9693875 1.834854e-10 
131.684633 8.477662e-11 
131.6847464 3.650495e-10 
134.3998752 6.612201e-10 
133.0422256 3.577274e-10 
134.3999888 1.333351e-10 
133.0423401 3.430943e-10 
135.7574666 7.523556e-10 
135.7575803 2.280438e-11 
138.4728211 6.137148e-10 
137.1152306 2.46545e-10 
138.4729282 3.136469e-10 
137.1153399 5.685043e-10 
139.830472 9.654346e-10 
139.8305765 1.549031e-10 
141.1880671 9.04976e-10 
141.1881637 1.548668e-11 
142.5458115 1.362485e-10 
142.5459214 6.29474e-10 
143.9034026 4.316182e-10 
143.9035042 5.808705e-10 
145.2610516 7.504643e-10 
146.6186485 1.207288e-09 
146.6187325 3.320402e-10 
145.2611475 3.956082e-10 
147.9763769 5.422976e-11 
147.9764871 9.24238e-10 
150.6916248 6.181165e-10 
149.3339686 1.323215e-10 
150.6917075 1.290315e-09 
149.3340671 1.320244e-09 
152.0492213 9.968312e-10 
152.0492929 9.538748e-10 
154.7645326 4.562703e-10 
153.4069435 8.985196e-10 
154.7646245 1.557979e-09 
153.4070432 8.535951e-10 
156.1221851 8.70749e-11 
156.1222705 2.678856e-09 
157.4797779 4.039255e-10 
157.4798528 3.271478e-09 
158.8375 2.440908e-09 
158.8375963 7.613435e-10 
160.1950886 1.129058e-09 
160.1951745 2.341805e-09 
161.5527392 1.267199e-10 
162.91033 1.93683e-10 
162.9104057 3.05289e-09 
161.5528195 3.230294e-09 
164.2680554 2.177195e-09 
164.2681299 3.618132e-10 
166.9832838 5.507408e-10 
165.6256419 1.139923e-09 
166.9833651 1.955538e-09 
165.6257152 1.123731e-09 
168.3408582 4.130556e-10 
168.3409483 2.330923e-09 
171.0561634 6.016267e-10 
169.6985887 1.788685e-09 
171.0562384 9.99764e-10 
169.6986587 2.722097e-10 
172.4138066 1.198023e-10 
172.4138782 1.296912e-09 
173.7713879 5.341435e-10 
173.7714555 6.387863e-10 
175.1291035 1.005821e-10 
175.1291559 3.186186e-10 
176.4866854 5.066283e-11 
176.4867347 3.961306e-10 
177.8443264 1.436958e-10 
179.2018968 3.039723e-10 
179.2019654 2.895556e-10 
177.8443855 4.570043e-10 
180.5596054 1.121376e-10 
180.5596652 3.855818e-10 
183.2748093 8.801129e-10 
181.9171735 1.303433e-11 
183.2748764 1.192472e-09 
181.9172391 8.316787e-10 
184.6323915 2.299338e-09 
184.6324425 5.230166e-10 
187.3476674 1.416945e-09 
185.9900816 3.897939e-10 
185.9901559 2.199303e-09 
187.3477204 1.692748e-09 
188.7053136 1.642979e-09 
188.7053625 6.744564e-10 
190.0628825 1.407852e-09 
190.0629488 4.982326e-10 
191.42059 6.314249e-11 
191.4206585 1.034511e-09 
192.7781519 1.700975e-10 
192.7782431 1.620168e-09 
194.1357786 6.750479e-10 
195.4933373 1.756068e-09 
195.4934372 2.047518e-09 
194.1358796 2.26537e-09 
196.8510634 9.008204e-10 
196.8511746 2.690767e-09 
199.566266 9.200037e-10 
198.2086233 3.517079e-10 
199.5663665 1.12142e-09 
198.2087331 2.645587e-09 
200.9238381 8.070791e-10 
200.9239344 3.063705e-10 
203.6391432 1.630358e-09 
202.2815781 3.395643e-10 
202.2816631 2.161307e-10 
203.6392392 3.023068e-10 
204.9967296 3.047959e-09 
204.9968672 8.397289e-10 
109.9620491 3.350488e-09 
109.9622107 1.526363e-10 
112.6774542 1.652867e-09 
112.6775982 1.564427e-09 
115.3926997 1.342752e-09 
115.3928397 3.208488e-10 
118.1080911 8.377411e-10 
118.1082171 3.604142e-10 
120.8233359 1.283115e-10 
120.8234656 3.879253e-10 
123.5387161 1.806957e-10 
123.538835 1.097243e-10 
126.2539582 1.257618e-10 
126.2540829 2.16053e-10 
128.9693296 1.024523e-10 
128.9694453 2.48572e-10 
131.6845718 3.870201e-10 
131.6846897 1.838425e-10 
134.3999336 1.148553e-10 
134.4000446 5.04941e-10 
137.1151756 8.901164e-10 
137.1152846 1.175077e-10 
139.8305235 2.65595e-10 
139.8306322 5.951193e-10 
142.5457637 8.784113e-10 
142.5458643 1.891063e-10 
145.2610952 4.438782e-11 
145.2612065 6.983242e-10 
147.9763385 6.779794e-10 
147.9764275 8.559634e-10 
150.69166 2.901231e-10 
150.691765 1.046807e-09 
153.4069077 3.179822e-10 
153.4069895 1.838102e-09 
156.1222237 1.759892e-09 
156.1223217 7.220984e-10 
158.8374609 1.270641e-10 
158.8375468 3.387591e-09 
161.552777 2.452926e-09 
161.5528644 6.596367e-10 
164.268016 2.195345e-10 
164.2680931 2.443098e-09 
166.9833279 2.167357e-09 
166.9833963 2.628055e-10 
169.6985443 3.873707e-10 
169.6986271 1.828165e-09 
172.4138444 6.351617e-10 
172.4139103 3.398279e-10 
175.1290711 2.005924e-10 
175.1291292 5.928036e-10 
177.844361 7.718484e-11 
177.8444075 2.977655e-10 
180.5595683 1.535138e-10 
180.5596375 6.371664e-10 
183.27484 6.173215e-11 
183.274916 1.284297e-09 
185.9900605 2.320334e-09 
185.9901125 9.413486e-10 
188.7053367 6.213063e-10 
188.7053994 1.40489e-09 
191.420552 4.882245e-10 
191.4206245 9.728701e-10 
194.1358285 8.763534e-10 
194.1359229 1.702545e-09 
196.8510141 1.119907e-09 
196.8511215 3.062949e-09 
199.5663145 3.020125e-10 
199.5664156 1.619766e-09 
202.2815166 5.236656e-10 
202.2816259 5.541537e-11 
204.9968099 2.072286e-09 
204.9969028 1.455841e-09 
108.6044037 3.569885e-09 
109.962133 1.921711e-09 
108.6045674 9.793408e-10 
109.9622891 2.309759e-09 
111.319642 2.001638e-09 
111.3198063 6.973432e-10 
112.6773759 2.360711e-09 
114.0350519 1.824632e-09 
112.6775254 2.452123e-10 
114.0351911 5.465517e-10 
115.3927738 1.274769e-09 
115.3929075 8.581402e-10 
116.7502911 5.650921e-10 
118.1080198 5.736652e-10 
116.7504385 5.945242e-10 
118.1081534 3.728348e-10 
119.4656868 6.077133e-10 
119.4658126 1.932264e-10 
122.1809271 2.72255e-11 
122.1810628 4.377617e-10 
120.8234054 4.725159e-10 
120.8235266 1.258368e-10 
123.5386484 2.915479e-11 
123.5387756 3.257817e-10 
124.8963114 2.952561e-11 
126.2540241 8.496085e-11 
124.8964296 2.240173e-10 
126.2541415 1.806012e-10 
127.61155 3.025485e-10 
127.6116798 1.485113e-10 
128.9692661 2.298952e-10 
130.3269243 1.707319e-10 
128.9693876 1.862926e-10 
130.3270397 3.30019e-10 
131.6846331 7.887073e-11 
131.6847464 3.67248e-10 
133.0421622 6.582583e-10 
134.3998752 6.534006e-10 
133.0422842 1.871691e-11 
134.3999889 1.357817e-10 
135.7575244 5.59341e-10 
135.7576361 3.003223e-10 
138.4727691 8.166342e-10 
138.4728734 6.566365e-11 
137.1152307 2.440964e-10 
137.1153399 5.706992e-10 
139.8304721 9.576937e-10 
139.8305766 1.617201e-10 
141.1881144 5.145851e-10 
142.5458116 1.320898e-10 
141.1882175 4.21723e-10 
142.5459214 6.330735e-10 
143.9033596 1.01101e-09 
143.9034503 6.257874e-11 
145.2610517 7.453648e-10 
146.6186862 2.938667e-10 
145.2611476 3.991504e-10 
146.6187874 9.529538e-10 
147.976377 5.37326e-11 
147.9764871 9.244182e-10 
149.3339362 1.343183e-09 
150.6916249 6.180053e-10 
149.3340123 5.617265e-10 
150.6917075 1.295887e-09 
152.0492515 1.350441e-10 
152.0493455 1.388494e-09 
154.7645014 5.167942e-10 
154.764574 1.960911e-09 
153.4069436 9.089154e-10 
153.4070433 8.552698e-10 
156.1221852 8.67294e-11 
156.1222706 2.690572e-09 
157.4798108 9.970728e-10 
158.8375001 2.44371e-09 
157.4799018 2.075405e-09 
158.8375963 7.662651e-10 
160.1950548 3.917838e-10 
160.195129 3.741947e-09 
161.5527392 1.240809e-10 
162.9103675 9.598162e-10 
161.5528196 3.236674e-09 
162.9104446 1.801202e-09 
164.2680555 2.176259e-09 
164.2681299 3.656634e-10 
165.6255975 2.558492e-10 
166.9832838 5.50195e-10 
165.6256815 2.437628e-09 
166.9833651 1.963042e-09 
168.3409056 1.334345e-09 
168.3409824 9.42411e-10 
171.0561208 4.031204e-10 
171.0562033 1.779377e-09 
169.6985887 1.791373e-09 
169.6986587 2.755178e-10 
172.4138066 1.210035e-10 
172.4138783 1.305324e-09 
173.7714242 3.109707e-11 
175.1291035 1.011096e-10 
173.7714854 7.313056e-10 
175.1291559 3.215366e-10 
176.4866489 4.116367e-10 
176.4867119 2.872559e-10 
177.8443264 1.448585e-10 
179.2019352 1.507729e-11 
177.8443855 4.614008e-10 
179.2019895 3.779593e-10 
180.5596054 1.154591e-10 
180.5596652 3.894309e-10 
181.9171404 7.049371e-10 
183.2748093 8.783973e-10 
181.9172065 5.616539e-10 
183.2748764 1.204275e-09 
184.6324149 5.476117e-10 
184.6324784 1.91788e-09 
187.3476443 2.676871e-09 
185.9900817 3.847301e-10 
187.3476899 4.415361e-10 
185.9901559 2.210923e-09 
188.7053136 1.638318e-09 
188.7053625 6.772973e-10 
190.0629179 5.521052e-10 
191.42059 6.348588e-11 
190.0629782 1.266103e-09 
191.4206585 1.039166e-09 
192.7781062 1.162845e-09 
192.7782008 8.052865e-10 
194.1357785 6.748522e-10 
195.4933793 5.27838e-10 
194.1358796 2.275671e-09 
195.4934949 2.716486e-09 
196.8510634 9.086047e-10 
196.8511746 2.697113e-09 
198.208587 1.91958e-09 
199.5662659 9.188846e-10 
198.2086756 1.470676e-09 
199.5663666 1.127575e-09 
200.9238855 2.127511e-10 
200.9239778 9.405445e-10 
203.6390712 1.272724e-09 
202.2815781 3.411505e-10 
203.639204 1.757941e-10 
202.2816631 2.168624e-10 
204.9967295 3.06319e-09 
204.9968673 8.429319e-10 
108.6043125 2.857769e-09 
108.604487 6.396957e-10 
111.3197295 2.759888e-09 
111.3198794 7.585899e-10 
114.0349683 1.192694e-09 
114.0351235 6.90845e-10 
116.7503709 1.107392e-09 
116.7505023 3.350088e-10 
119.4656108 1.607457e-10 
119.4657515 5.386978e-10 
122.1810003 2.347832e-10 
122.1811217 1.734012e-10 
124.8962402 1.262944e-10 
124.8963724 2.743427e-10 
127.6116196 5.041584e-11 
127.6117359 2.81613e-10 
130.326857 4.937617e-10 
130.3269841 8.345231e-11 
133.0422256 3.531534e-10 
133.0423401 3.459391e-10 
135.7574666 7.542181e-10 
135.7575803 2.391226e-11 
138.4728211 6.115732e-10 
138.4729282 3.204574e-10 
141.1880671 9.145048e-10 
141.1881637 1.75778e-11 
143.9034026 4.277409e-10 
143.9035042 5.890503e-10 
146.6186485 1.221334e-09 
146.6187325 3.299671e-10 
149.3339687 1.329381e-10 
149.3340671 1.326508e-09 
152.0492214 1.008466e-09 
152.0492928 9.594941e-10 
154.7645326 4.56711e-10 
154.7646245 1.569821e-09 
157.479778 4.122488e-10 
157.4798527 3.28064e-09 
160.1950885 1.122387e-09 
160.1951745 2.356816e-09 
162.91033 1.9952e-10 
162.9104057 3.058887e-09 
165.6256418 1.134707e-09 
165.6257152 1.134035e-09 
168.3408581 4.126787e-10 
168.3409483 2.341074e-09 
171.0561634 6.002135e-10 
171.0562384 1.010517e-09 
173.7713878 5.440333e-10 
173.7714555 6.45988e-10 
176.4866853 5.177328e-11 
176.4867347 3.996153e-10 
179.2018968 3.082571e-10 
179.2019654 2.93924e-10 
181.9171735 1.305155e-11 
181.9172391 8.414456e-10 
184.6323915 2.310527e-09 
184.6324425 5.288161e-10 
187.3476674 1.412699e-09 
187.3477204 1.704596e-09 
190.0628825 1.41085e-09 
190.0629488 4.97314e-10 
192.7781519 1.706977e-10 
192.7782431 1.626352e-09 
195.4933372 1.756189e-09 
195.4934372 2.059185e-09 
198.2086232 3.511975e-10 
198.2087331 2.656433e-09 
200.9238381 8.123952e-10 
200.9239344 3.086512e-10 
203.6391432 1.635654e-09 
203.6392392 3.032592e-10 
109.9620492 3.383709e-09 
108.6044037 3.609261e-09 
109.9622108 1.507764e-10 
108.6045674 9.676512e-10 
111.3196421 2.004807e-09 
111.3198063 7.124609e-10 
114.035052 1.845455e-09 
112.6774542 1.680397e-09 
112.6775982 1.556585e-09 
114.0351911 5.387699e-10 
115.3926997 1.357497e-09 
115.3928397 3.231898e-10 
116.7502913 5.59594e-10 
118.1080912 8.536738e-10 
116.7504385 6.066543e-10 
118.1082171 3.574406e-10 
119.4656869 6.142048e-10 
119.4658125 1.930035e-10 
120.8233359 1.309463e-10 
122.1809272 2.737253e-11 
122.1810628 4.480997e-10 
120.8234657 3.960917e-10 
123.5387162 1.851962e-10 
123.5388351 1.134562e-10 
126.2539583 1.271621e-10 
124.8963115 3.048593e-11 
126.254083 2.223198e-10 
124.8964296 2.303195e-10 
127.6115501 3.099602e-10 
127.6116799 1.514293e-10 
130.3269244 1.710934e-10 
128.9693297 9.911338e-11 
128.9694454 2.546074e-10 
130.3270397 3.353296e-10 
131.6845719 3.88323e-10 
131.6846897 1.856722e-10 
133.0421623 6.682885e-10 
134.3999337 1.127091e-10 
133.0422842 1.828833e-11 
134.4000446 5.104652e-10 
135.7575244 5.630771e-10 
135.7576361 3.065359e-10 
137.1151756 8.956217e-10 
138.4727692 8.380564e-10 
138.4728734 6.729641e-11 
137.1152847 1.230646e-10 
139.8305236 2.651079e-10 
139.8306323 6.04263e-10 
142.5457638 8.877077e-10 
141.1881144 5.211711e-10 
142.5458644 1.954874e-10 
141.1882175 4.31893e-10 
143.9033596 1.039419e-09 
143.9034503 6.238241e-11 
146.6186863 2.981053e-10 
145.2610952 4.2173e-11 
145.2612065 7.063122e-10 
146.6187874 9.632756e-10 
147.9763385 6.855831e-10 
147.9764275 8.62015e-10 
149.3339362 1.371021e-09 
150.6916601 2.921695e-10 
149.3340123 5.626857e-10 
150.6917651 1.053554e-09 
152.0492515 1.347869e-10 
152.0493455 1.401123e-09 
153.4069077 3.197059e-10 
154.7645015 5.328752e-10 
154.7645739 1.967998e-09 
153.4069895 1.851775e-09 
156.1222237 1.761602e-09 
156.1223217 7.314039e-10 
158.8374609 1.228744e-10 
157.4798107 9.8703e-10 
158.8375468 3.403405e-09 
157.4799017 2.0941e-09 
160.1950548 4.079253e-10 
160.1951289 3.749734e-09 
162.9103675 9.500026e-10 
161.552777 2.449002e-09 
161.5528644 6.693704e-10 
162.9104446 1.818574e-09 
164.268016 2.138303e-10 
164.2680931 2.455106e-09 
165.6255975 2.577967e-10 
166.9833279 2.166217e-09 
165.6256814 2.445021e-09 
166.9833963 2.672116e-10 
168.3409055 1.324976e-09 
168.3409823 9.545708e-10 
169.6985442 3.836838e-10 
171.0561208 4.116877e-10 
171.0562033 1.787835e-09 
169.6986271 1.841646e-09 
172.4138444 6.355358e-10 
172.4139103 3.459712e-10 
175.129071 2.061361e-10 
173.7714242 3.036668e-11 
175.1291292 5.991971e-10 
173.7714854 7.416563e-10 
176.4866489 4.220296e-10 
176.4867119 2.890064e-10 
179.2019352 1.471134e-11 
177.8443609 7.747555e-11 
177.8444075 2.998569e-10 
179.2019895 3.817905e-10 
180.5595683 1.56831e-10 
180.5596375 6.449076e-10 
181.9171404 7.171491e-10 
183.2748399 6.233246e-11 
181.9172065 5.663827e-10 
183.2749161 1.296373e-09 
184.6324149 5.494064e-10 
184.6324784 1.931449e-09 
185.9900605 2.326284e-09 
187.3476443 2.694623e-09 
187.3476899 4.431198e-10 
185.9901125 9.499535e-10 
188.7053367 6.179289e-10 
188.7053994 1.414604e-09 
191.420552 4.873344e-10 
190.0629179 5.547255e-10 
191.4206245 9.769366e-10 
190.0629783 1.271653e-09 
192.7781062 1.163919e-09 
192.7782008 8.086298e-10 
195.4933793 5.25671e-10 
194.1358285 8.814953e-10 
194.1359229 1.707809e-09 
195.4934949 2.724864e-09 
196.851014 1.118803e-09 
196.8511216 3.074978e-09 
198.208587 1.930464e-09 
198.2086756 1.474296e-09 
199.5663145 3.033744e-10 
199.5664156 1.624651e-09 
200.9238855 2.14171e-10 
200.9239778 9.43644e-10 
202.2815165 5.265108e-10 
203.6390711 1.275001e-09 
203.639204 1.765358e-10 
202.281626 5.589682e-11 
204.9968099 2.078735e-09 
204.9969029 1.459814e-09 
109.962133 1.942831e-09 
109.9622892 2.299296e-09 
112.677376 2.36828e-09 
112.6775255 2.44519e-10 
115.3927739 1.285363e-09 
115.3929076 8.511218e-10 
118.1080199 5.705321e-10 
118.1081534 3.769951e-10 
120.8234054 4.752312e-10 
120.8235266 1.261429e-10 
123.5386484 3.224685e-11 
123.5387757 3.320022e-10 
126.2540242 8.500528e-11 
126.2541416 1.870124e-10 
128.9692661 2.390933e-10 
128.9693877 1.886543e-10 
131.6846331 7.894467e-11 
131.6847464 3.737958e-10 
134.3998752 6.655599e-10 
134.3999889 1.382963e-10 
137.1152307 2.452564e-10 
137.1153399 5.80211e-10 
139.8304721 9.789025e-10 
139.8305767 1.660727e-10 
142.5458117 1.338973e-10 
142.5459214 6.447086e-10 
145.2610517 7.646494e-10 
145.2611476 4.042254e-10 
147.976377 5.255189e-11 
147.9764871 9.350923e-10 
150.6916249 6.271952e-10 
150.6917075 1.305382e-09 
153.4069436 9.044633e-10 
153.4070433 8.663439e-10 
156.1221851 8.344467e-11 
156.1222706 2.705141e-09 
158.8375 2.437604e-09 
158.8375963 7.780502e-10 
161.5527392 1.194008e-10 
161.5528196 3.252304e-09 
164.2680554 2.172113e-09 
164.2681299 3.732529e-10 
166.9832837 5.399372e-10 
166.9833651 1.975434e-09 
169.6985887 1.789086e-09 
169.6986587 2.796704e-10 
172.4138065 1.241612e-10 
172.4138783 1.315887e-09 
175.1291035 1.00474e-10 
175.1291559 3.262389e-10 
177.8443263 1.495429e-10 
177.8443855 4.631719e-10 
180.5596053 1.143719e-10 
180.5596653 3.934767e-10 
183.2748092 8.894093e-10 
183.2748764 1.211313e-09 
185.9900816 3.856337e-10 
185.9901559 2.223025e-09 
188.7053135 1.647269e-09 
188.7053626 6.798839e-10 
191.42059 6.371787e-11 
191.4206586 1.042511e-09 
194.1357784 6.721017e-10 
194.1358797 2.281039e-09 
196.8510634 9.083998e-10 
196.8511747 2.702593e-09 
199.5662659 9.228232e-10 
199.5663666 1.130284e-09 
202.2815781 3.423303e-10 
202.2816631 2.171323e-10 
204.9967295 3.071407e-09 
204.9968673 8.41993e-10 
108.6043126 2.849967e-09 
109.9620492 3.375137e-09 
108.604487 6.501529e-10 
109.9622108 1.496837e-10 
111.3197296 2.767089e-09 
111.3198794 7.513173e-10 
114.0349685 1.176985e-09 
112.6774543 1.678578e-09 
114.0351236 6.990453e-10 
112.6775983 1.549733e-09 
115.3926997 1.343698e-09 
115.3928398 3.231509e-10 
116.750371 1.103477e-09 
118.1080912 8.47289e-10 
116.7505022 3.323227e-10 
118.1082172 3.542715e-10 
119.4656109 1.517994e-10 
119.4657515 5.450665e-10 
120.823336 1.256182e-10 
122.1810004 2.306748e-10 
120.8234657 3.977885e-10 
122.1811217 1.772332e-10 
123.5387163 1.820698e-10 
123.5388351 1.16418e-10 
124.8962403 1.353835e-10 
126.2539583 1.38072e-10 
124.8963724 2.780594e-10 
126.254083 2.231757e-10 
127.6116197 5.410614e-11 
127.6117359 2.871831e-10 
130.3268571 5.085393e-10 
128.9693297 1.023107e-10 
130.3269841 8.452561e-11 
128.9694454 2.595941e-10 
131.6845719 4.028837e-10 
131.6846898 1.86423e-10 
133.0422257 3.602144e-10 
134.3999336 1.155444e-10 
133.0423401 3.508966e-10 
134.4000446 5.167808e-10 
135.7574667 7.771746e-10 
135.7575803 2.387851e-11 
137.1151756 9.177676e-10 
138.4728211 6.234253e-10 
137.1152846 1.235953e-10 
138.4729282 3.275105e-10 
139.8305236 2.688038e-10 
139.8306323 6.136029e-10 
141.1880672 9.470518e-10 
142.5457637 9.139076e-10 
141.1881637 1.735558e-11 
142.5458644 1.962014e-10 
143.9034026 4.405003e-10 
143.9035042 5.97752e-10 
146.6186485 1.255406e-09 
145.2610952 4.510216e-11 
146.6187325 3.307328e-10 
145.2612065 7.15921e-10 
147.9763385 7.024313e-10 
147.9764275 8.670905e-10 
149.3339687 1.372884e-10 
150.69166 2.858678e-10 
149.334067 1.337801e-09 
150.691765 1.064557e-09 
152.0492214 1.032501e-09 
152.0492928 9.607928e-10 
153.4069077 3.212891e-10 
154.7645326 4.468655e-10 
153.4069895 1.857777e-09 
154.7646245 1.583173e-09 
156.1222237 1.750125e-09 
156.1223217 7.403039e-10 
157.479778 4.288034e-10 
158.8374608 1.20106e-10 
157.4798527 3.284533e-09 
158.8375468 3.413598e-09 
160.1950885 1.111967e-09 
160.1951745 2.37387e-09 
162.91033 2.113745e-10 
161.5527769 2.444869e-09 
162.9104057 3.064499e-09 
161.5528644 6.774805e-10 
164.2680159 2.066129e-10 
164.2680931 2.465096e-09 
165.6256418 1.123583e-09 
166.9833278 2.161673e-09 
165.6257152 1.145426e-09 
166.9833963 2.692966e-10 
168.3408581 4.140615e-10 
168.3409483 2.344799e-09 
169.6985442 3.784985e-10 
171.0561634 5.930387e-10 
169.6986271 1.848473e-09 
171.0562384 1.020726e-09 
172.4138444 6.33754e-10 
172.4139103 3.496912e-10 
173.7713878 5.565161e-10 
175.1290709 2.114231e-10 
173.7714555 6.470763e-10 
175.1291292 6.012598e-10 
176.4866853 5.149745e-11 
176.4867347 4.037963e-10 
179.2018968 3.16101e-10 
177.8443609 7.506545e-11 
179.2019654 2.932281e-10 
177.8444075 3.006997e-10 
180.5595682 1.621463e-10 
180.5596375 6.434628e-10 
181.9171735 1.301389e-11 
183.2748399 6.180263e-11 
181.9172391 8.469125e-10 
183.2749161 1.300908e-09 
184.6323915 2.329964e-09 
184.6324425 5.298312e-10 
185.9900604 2.343614e-09 
187.3476674 1.422912e-09 
185.9901125 9.503884e-10 
187.3477204 1.709843e-09 
188.7053366 6.229733e-10 
188.7053994 1.417017e-09 
190.0628825 1.421054e-09 
191.4205519 4.887135e-10 
190.0629488 5.000193e-10 
191.4206245 9.771832e-10 
192.7781519 1.693357e-10 
192.7782431 1.628144e-09 
195.4933372 1.761736e-09 
194.1358285 8.76316e-10 
195.4934372 2.056974e-09 
194.135923 1.708193e-09 
196.851014 1.1206e-09 
196.8511215 3.07351e-09 
198.2086232 3.502338e-10 
199.5663144 3.024371e-10 
198.2087331 2.659434e-09 
199.5664156 1.625912e-09 
200.923838 8.201398e-10 
200.9239344 3.075471e-10 
202.2815165 5.258575e-10 
203.6391432 1.635676e-09 
202.2816259 5.593633e-11 
203.6392392 3.036385e-10 
204.9968098 2.078576e-09 
204.9969029 1.458825e-09 
108.6044038 3.592183e-09 
108.6045674 9.660941e-10 
111.3196423 1.98121e-09 
111.3198063 7.123989e-10 
114.0350521 1.826191e-09 
114.0351911 5.375949e-10 
116.7502914 5.411452e-10 
116.7504386 6.061312e-10 
119.465687 5.984765e-10 
119.4658125 1.944368e-10 
122.1809273 2.819688e-11 
122.1810628 4.462855e-10 
124.8963115 2.934023e-11 
124.8964296 2.328383e-10 
127.6115502 3.243041e-10 
127.6116799 1.519289e-10 
130.3269244 1.804053e-10 
130.3270397 3.380198e-10 
133.0421624 6.864871e-10 
133.0422842 1.94659e-11 
135.7575245 5.73985e-10 
135.7576361 3.098147e-10 
138.4727692 8.634978e-10 
138.4728734 6.512812e-11 
141.1881145 5.367247e-10 
141.1882175 4.343536e-10 
143.9033596 1.065962e-09 
143.9034503 6.294463e-11 
146.6186863 3.095144e-10 
146.6187874 9.691986e-10 
149.3339362 1.39352e-09 
149.3340123 5.636165e-10 
152.0492515 1.3017e-10 
152.0493455 1.408015e-09 
154.7645014 5.447932e-10 
154.764574 1.964161e-09 
157.4798107 9.774362e-10 
157.4799018 2.100698e-09 
160.1950548 4.201349e-10 
160.195129 3.751136e-09 
162.9103675 9.445641e-10 
162.9104446 1.825656e-09 
165.6255975 2.603165e-10 
165.6256814 2.44491e-09 
168.3409055 1.316027e-09 
168.3409824 9.584054e-10 
171.0561208 4.161042e-10 
171.0562034 1.78403e-09 
173.7714242 2.79008e-11 
173.7714854 7.444593e-10 
176.4866488 4.280591e-10 
176.486712 2.864335e-10 
179.2019352 1.34122e-11 
179.2019896 3.828998e-10 
181.9171404 7.243146e-10 
181.9172066 5.618489e-10 
184.632415 5.559376e-10 
184.6324784 1.92921e-09 
187.3476443 2.708684e-09 
187.3476899 4.455361e-10 
190.0629179 5.637359e-10 
190.0629783 1.270567e-09 
192.7781062 1.166911e-09 
192.7782008 8.054565e-10 
195.4933793 5.197571e-10 
195.4934949 2.721136e-09 
198.208587 1.940369e-09 
198.2086756 1.466122e-09 
200.9238855 2.15776e-10 
200.9239778 9.417435e-10 
203.6390711 1.269378e-09 
203.6392039 1.763856e-10 
108.6043127 2.822401e-09 
108.604487 6.394799e-10 
109.9621331 1.923166e-09 
109.9622892 2.29783e-09 
111.3197297 2.729683e-09 
111.3198794 7.558188e-10 
114.0349685 1.155727e-09 
112.6773759 2.341752e-09 
114.0351236 6.908419e-10 
112.6775255 2.436939e-10 
115.3927739 1.267387e-09 
115.3929076 8.490515e-10 
118.1080198 5.542955e-10 
116.7503711 1.077206e-09 
118.1081534 3.745322e-10 
116.7505022 3.350493e-10 
119.465611 1.446439e-10 
119.4657516 5.365362e-10 
122.1810005 2.196837e-10 
120.8234054 4.630688e-10 
120.8235266 1.258826e-10 
122.1811217 1.771076e-10 
123.5386484 3.541113e-11 
123.5387757 3.281675e-10 
124.8962404 1.419146e-10 
126.2540241 8.593743e-11 
124.8963725 2.725882e-10 
126.2541416 1.879965e-10 
127.6116197 5.994413e-11 
127.6117359 2.856121e-10 
130.3268571 5.195755e-10 
128.9692661 2.521802e-10 
130.3269841 8.628357e-11 
128.9693876 1.87148e-10 
131.6846331 8.491147e-11 
131.6847464 3.756015e-10 
134.3998752 6.812347e-10 
133.0422257 3.694283e-10 
134.3999889 1.372726e-10 
133.0423401 3.509933e-10 
135.7574668 7.896205e-10 
135.7575803 2.276086e-11 
138.4728211 6.331573e-10 
137.1152306 2.484751e-10 
138.4729282 3.24959e-10 
137.1153399 5.838534e-10 
139.830472 1.000016e-09 
139.8305766 1.618333e-10 
141.1880672 9.57627e-10 
141.1881637 1.515709e-11 
142.5458116 1.392155e-10 
142.5459214 6.482742e-10 
143.9034026 4.524388e-10 
143.9035042 5.948761e-10 
145.2610516 7.819116e-10 
146.6186485 1.262367e-09 
146.6187325 3.333138e-10 
145.2611475 4.037151e-10 
147.9763769 5.235168e-11 
147.9764871 9.414805e-10 
150.6916248 6.3317e-10 
149.3339687 1.394932e-10 
150.6917075 1.305607e-09 
149.3340671 1.338451e-09 
152.0492213 1.035615e-09 
152.0492929 9.560286e-10 
154.7645327 4.404513e-10 
153.4069435 8.913383e-10 
154.7646245 1.579542e-09 
153.4070432 8.714882e-10 
156.122185 8.191433e-11 
156.1222705 2.702386e-09 
157.4797779 4.306257e-10 
157.4798528 3.277843e-09 
158.8374999 2.431079e-09 
158.8375963 7.803852e-10 
160.1950885 1.112305e-09 
160.1951745 2.369356e-09 
161.5527391 1.192464e-10 
162.91033 2.127329e-10 
162.9104057 3.062057e-09 
161.5528195 3.255578e-09 
164.2680553 2.170533e-09 
164.2681299 3.740675e-10 
166.9832837 5.341852e-10 
165.6256418 1.122007e-09 
166.9833651 1.975581e-09 
165.6257153 1.142121e-09 
168.3408581 4.151304e-10 
168.3409483 2.337007e-09 
171.0561634 5.90105e-10 
169.6985886 1.785043e-09 
171.0562384 1.016237e-09 
169.6986587 2.788991e-10 
172.4138065 1.249263e-10 
172.4138782 1.313992e-09 
173.7713878 5.542161e-10 
173.7714555 6.406015e-10 
175.1291034 9.962162e-11 
175.1291559 3.261868e-10 
176.4866854 5.030644e-11 
176.4867348 4.028486e-10 
177.8443262 1.513338e-10 
179.2018968 3.166058e-10 
179.2019655 2.884694e-10 
177.8443855 4.598477e-10 
180.5596053 1.104499e-10 
180.5596653 3.92089e-10 
183.2748092 8.980311e-10 
181.9171735 1.307062e-11 
183.2748764 1.203827e-09 
181.9172392 8.404901e-10 
184.6323915 2.330756e-09 
184.6324426 5.246912e-10 
187.3476674 1.43355e-09 
185.9900816 3.913217e-10 
187.3477204 1.701211e-09 
185.9901559 2.218851e-09 
188.7053135 1.657567e-09 
188.7053626 6.786235e-10 
190.0628825 1.424325e-09 
191.42059 6.355221e-11 
190.0629489 5.026422e-10 
191.4206586 1.039898e-09 
192.7781519 1.679457e-10 
192.7782431 1.623049e-09 
195.4933372 1.765001e-09 
194.1357784 6.706359e-10 
195.4934372 2.043959e-09 
194.1358796 2.274042e-09 
196.8510634 9.004912e-10 
196.8511746 2.699627e-09 
199.5662659 9.26385e-10 
198.2086232 3.50181e-10 
199.5663665 1.125794e-09 
198.2087331 2.650439e-09 
200.9238381 8.19593e-10 
200.9239343 3.045922e-10 
203.6391431 1.6304e-09 
202.281578 3.414718e-10 
203.6392391 3.029193e-10 
202.2816631 2.165678e-10 
204.9967295 3.061235e-09 
204.9968672 8.382188e-10 
109.9620492 3.336868e-09 
109.9622109 1.50772e-10 
112.6774542 1.650034e-09 
112.6775983 1.55327e-09 
115.3926997 1.320677e-09 
115.3928398 3.207053e-10 
118.1080912 8.275868e-10 
118.1082172 3.55202e-10 
120.8233359 1.198797e-10 
120.8234657 3.906032e-10 
123.5387162 1.758302e-10 
123.5388351 1.144191e-10 
126.2539582 1.435476e-10 
126.2540829 2.173871e-10 
128.9693297 1.0783e-10 
128.9694454 2.565422e-10 
131.6845718 4.107073e-10 
131.6846897 1.850351e-10 
134.3999335 1.196414e-10 
134.4000446 5.150626e-10 
137.1151755 9.260386e-10 
137.1152846 1.183774e-10 
139.8305235 2.717683e-10 
139.8306323 6.101489e-10 
142.5457637 9.20748e-10 
142.5458643 1.902925e-10 
145.2610951 4.929021e-11 
145.2612065 7.138096e-10 
147.9763384 7.051527e-10 
147.9764274 8.642123e-10 
150.6916599 2.800772e-10 
150.691765 1.064546e-09 
153.4069076 3.204391e-10 
153.4069894 1.847873e-09 
156.1222236 1.741459e-09 
156.1223217 7.364447e-10 
158.8374608 1.225073e-10 
158.8375468 3.404142e-09 
161.5527768 2.446373e-09 
161.5528644 6.727071e-10 
164.2680159 2.077851e-10 
164.268093 2.459321e-09 
166.9833278 2.160107e-09 
166.9833963 2.66124e-10 
169.6985441 3.789349e-10 
169.6986271 1.839236e-09 
172.4138443 6.323809e-10 
172.4139103 3.457925e-10 
175.1290709 2.091102e-10 
175.1291292 5.961583e-10 
177.8443609 7.33699e-11 
177.8444075 2.990819e-10 
180.5595682 1.620907e-10 
180.5596375 6.348463e-10 
183.2748399 6.094331e-11 
183.2749161 1.291606e-09 
185.9900604 2.348335e-09 
185.9901125 9.420652e-10 
188.7053366 6.295045e-10 
188.7053994 1.408781e-09 
191.4205519 4.904179e-10 
191.4206245 9.732845e-10 
194.1358285 8.679921e-10 
194.1359229 1.703156e-09 
196.851014 1.122791e-09 
196.8511215 3.060584e-09 
199.5663144 3.005077e-10 
199.5664156 1.621806e-09 
202.2815165 5.226139e-10 
202.2816259 5.54788e-11 
204.9968098 2.072025e-09 
204.9969028 1.454245e-09 
