# c_kinat vs. Position.Y (2660 data points):
# Position.Y c_kinat
1.3388971 4.285222e-11 
2.6961859 1.019042e-09 
2.6964391 7.257677e-10 
4.0538247 1.002529e-10 
5.4113949 2.109124e-10 
4.0541425 2.207609e-09 
5.4117747 3.848975e-09 
6.7690899 1.07852e-09 
8.1263801 3.795162e-11 
9.4840672 3.349832e-10 
8.1267152 2.236197e-09 
9.4844554 3.397714e-09 
10.8416837 1.010436e-09 
10.8421217 4.093228e-09 
13.5566816 2.655005e-10 
12.1994173 1.745013e-09 
13.557077 2.259608e-09 
14.9144083 6.34608e-10 
14.9148421 2.429698e-09 
16.2720605 9.588871e-10 
17.6298206 1.04944e-09 
16.2725298 2.232863e-09 
20.3448281 3.070386e-10 
18.9870725 2.828762e-10 
18.9875031 9.680824e-10 
20.3452824 6.868329e-10 
21.7025056 2.740591e-10 
21.7029818 4.23724e-10 
24.4175387 1.09885e-10 
23.0602825 1.381975e-10 
24.4179793 6.400451e-11 
25.775314 5.478883e-11 
25.7757665 5.647236e-11 
27.1330091 7.175777e-11 
28.4907969 1.83085e-10 
27.1334737 2.087331e-10 
29.8480733 3.424081e-10 
29.8485048 4.025438e-10 
31.2058626 4.803488e-10 
32.5635722 6.899839e-10 
31.2062996 7.142702e-10 
32.564017 1.012451e-09 
33.9213705 9.712955e-10 
36.6364811 1.2075e-09 
35.2786792 1.006014e-09 
35.2790916 1.213562e-09 
36.6368984 1.413366e-09 
37.9942066 1.371125e-09 
37.9946323 1.468851e-09 
40.7093659 1.511646e-09 
39.3520185 1.477346e-09 
40.709758 1.468278e-09 
42.067182 1.525106e-09 
42.0675824 1.354048e-09 
43.4249268 1.444626e-09 
44.7827561 1.255134e-09 
43.4253393 1.163712e-09 
46.1401409 1.501654e-09 
46.1405186 1.011676e-09 
47.4979733 1.234836e-09 
48.85574 9.123671e-10 
47.498365 7.402202e-10 
48.8561491 5.708802e-10 
50.2135895 5.652945e-10 
52.9288518 6.341906e-10 
51.5710019 1.078141e-09 
51.5713777 3.158652e-10 
52.929248 2.124062e-10 
54.2866417 2.58955e-10 
54.2870607 3.718302e-10 
57.0019369 7.441731e-10 
55.6445123 3.282341e-11 
57.0023264 4.871444e-11 
58.3598045 3.682475e-10 
58.3602199 3.334192e-10 
59.7176169 1.920266e-10 
61.0755073 2.74994e-10 
59.7180595 8.973863e-10 
62.4329313 8.89152e-10 
62.4333451 6.303012e-10 
63.7908152 7.584827e-10 
65.148648 8.749415e-10 
63.7912586 1.178549e-09 
65.1491202 1.830704e-09 
66.5065554 1.190691e-09 
69.2218737 1.194005e-09 
67.8639755 1.093456e-09 
67.8644126 1.650897e-09 
69.2223404 2.094175e-09 
70.5797237 1.45848e-09 
70.5802172 2.462953e-09 
73.2950685 7.919608e-10 
71.9376437 1.775532e-09 
73.2955151 2.091249e-09 
74.652978 1.019371e-09 
74.6534516 2.293514e-09 
76.0108416 1.305375e-09 
77.3687702 1.583196e-09 
76.0113376 2.395393e-09 
78.7262121 5.246649e-10 
78.7266517 1.831446e-09 
80.0841303 8.692791e-10 
81.4420047 1.253178e-09 
80.0845933 1.994775e-09 
81.4424857 2.087925e-09 
82.7999396 1.649242e-09 
85.5153303 1.689657e-09 
84.157405 1.18293e-09 
84.1578289 2.024965e-09 
85.5157737 2.329833e-09 
86.873214 2.2433e-09 
86.8736704 2.571195e-09 
89.5886395 2.588132e-09 
88.2311532 2.802066e-09 
89.589048 3.312843e-09 
90.9465707 3.244975e-09 
90.9469931 3.728273e-09 
92.3044611 3.893476e-09 
93.6624016 4.508679e-09 
92.3048905 4.035947e-09 
95.0199021 3.917914e-09 
95.0202979 4.982651e-09 
96.3778363 4.645911e-09 
97.7357297 5.236335e-09 
96.3782389 5.340139e-09 
97.7361329 5.503572e-09 
99.093667 5.745401e-09 
101.8091077 5.21048e-09 
100.4511747 4.571379e-09 
100.4515603 6.001517e-09 
101.8094926 6.159999e-09 
103.167 5.592588e-09 
103.167379 6.059793e-09 
105.8824376 4.34261e-09 
104.5249295 5.884499e-09 
105.8828158 5.881161e-09 
107.2403653 4.759785e-09 
107.2407355 5.803489e-09 
1.338785 7.50037e-10 
1.3390534 1.216204e-09 
2.6962894 2.998233e-11 
2.6966294 2.860385e-09 
5.4112689 2.416557e-10 
4.053962 4.358191e-10 
5.4115656 1.561261e-09 
6.7689322 8.711506e-11 
6.7692883 3.055959e-09 
8.1265268 6.451941e-10 
9.4842426 1.589158e-09 
8.1269392 4.306932e-09 
10.8415185 1.225815e-10 
10.8418867 2.490961e-09 
12.1992267 5.675092e-10 
13.5568625 1.123044e-09 
12.199641 3.149766e-09 
13.5573194 3.316256e-09 
14.9146107 1.524955e-09 
16.2718669 3.279915e-10 
17.6296094 5.215169e-10 
16.2722832 1.678598e-09 
17.6300565 1.515963e-09 
18.9872754 6.247561e-10 
20.3450449 5.25159e-10 
18.9877509 1.181288e-09 
21.7022968 1.801783e-10 
21.7027353 3.746111e-10 
23.0600632 1.152246e-10 
24.4177502 5.989787e-11 
23.060519 1.710275e-10 
24.4182224 1.067956e-10 
25.775533 1.767117e-11 
27.1327975 1.521316e-10 
28.4905803 1.827926e-10 
27.1332354 9.638999e-11 
28.4910261 2.907873e-10 
29.8482827 3.09181e-10 
29.8487377 5.783157e-10 
32.5633669 6.511455e-10 
31.2060756 5.483918e-10 
32.5637895 8.285085e-10 
33.9211625 8.565173e-10 
33.9215896 1.136931e-09 
35.2788797 1.078803e-09 
36.6366843 1.307789e-09 
35.2793144 1.340079e-09 
37.9940119 1.309972e-09 
37.9944139 1.439998e-09 
39.3518207 1.441352e-09 
40.7095554 1.494441e-09 
39.3522288 1.484879e-09 
40.7099735 1.397218e-09 
42.0673756 1.452177e-09 
43.4247423 1.57234e-09 
44.7825664 1.447379e-09 
43.4251261 1.30732e-09 
44.7829611 1.08201e-09 
46.1403219 1.231567e-09 
46.1407312 8.614006e-10 
48.8555613 1.315749e-09 
47.4981611 9.360927e-10 
48.8559362 6.528595e-10 
50.2134024 9.369095e-10 
50.2137945 4.253356e-10 
51.5711807 5.545691e-10 
52.9290408 2.342577e-10 
51.5715929 3.889031e-10 
54.2864612 8.602631e-10 
54.286842 9.055351e-11 
55.6443201 4.203858e-10 
57.0021214 1.18157e-10 
55.6447242 1.714609e-10 
57.0025507 5.47446e-10 
58.3600021 3.699716e-11 
59.7174276 7.645619e-10 
61.0753036 4.994197e-10 
59.7178285 2.334355e-10 
61.0757326 6.881178e-10 
62.4331265 4.741033e-10 
62.4335839 1.354194e-09 
65.1484475 1.03564e-09 
65.148874 1.14902e-09 
63.7910258 6.995181e-10 
66.5063389 1.03371e-09 
66.5067954 1.685433e-09 
67.8641807 1.249534e-09 
69.222095 1.587907e-09 
67.8646654 2.22242e-09 
70.5795158 1.002676e-09 
70.5799599 1.98966e-09 
71.93742 1.174854e-09 
73.2952773 1.452783e-09 
71.9378926 2.300781e-09 
73.2957746 2.509789e-09 
74.653202 1.734506e-09 
76.010634 5.836192e-10 
77.368548 8.623451e-10 
76.0110788 1.988904e-09 
77.3690181 2.139725e-09 
78.7264173 1.180377e-09 
78.7269076 2.207492e-09 
81.4418027 7.195052e-10 
80.0843492 1.499462e-09 
81.4422349 1.79759e-09 
82.7997246 1.14256e-09 
82.8001783 2.02124e-09 
84.1576038 1.611909e-09 
85.5155412 2.09564e-09 
84.1580732 2.184592e-09 
86.8730178 1.841762e-09 
86.8734336 2.553679e-09 
88.2309463 2.429469e-09 
89.5888337 3.048793e-09 
88.2313791 2.931885e-09 
89.5892767 3.228997e-09 
90.9467741 3.655836e-09 
92.3042684 3.308172e-09 
93.6622015 4.016831e-09 
92.3046701 4.174248e-09 
93.6626138 4.583033e-09 
95.0200939 4.660129e-09 
95.0205101 4.843528e-09 
97.7355384 4.350144e-09 
96.3780335 5.246481e-09 
97.7359288 5.626715e-09 
99.0934725 5.058245e-09 
99.0938661 5.894007e-09 
100.4513659 5.555828e-09 
101.8092999 5.962102e-09 
100.4517566 5.930416e-09 
103.1668086 4.566397e-09 
103.1671901 6.086232e-09 
104.5247394 5.106724e-09 
105.8826295 5.366529e-09 
104.5251165 6.126291e-09 
105.8829978 5.900423e-09 
107.2405538 5.535835e-09 
2.6961859 1.016144e-09 
2.6964392 7.260062e-10 
5.4113949 2.10667e-10 
5.4117748 3.848827e-09 
8.1263801 3.76164e-11 
8.1267153 2.238561e-09 
10.8416837 1.011444e-09 
10.8421217 4.098799e-09 
13.5566815 2.647081e-10 
13.557077 2.265386e-09 
16.2720605 9.617252e-10 
16.2725298 2.238082e-09 
18.9870725 2.83145e-10 
18.9875031 9.717814e-10 
21.7025056 2.756074e-10 
21.7029818 4.251504e-10 
24.4175386 1.100056e-10 
24.4179793 6.44677e-11 
27.1330091 7.09479e-11 
27.1334737 2.081681e-10 
29.8480734 3.410117e-10 
29.8485049 4.011622e-10 
32.5635724 6.865575e-10 
32.5640171 1.01334e-09 
35.2786794 1.001905e-09 
35.2790918 1.212948e-09 
37.9942069 1.367151e-09 
37.9946325 1.473637e-09 
40.7093661 1.507579e-09 
40.7097583 1.468311e-09 
43.4249271 1.442221e-09 
43.4253395 1.170985e-09 
46.1401412 1.498432e-09 
46.1405189 1.013649e-09 
48.8557403 9.11264e-10 
48.8561493 5.763221e-10 
51.5710021 1.076376e-09 
51.5713779 3.180819e-10 
54.286642 2.591042e-10 
54.2870609 3.729236e-10 
57.0019372 7.456303e-10 
57.0023266 4.882832e-11 
59.7176171 1.921354e-10 
59.7180596 8.942987e-10 
62.4329315 8.913268e-10 
62.4333453 6.275207e-10 
65.1486482 8.748996e-10 
65.1491203 1.825525e-09 
67.8639757 1.095651e-09 
67.8644128 1.647657e-09 
70.5797238 1.458247e-09 
70.5802173 2.456694e-09 
73.2950686 7.928864e-10 
73.2955152 2.088289e-09 
76.0108417 1.303637e-09 
76.0113377 2.393339e-09 
78.7262122 5.234745e-10 
78.7266517 1.830022e-09 
81.4420048 1.251115e-09 
81.4424857 2.089958e-09 
84.157405 1.18109e-09 
84.1578289 2.025766e-09 
86.8732139 2.242836e-09 
86.8736704 2.575471e-09 
89.5886395 2.586291e-09 
89.589048 3.317585e-09 
92.3044611 3.897759e-09 
92.3048906 4.039767e-09 
95.0199021 3.917066e-09 
95.0202979 4.990151e-09 
97.7357298 5.242565e-09 
97.7361329 5.507439e-09 
100.4511747 4.572049e-09 
100.4515604 6.007307e-09 
103.167 5.595542e-09 
103.1673791 6.06256e-09 
105.8824376 4.342628e-09 
105.8828158 5.884532e-09 
1.3388971 4.300338e-11 
2.6962894 2.977598e-11 
2.6966294 2.859715e-09 
4.0538247 9.96738e-11 
5.4112689 2.408968e-10 
5.4115656 1.562144e-09 
4.0541425 2.207829e-09 
6.7690899 1.079514e-09 
9.4840671 3.348349e-10 
8.1265268 6.456575e-10 
9.4844554 3.402277e-09 
8.1269393 4.309519e-09 
10.8415184 1.22375e-10 
10.8418868 2.494422e-09 
13.5568625 1.126016e-09 
12.1994172 1.74857e-09 
13.5573194 3.31846e-09 
14.9144082 6.359348e-10 
14.9148422 2.435214e-09 
16.2718668 3.291044e-10 
16.2722832 1.683203e-09 
17.6298206 1.053222e-09 
20.3448281 3.083492e-10 
18.9872754 6.275098e-10 
20.3452825 6.887619e-10 
18.987751 1.18236e-09 
21.7022968 1.813362e-10 
21.7027354 3.756531e-10 
24.4177503 6.042442e-11 
23.0602825 1.389948e-10 
24.4182224 1.069049e-10 
25.775314 5.473942e-11 
25.7757666 5.630001e-11 
27.1327976 1.521035e-10 
27.1332355 9.612742e-11 
28.490797 1.823749e-10 
29.8482828 3.07888e-10 
29.8487378 5.785098e-10 
31.2058628 4.784418e-10 
32.5633671 6.497167e-10 
32.5637896 8.285735e-10 
31.2062997 7.146776e-10 
33.9213707 9.705306e-10 
36.6364814 1.205158e-09 
35.2788799 1.077902e-09 
36.6368986 1.416636e-09 
35.2793145 1.342814e-09 
37.9940122 1.308226e-09 
37.9944141 1.442917e-09 
40.7095557 1.496005e-09 
39.3520188 1.477618e-09 
40.7099736 1.404074e-09 
42.0671823 1.525209e-09 
42.0675827 1.359755e-09 
43.4247426 1.572266e-09 
43.4251263 1.312929e-09 
44.7827564 1.257494e-09 
46.1403221 1.233349e-09 
46.1407313 8.692785e-10 
47.4979736 1.235496e-09 
48.8555616 1.316466e-09 
48.8559364 6.56699e-10 
47.4983652 7.455586e-10 
50.2135898 5.67629e-10 
52.9288521 6.353849e-10 
51.5711809 5.562853e-10 
52.9292482 2.151692e-10 
51.5715929 3.933187e-10 
54.2864615 8.618612e-10 
54.2868422 9.243363e-11 
57.0021216 1.184308e-10 
55.6445125 3.345707e-11 
57.0025508 5.476146e-10 
58.3598048 3.696367e-10 
58.3602201 3.320478e-10 
59.7174278 7.662719e-10 
59.7178286 2.314464e-10 
61.0755075 2.733086e-10 
62.4331267 4.723475e-10 
62.433584 1.349264e-09 
63.7908154 7.593823e-10 
65.1484477 1.037757e-09 
65.1488742 1.143696e-09 
63.7912587 1.173293e-09 
66.5065555 1.188297e-09 
69.2218738 1.194794e-09 
67.8641809 1.248696e-09 
69.2223406 2.087775e-09 
67.8646655 2.214016e-09 
70.579516 1.003784e-09 
70.57996 1.984877e-09 
73.2952774 1.451137e-09 
71.9376438 1.772388e-09 
73.2957746 2.502731e-09 
74.6529781 1.018323e-09 
74.6534516 2.28846e-09 
76.0106341 5.831413e-10 
76.0110788 1.9861e-09 
77.3687703 1.580921e-09 
78.7264174 1.178618e-09 
78.7269076 2.205609e-09 
80.0841303 8.675379e-10 
81.4418028 7.181022e-10 
81.4422349 1.79574e-09 
80.0845933 1.993107e-09 
82.7999396 1.646825e-09 
85.5153304 1.688039e-09 
84.1576039 1.609731e-09 
85.5157737 2.332156e-09 
84.1580732 2.187491e-09 
86.8730178 1.840879e-09 
86.8734336 2.554953e-09 
89.5888337 3.050709e-09 
88.2311532 2.803534e-09 
89.5892767 3.23238e-09 
90.9465707 3.245599e-09 
90.9469931 3.731928e-09 
92.3042684 3.30678e-09 
92.3046702 4.179777e-09 
93.6624017 4.514779e-09 
95.020094 4.665186e-09 
95.0205101 4.846225e-09 
96.3778363 4.648466e-09 
97.7355383 4.352186e-09 
97.7359289 5.630563e-09 
96.378239 5.343958e-09 
99.0936671 5.750685e-09 
101.8091077 5.212498e-09 
100.451366 5.561477e-09 
101.8094927 6.164079e-09 
100.4517567 5.931308e-09 
103.1668085 4.568207e-09 
103.1671902 6.090763e-09 
105.8826295 5.369407e-09 
104.5249295 5.886728e-09 
105.8829979 5.902798e-09 
107.2403653 4.759377e-09 
107.2407356 5.807103e-09 
1.338785 7.474998e-10 
1.3390535 1.215529e-09 
4.0539621 4.365596e-10 
6.7689322 8.712459e-11 
6.7692883 3.057466e-09 
9.4842426 1.590782e-09 
12.1992267 5.688199e-10 
12.199641 3.151281e-09 
14.9146107 1.52822e-09 
17.6296093 5.238516e-10 
17.6300566 1.517065e-09 
20.3450449 5.265195e-10 
23.0600633 1.161148e-10 
23.0605191 1.711821e-10 
25.7755331 1.785822e-11 
28.4905804 1.825509e-10 
28.4910262 2.910749e-10 
31.2060757 5.487654e-10 
33.9211627 8.570299e-10 
33.9215896 1.13914e-09 
36.6366844 1.3111e-09 
39.3518209 1.444331e-09 
39.3522289 1.490991e-09 
42.0673758 1.45725e-09 
44.7825666 1.45174e-09 
44.7829612 1.088789e-09 
47.4981612 9.406722e-10 
50.2134027 9.401656e-10 
50.2137946 4.292449e-10 
52.9290409 2.364542e-10 
55.6443203 4.222784e-10 
55.6447243 1.727428e-10 
58.3600023 3.605478e-11 
61.0753038 4.9966e-10 
61.0757326 6.854909e-10 
63.791026 6.958716e-10 
66.5063391 1.033955e-09 
66.5067955 1.678137e-09 
69.2220951 1.585177e-09 
71.9374202 1.174925e-09 
71.9378927 2.293896e-09 
74.6532021 1.731991e-09 
77.3685481 8.61283e-10 
77.3690181 2.135882e-09 
80.0843493 1.497432e-09 
82.7997247 1.141389e-09 
82.8001783 2.019585e-09 
85.5155412 2.093438e-09 
88.2309463 2.429501e-09 
88.2313791 2.933009e-09 
90.9467741 3.65829e-09 
93.6622015 4.018012e-09 
93.6626139 4.584497e-09 
96.3780335 5.248582e-09 
99.0934725 5.060483e-09 
99.0938661 5.894925e-09 
101.8092999 5.965584e-09 
104.5247394 5.107641e-09 
104.5251166 6.129318e-09 
107.2405538 5.537454e-09 
1.3388971 4.345331e-11 
2.6961859 1.014847e-09 
2.6964392 7.261182e-10 
4.0538247 9.938491e-11 
5.4113949 2.112146e-10 
4.0541425 2.208995e-09 
5.4117748 3.849798e-09 
6.7690899 1.080407e-09 
8.12638 3.755616e-11 
9.4840671 3.358301e-10 
8.1267153 2.23942e-09 
9.4844555 3.400805e-09 
10.8416836 1.013256e-09 
10.8421217 4.097733e-09 
13.5566814 2.658551e-10 
12.1994172 1.749477e-09 
13.557077 2.266686e-09 
14.9144082 6.375556e-10 
14.9148422 2.431856e-09 
16.2720605 9.649159e-10 
17.6298206 1.053622e-09 
16.2725299 2.235715e-09 
18.9870724 2.852821e-10 
20.3448281 3.098403e-10 
18.9875032 9.727358e-10 
20.3452825 6.881153e-10 
21.7025057 2.769336e-10 
21.7029819 4.246093e-10 
24.4175387 1.109952e-10 
24.4179794 6.465289e-11 
23.0602826 1.391578e-10 
25.7753141 5.530503e-11 
25.7757666 5.673843e-11 
27.1330092 7.110249e-11 
28.4907971 1.830608e-10 
27.1334738 2.08738e-10 
29.8480735 3.411487e-10 
29.848505 4.014675e-10 
31.2058628 4.797069e-10 
32.5635725 6.876634e-10 
31.2062997 7.158342e-10 
32.5640171 1.013928e-09 
33.9213707 9.734396e-10 
35.2786796 1.002798e-09 
36.6364814 1.210199e-09 
35.2790919 1.215885e-09 
36.6368985 1.419561e-09 
37.994207 1.372104e-09 
37.9946325 1.476716e-09 
40.7093663 1.51036e-09 
40.7097583 1.474979e-09 
39.3520188 1.484275e-09 
42.0671824 1.531294e-09 
42.0675825 1.364889e-09 
43.4249272 1.447737e-09 
44.7827564 1.263559e-09 
43.4253394 1.177084e-09 
46.1401414 1.502103e-09 
46.1405189 1.019284e-09 
47.4979736 1.241398e-09 
48.8557404 9.150651e-10 
47.4983651 7.485678e-10 
48.8561492 5.808953e-10 
50.2135897 5.70436e-10 
51.5710023 1.079625e-09 
52.9288522 6.383978e-10 
51.571378 3.205603e-10 
52.9292482 2.165434e-10 
54.2866421 2.610263e-10 
54.2870608 3.750789e-10 
57.0019374 7.470315e-10 
57.0023266 4.881617e-11 
55.6445125 3.401061e-11 
58.3598049 3.69817e-10 
58.36022 3.326011e-10 
59.7176173 1.906307e-10 
61.0755075 2.709066e-10 
59.7180596 8.935244e-10 
62.4329317 8.916323e-10 
62.4333454 6.237387e-10 
63.7908156 7.586582e-10 
65.1486484 8.724578e-10 
63.7912587 1.170357e-09 
65.1491204 1.818774e-09 
66.5065556 1.185322e-09 
67.8639758 1.096038e-09 
69.221874 1.194699e-09 
67.8644129 1.642403e-09 
69.2223406 2.082494e-09 
70.579724 1.45734e-09 
70.5802173 2.448939e-09 
73.2950687 7.93046e-10 
73.2955153 2.08449e-09 
71.9376439 1.771287e-09 
74.6529782 1.018577e-09 
74.6534517 2.284954e-09 
76.0108418 1.302394e-09 
77.3687703 1.57961e-09 
76.0113377 2.387948e-09 
78.7262123 5.227208e-10 
78.7266517 1.827912e-09 
80.0841304 8.669275e-10 
81.4420048 1.249664e-09 
80.0845933 1.99071e-09 
81.4424857 2.088235e-09 
82.7999397 1.645175e-09 
84.1574051 1.181445e-09 
85.5153305 1.688266e-09 
84.1578289 2.024072e-09 
85.5157737 2.330537e-09 
86.873214 2.241921e-09 
86.8736704 2.577149e-09 
89.5886396 2.586219e-09 
89.589048 3.318447e-09 
88.2311533 2.802478e-09 
90.9465708 3.24624e-09 
90.9469931 3.730361e-09 
92.3044611 3.899784e-09 
93.6624017 4.512641e-09 
92.3048906 4.040317e-09 
95.0199021 3.918403e-09 
95.020298 4.990523e-09 
96.3778363 4.648829e-09 
97.7357298 5.245067e-09 
96.378239 5.342324e-09 
97.736133 5.507259e-09 
99.0936671 5.749495e-09 
100.4511746 4.575557e-09 
101.8091076 5.214118e-09 
100.4515604 6.007443e-09 
101.8094927 6.162012e-09 
103.167 5.599605e-09 
103.167379 6.061883e-09 
105.8824376 4.342576e-09 
105.8828158 5.887502e-09 
104.5249295 5.889288e-09 
107.2403653 4.75885e-09 
107.2407355 5.809013e-09 
2.6962894 2.981775e-11 
2.6966293 2.862652e-09 
5.4112689 2.408917e-10 
5.4115656 1.562749e-09 
8.1265268 6.466024e-10 
8.1269392 4.306334e-09 
10.8415184 1.23224e-10 
10.8418868 2.493161e-09 
13.5568625 1.127282e-09 
13.5573195 3.31324e-09 
16.2718668 3.307334e-10 
16.2722833 1.680662e-09 
18.9872755 6.286843e-10 
18.987751 1.179663e-09 
21.7022968 1.827573e-10 
21.7027355 3.754596e-10 
24.4177503 6.089893e-11 
24.4182225 1.071802e-10 
27.1327976 1.525672e-10 
27.1332355 9.670969e-11 
29.8482828 3.092993e-10 
29.8487378 5.794042e-10 
32.5633671 6.51537e-10 
32.5637896 8.301086e-10 
35.2788798 1.083183e-09 
35.2793144 1.342448e-09 
37.9940122 1.312913e-09 
37.9944139 1.447749e-09 
40.7095556 1.503139e-09 
40.7099734 1.40488e-09 
43.4247427 1.577477e-09 
43.4251261 1.318197e-09 
46.1403221 1.239244e-09 
46.1407311 8.700371e-10 
48.8555616 1.322046e-09 
48.8559362 6.586313e-10 
51.5711809 5.593515e-10 
51.5715928 3.940414e-10 
54.2864615 8.644216e-10 
54.286842 9.309971e-11 
57.0021216 1.184257e-10 
57.0025507 5.487543e-10 
59.7174279 7.656128e-10 
59.7178286 2.305041e-10 
62.4331267 4.703405e-10 
62.433584 1.348488e-09 
65.1484478 1.036793e-09 
65.1488742 1.1412e-09 
67.864181 1.247131e-09 
67.8646655 2.209787e-09 
70.579516 1.003288e-09 
70.5799601 1.982822e-09 
73.2952775 1.451155e-09 
73.2957746 2.498678e-09 
76.0106342 5.8249e-10 
76.0110789 1.984849e-09 
78.7264174 1.177533e-09 
78.7269076 2.202405e-09 
81.4418029 7.191042e-10 
81.4422349 1.794032e-09 
84.157604 1.609971e-09 
84.1580732 2.184791e-09 
86.8730179 1.842337e-09 
86.8734337 2.553941e-09 
89.5888337 3.049817e-09 
89.5892767 3.231041e-09 
92.3042684 3.30919e-09 
92.3046702 4.176477e-09 
95.020094 4.662909e-09 
95.0205101 4.843747e-09 
97.7355383 4.355145e-09 
97.7359289 5.627103e-09 
100.4513659 5.561204e-09 
100.4517567 5.929005e-09 
103.1668085 4.569107e-09 
103.1671901 6.089023e-09 
105.8826295 5.371351e-09 
105.8829978 5.901531e-09 
1.3387849 7.485052e-10 
1.3390534 1.218552e-09 
2.6961859 1.016673e-09 
2.6964391 7.267735e-10 
5.4113949 2.111218e-10 
4.053962 4.365312e-10 
5.4117747 3.850707e-09 
6.7689322 8.72951e-11 
6.7692883 3.056443e-09 
8.1263801 3.791617e-11 
8.1267153 2.238117e-09 
9.4842427 1.590574e-09 
10.8416837 1.013362e-09 
10.8421217 4.090551e-09 
12.1992267 5.701528e-10 
13.5566815 2.67017e-10 
13.5570771 2.261542e-09 
12.199641 3.144779e-09 
14.9146108 1.525893e-09 
17.6296094 5.239579e-10 
16.2720606 9.635897e-10 
17.6300566 1.512966e-09 
16.2725298 2.231019e-09 
18.9870725 2.858281e-10 
18.9875032 9.697436e-10 
20.345045 5.253968e-10 
21.7025057 2.764038e-10 
21.7029819 4.233847e-10 
23.0600633 1.164095e-10 
24.4175387 1.112659e-10 
24.4179794 6.453005e-11 
23.0605191 1.706443e-10 
25.7755331 1.828489e-11 
28.4905803 1.837864e-10 
27.1330092 7.216219e-11 
28.4910262 2.92126e-10 
27.1334738 2.097474e-10 
29.8480734 3.424279e-10 
29.8485049 4.027531e-10 
32.5635723 6.913754e-10 
31.2060756 5.505756e-10 
32.564017 1.013493e-09 
33.9211626 8.615806e-10 
33.9215895 1.13909e-09 
35.2786794 1.006924e-09 
36.6366842 1.315838e-09 
35.2790917 1.217763e-09 
37.9942068 1.377648e-09 
37.9946323 1.473749e-09 
39.3518208 1.450723e-09 
40.7093662 1.516169e-09 
40.709758 1.477722e-09 
39.3522287 1.492143e-09 
42.0673756 1.463037e-09 
44.7825665 1.457748e-09 
43.424927 1.453089e-09 
44.782961 1.088961e-09 
43.4253392 1.172427e-09 
46.1401412 1.507868e-09 
46.1405186 1.019924e-09 
48.8557402 9.183697e-10 
47.498161 9.434335e-10 
48.856149 5.771927e-10 
50.2134025 9.442169e-10 
50.2137944 4.281673e-10 
51.5710022 1.083571e-09 
52.9290407 2.365045e-10 
51.5713777 3.196439e-10 
54.2866419 2.612689e-10 
54.2870607 3.750973e-10 
55.6443202 4.230671e-10 
57.0019372 7.469453e-10 
57.0023264 4.895835e-11 
55.6447241 1.735365e-10 
58.3600022 3.571052e-11 
61.0753037 4.984393e-10 
59.7176171 1.900759e-10 
61.0757326 6.866825e-10 
59.7180595 8.95802e-10 
62.4329316 8.90161e-10 
62.4333453 6.246189e-10 
65.1486483 8.719237e-10 
63.7910259 6.948704e-10 
65.1491203 1.821062e-09 
66.5063391 1.03333e-09 
66.5067955 1.678112e-09 
67.8639758 1.094767e-09 
69.2220951 1.585031e-09 
67.8644128 1.643666e-09 
70.5797239 1.457347e-09 
70.5802173 2.450271e-09 
71.9374202 1.175191e-09 
73.2950687 7.918167e-10 
73.2955153 2.085973e-09 
71.9378927 2.293901e-09 
74.6532021 1.733155e-09 
77.3685482 8.614051e-10 
76.0108418 1.302628e-09 
77.3690181 2.135364e-09 
76.0113377 2.387595e-09 
78.7262123 5.232215e-10 
78.7266517 1.827542e-09 
81.4420049 1.250502e-09 
80.0843493 1.497215e-09 
81.4424857 2.08563e-09 
82.7997248 1.142046e-09 
82.8001783 2.017894e-09 
84.1574052 1.183079e-09 
85.5155413 2.093411e-09 
84.1578289 2.023388e-09 
86.873214 2.242911e-09 
86.8736704 2.572989e-09 
88.2309464 2.430541e-09 
89.5886396 2.588762e-09 
89.589048 3.315088e-09 
88.2313791 2.930146e-09 
90.9467741 3.654233e-09 
93.6622015 4.017546e-09 
92.3044611 3.89602e-09 
93.6626139 4.579194e-09 
92.3048906 4.037192e-09 
95.0199021 3.921557e-09 
95.0202979 4.983646e-09 
97.7357297 5.239533e-09 
96.3780335 5.242412e-09 
97.7361329 5.502948e-09 
99.0934725 5.059313e-09 
99.0938661 5.890715e-09 
100.4511747 4.576147e-09 
101.8092998 5.963659e-09 
100.4515603 6.003273e-09 
103.1669999 5.598431e-09 
103.167379 6.058878e-09 
104.5247393 5.108493e-09 
105.8824376 4.342911e-09 
105.8828158 5.8851e-09 
104.5251165 6.126154e-09 
107.2405537 5.538619e-09 
1.3388971 4.351115e-11 
4.0538246 9.982566e-11 
4.0541425 2.209721e-09 
6.7690899 1.079801e-09 
9.4840671 3.362315e-10 
9.4844554 3.39586e-09 
12.1994173 1.746108e-09 
14.9144083 6.376521e-10 
14.9148422 2.425239e-09 
17.6298207 1.04979e-09 
20.3448282 3.087615e-10 
20.3452825 6.851445e-10 
23.0602826 1.383414e-10 
25.775314 5.555039e-11 
25.7757666 5.699752e-11 
28.490797 1.842856e-10 
31.2058627 4.825855e-10 
31.2062996 7.157734e-10 
33.9213705 9.757231e-10 
36.6364812 1.215103e-09 
36.6368983 1.417454e-09 
39.3520185 1.48722e-09 
42.0671821 1.535439e-09 
42.0675823 1.362117e-09 
44.7827561 1.264979e-09 
47.4979734 1.244288e-09 
47.4983649 7.443534e-10 
50.2135895 5.692291e-10 
52.9288519 6.39441e-10 
52.929248 2.148333e-10 
55.6445123 3.355858e-11 
58.3598046 3.689742e-10 
58.3602199 3.344375e-10 
61.0755074 2.718473e-10 
63.7908154 7.575764e-10 
63.7912586 1.17423e-09 
66.5065555 1.187315e-09 
69.2218738 1.194461e-09 
69.2223406 2.087098e-09 
71.9376439 1.773823e-09 
74.6529781 1.018436e-09 
74.6534516 2.28843e-09 
77.3687703 1.581692e-09 
80.0841304 8.679273e-10 
80.0845933 1.99138e-09 
82.7999397 1.646228e-09 
85.5153305 1.689826e-09 
85.5157737 2.328366e-09 
88.2311533 2.801446e-09 
90.9465708 3.246132e-09 
90.9469931 3.72553e-09 
93.6624017 4.50561e-09 
96.3778362 4.646391e-09 
96.378239 5.33544e-09 
99.093667 5.743101e-09 
101.8091076 5.212532e-09 
101.8094926 6.158466e-09 
104.5249294 5.887063e-09 
107.2403653 4.759092e-09 
107.2407355 5.805776e-09 
1.3387849 7.522432e-10 
1.3390533 1.220243e-09 
2.6962893 3.016017e-11 
2.6966293 2.865887e-09 
5.4112689 2.414225e-10 
4.053962 4.361609e-10 
5.4115655 1.561745e-09 
6.7689322 8.752679e-11 
6.7692883 3.053873e-09 
8.1265268 6.463919e-10 
9.4842427 1.588131e-09 
8.1269392 4.303334e-09 
10.8415185 1.236845e-10 
10.8418868 2.488768e-09 
12.1992268 5.695672e-10 
13.5568626 1.125122e-09 
12.199641 3.14048e-09 
13.5573194 3.308236e-09 
14.9146108 1.521179e-09 
16.2718669 3.308491e-10 
17.6296095 5.226209e-10 
16.2722833 1.674621e-09 
17.6300566 1.508665e-09 
18.9872755 6.259757e-10 
20.345045 5.225267e-10 
18.987751 1.177147e-09 
21.7022969 1.822275e-10 
21.7027354 3.734771e-10 
23.0600633 1.155195e-10 
24.4177503 6.056786e-11 
23.0605191 1.695939e-10 
24.4182224 1.069042e-10 
25.775533 1.832498e-11 
27.1327975 1.528162e-10 
28.4905802 1.847931e-10 
27.1332354 9.739242e-11 
28.4910261 2.921409e-10 
29.8482827 3.114669e-10 
29.8487377 5.797182e-10 
32.5633669 6.540454e-10 
31.2060754 5.519141e-10 
32.5637894 8.310716e-10 
33.9211623 8.635458e-10 
33.9215894 1.137532e-09 
35.2788796 1.086465e-09 
36.636684 1.315631e-09 
35.2793142 1.339614e-09 
37.9940119 1.316962e-09 
37.9944137 1.447365e-09 
39.3518205 1.452125e-09 
40.7095553 1.505708e-09 
39.3522285 1.487614e-09 
40.7099732 1.398175e-09 
42.0673753 1.461858e-09 
43.4247424 1.581506e-09 
44.7825662 1.457017e-09 
43.4251258 1.316426e-09 
44.7829607 1.083155e-09 
46.1403218 1.240997e-09 
46.1407309 8.624196e-10 
48.8555613 1.325379e-09 
47.4981608 9.406131e-10 
48.855936 6.558148e-10 
50.2134022 9.441474e-10 
50.2137942 4.237505e-10 
51.5711805 5.59126e-10 
52.9290405 2.348881e-10 
51.5715927 3.904281e-10 
54.2864612 8.648645e-10 
54.2868418 9.157455e-11 
55.6443199 4.222612e-10 
57.0021213 1.182195e-10 
55.644724 1.730547e-10 
57.0025506 5.499738e-10 
58.3600019 3.633799e-11 
59.7174276 7.641961e-10 
61.0753035 4.973995e-10 
59.7178284 2.324266e-10 
61.0757324 6.909236e-10 
62.4331265 4.708458e-10 
62.4335839 1.353405e-09 
65.1484476 1.034868e-09 
63.7910257 6.976856e-10 
65.148874 1.145469e-09 
66.5063389 1.032107e-09 
66.5067954 1.684722e-09 
67.8641808 1.247535e-09 
69.222095 1.588231e-09 
67.8646655 2.217009e-09 
70.5795159 1.001677e-09 
70.57996 1.986873e-09 
71.93742 1.174585e-09 
73.2952774 1.451738e-09 
71.9378926 2.301158e-09 
73.2957746 2.503644e-09 
74.653202 1.7365e-09 
76.0106341 5.821411e-10 
77.3685481 8.618472e-10 
76.0110788 1.98703e-09 
77.3690181 2.139e-09 
78.7264174 1.179129e-09 
78.7269075 2.203343e-09 
81.4418029 7.205324e-10 
80.0843493 1.499668e-09 
81.4422349 1.794501e-09 
82.7997247 1.144052e-09 
82.8001783 2.018531e-09 
84.1576039 1.611666e-09 
85.5155413 2.094152e-09 
84.1580732 2.182094e-09 
86.8730179 1.844311e-09 
86.8734336 2.552595e-09 
88.2309464 2.431517e-09 
89.5888337 3.048754e-09 
88.2313791 2.927319e-09 
89.5892766 3.226858e-09 
90.9467741 3.650574e-09 
92.3042684 3.311202e-09 
93.6622015 4.01542e-09 
92.3046701 4.169701e-09 
93.6626138 4.574765e-09 
95.0200939 4.657869e-09 
95.0205101 4.840354e-09 
97.7355384 4.35519e-09 
96.3780334 5.236704e-09 
97.7359288 5.62064e-09 
99.0934725 5.056759e-09 
99.093866 5.886098e-09 
100.4513659 5.555885e-09 
101.8092998 5.958356e-09 
100.4517566 5.925224e-09 
103.1668086 4.569178e-09 
103.1671901 6.085427e-09 
104.5247394 5.107411e-09 
105.8826295 5.369577e-09 
104.5251165 6.123442e-09 
105.8829978 5.898904e-09 
107.2405537 5.53626e-09 
2.6961859 1.019148e-09 
2.6964391 7.264547e-10 
5.4113949 2.110358e-10 
5.4117747 3.850008e-09 
8.1263801 3.805909e-11 
8.1267152 2.235448e-09 
10.8416837 1.011789e-09 
10.8421217 4.089399e-09 
13.5566816 2.667234e-10 
13.557077 2.257082e-09 
16.2720606 9.601499e-10 
16.2725298 2.2292e-09 
18.9870726 2.84726e-10 
18.9875032 9.6581e-10 
21.7025057 2.745467e-10 
21.7029818 4.227136e-10 
24.4175387 1.104833e-10 
24.4179793 6.413374e-11 
27.1330091 7.256854e-11 
27.1334737 2.095191e-10 
29.8480733 3.429956e-10 
29.8485048 4.034413e-10 
32.5635721 6.927381e-10 
32.5640169 1.012379e-09 
35.2786792 1.008862e-09 
35.2790915 1.216407e-09 
37.9942066 1.377353e-09 
37.9946322 1.469093e-09 
40.7093659 1.516859e-09 
40.7097578 1.473739e-09 
43.4249267 1.45136e-09 
43.4253391 1.164648e-09 
46.1401409 1.507663e-09 
46.1405184 1.015251e-09 
48.8557399 9.168839e-10 
48.8561489 5.712369e-10 
51.5710019 1.083291e-09 
51.5713775 3.166207e-10 
54.2866416 2.605199e-10 
54.2870606 3.733641e-10 
57.001937 7.45472e-10 
57.0023263 4.895016e-11 
59.7176169 1.907469e-10 
59.7180594 8.98467e-10 
62.4329313 8.885301e-10 
62.4333451 6.291199e-10 
65.1486481 8.726954e-10 
65.1491202 1.828738e-09 
67.8639756 1.092734e-09 
67.8644127 1.648947e-09 
70.5797238 1.457775e-09 
70.5802172 2.459511e-09 
73.2950685 7.911877e-10 
73.2955152 2.090294e-09 
76.0108417 1.304076e-09 
76.0113376 2.392253e-09 
78.7262122 5.241122e-10 
78.7266517 1.829812e-09 
81.4420048 1.252552e-09 
81.4424857 2.086449e-09 
84.1574051 1.184625e-09 
84.1578289 2.023876e-09 
86.873214 2.243342e-09 
86.8736704 2.570158e-09 
89.5886396 2.589819e-09 
89.589048 3.311921e-09 
92.3044611 3.892761e-09 
92.3048905 4.034171e-09 
95.0199021 3.920764e-09 
95.0202979 4.978873e-09 
97.7357297 5.235772e-09 
97.7361329 5.501498e-09 
100.4511747 4.574231e-09 
100.4515603 5.998991e-09 
103.1669999 5.593724e-09 
103.167379 6.056735e-09 
105.8824377 4.342967e-09 
105.8828157 5.882145e-09 
1.338897 4.3152e-11 
2.6962894 3.02093e-11 
2.6966293 2.864087e-09 
4.0538246 1.001988e-10 
5.4112689 2.415531e-10 
5.4115655 1.561696e-09 
4.0541425 2.209574e-09 
6.7690899 1.078656e-09 
9.4840672 3.35967e-10 
8.1265268 6.457136e-10 
9.4844554 3.394491e-09 
8.1269392 4.303944e-09 
10.8415185 1.233142e-10 
10.8418868 2.487395e-09 
13.5568626 1.122497e-09 
12.1994173 1.743318e-09 
13.5573194 3.308865e-09 
14.9144084 6.357925e-10 
14.9148422 2.423854e-09 
16.271867 3.293472e-10 
16.2722832 1.674052e-09 
17.6298207 1.047137e-09 
20.3448282 3.072176e-10 
18.9872755 6.235397e-10 
20.3452825 6.841849e-10 
18.9877509 1.177981e-09 
21.7022969 1.807762e-10 
21.7027354 3.725488e-10 
24.4177503 5.983083e-11 
23.0602825 1.374877e-10 
24.4182223 1.067828e-10 
25.775314 5.521255e-11 
25.7757665 5.685312e-11 
27.1327975 1.524435e-10 
28.4907969 1.843159e-10 
27.1332354 9.718829e-11 
29.8482826 3.113487e-10 
29.8487377 5.789021e-10 
31.2058625 4.826629e-10 
32.5633668 6.539621e-10 
32.5637894 8.305108e-10 
31.2062995 7.151764e-10 
33.9213703 9.745092e-10 
36.636481 1.213625e-09 
35.2788795 1.084045e-09 
36.6368982 1.414215e-09 
35.2793142 1.338119e-09 
37.9940117 1.315151e-09 
37.9944137 1.443381e-09 
40.7095552 1.500751e-09 
39.3520183 1.483731e-09 
40.7099733 1.393727e-09 
42.0671819 1.531388e-09 
42.0675822 1.356064e-09 
43.4247422 1.577921e-09 
43.4251258 1.310327e-09 
44.7827559 1.25996e-09 
46.1403217 1.236486e-09 
46.1407309 8.575037e-10 
47.4979731 1.240348e-09 
48.8555612 1.321419e-09 
48.8559359 6.526821e-10 
47.4983648 7.396619e-10 
50.2135893 5.667377e-10 
52.9288517 6.37575e-10 
51.5711804 5.568981e-10 
52.9292479 2.123818e-10 
51.5715927 3.875984e-10 
54.2864611 8.623558e-10 
54.2868418 9.020019e-11 
57.0021212 1.180494e-10 
55.6445121 3.295673e-11 
57.0025506 5.492723e-10 
58.3598044 3.680537e-10 
58.3602198 3.352308e-10 
59.7174275 7.63351e-10 
59.7178283 2.338641e-10 
61.0755072 2.738036e-10 
62.4331263 4.725845e-10 
62.4335838 1.356827e-09 
63.7908152 7.568031e-10 
65.1484474 1.034035e-09 
65.1488739 1.149783e-09 
63.7912585 1.179474e-09 
66.5065553 1.189944e-09 
69.2218737 1.193069e-09 
67.8641807 1.248131e-09 
69.2223404 2.094279e-09 
67.8646654 2.22435e-09 
70.5795158 1.000938e-09 
70.5799599 1.990876e-09 
73.2952773 1.4529e-09 
71.9376437 1.77661e-09 
73.2957745 2.510477e-09 
74.652978 1.019086e-09 
74.6534516 2.293663e-09 
76.0106339 5.830659e-10 
77.3687702 1.584514e-09 
76.0110788 1.989824e-09 
78.7264173 1.180992e-09 
78.7269075 2.206173e-09 
80.0841303 8.69236e-10 
81.4418028 7.210559e-10 
81.4422349 1.796758e-09 
80.0845933 1.993938e-09 
82.7999396 1.648628e-09 
85.5153304 1.691203e-09 
84.1576039 1.612759e-09 
85.5157737 2.328153e-09 
84.1580732 2.181996e-09 
86.8730178 1.844076e-09 
86.8734336 2.551641e-09 
89.5888337 3.047834e-09 
88.2311533 2.800354e-09 
89.5892766 3.225544e-09 
90.9465708 3.245496e-09 
90.9469931 3.72421e-09 
92.3042684 3.310035e-09 
92.3046701 4.16937e-09 
93.6624016 4.503202e-09 
95.0200939 4.655281e-09 
95.02051 4.839856e-09 
96.3778363 4.6443e-09 
97.7355384 4.352091e-09 
97.7359288 5.620051e-09 
96.3782389 5.333911e-09 
99.093667 5.741313e-09 
101.8091077 5.210185e-09 
100.4513659 5.55368e-09 
101.8094926 6.156439e-09 
100.4517566 5.926266e-09 
103.1668086 4.567167e-09 
103.1671901 6.083133e-09 
105.8826295 5.36633e-09 
104.5249294 5.883e-09 
105.8829978 5.898108e-09 
107.2403653 4.759361e-09 
107.2407355 5.803596e-09 
1.3387849 7.527958e-10 
1.3390534 1.218634e-09 
4.053962 4.357602e-10 
6.7689322 8.743557e-11 
6.7692883 3.054353e-09 
9.4842427 1.587091e-09 
12.1992268 5.681922e-10 
12.199641 3.142879e-09 
14.9146108 1.520867e-09 
17.6296094 5.207546e-10 
17.6300565 1.510914e-09 
20.3450449 5.226393e-10 
23.0600633 1.149416e-10 
23.060519 1.698223e-10 
25.775533 1.794181e-11 
28.4905802 1.840721e-10 
28.491026 2.914719e-10 
31.2060754 5.505439e-10 
33.9211623 8.609477e-10 
33.9215894 1.13636e-09 
36.636684 1.311134e-09 
39.3518204 1.446414e-09 
39.3522286 1.483643e-09 
42.0673753 1.455334e-09 
44.7825661 1.450721e-09 
44.7829608 1.079066e-09 
47.4981608 9.366528e-10 
50.2134022 9.390573e-10 
50.2137943 4.224436e-10 
52.9290405 2.336819e-10 
55.6443199 4.204009e-10 
55.644724 1.716366e-10 
58.3600019 3.697896e-11 
61.0753034 4.976236e-10 
61.0757324 6.912691e-10 
63.7910257 6.999543e-10 
66.5063388 1.032316e-09 
66.5067953 1.6887e-09 
69.2220949 1.589414e-09 
71.9374199 1.174573e-09 
71.9378926 2.304532e-09 
74.653202 1.737338e-09 
77.368548 8.634711e-10 
77.3690181 2.141207e-09 
80.0843492 1.501439e-09 
82.7997246 1.144248e-09 
82.8001783 2.01976e-09 
85.5155412 2.09526e-09 
88.2309463 2.431014e-09 
88.2313791 2.927844e-09 
90.9467741 3.651163e-09 
93.6622015 4.014816e-09 
93.6626138 4.577525e-09 
96.3780334 5.238905e-09 
99.0934725 5.055879e-09 
99.093866 5.888012e-09 
101.8092998 5.958785e-09 
104.5247394 5.10606e-09 
104.5251165 6.123371e-09 
107.2405537 5.534287e-09 
108.5982523 4.899067e-09 
109.9561705 4.943953e-09 
108.598611 5.473096e-09 
111.313672 3.361122e-09 
111.3140464 4.749537e-09 
112.6715908 3.492237e-09 
114.029469 3.434462e-09 
112.6719508 4.466257e-09 
114.0298123 4.035678e-09 
115.387373 3.293102e-09 
118.1027674 1.938354e-09 
116.7448605 2.019976e-09 
116.7452353 3.05818e-09 
118.103122 2.750671e-09 
119.4606333 1.828867e-09 
119.4609668 2.439399e-09 
122.1759894 8.021249e-10 
120.818521 1.714155e-09 
122.1763672 1.645193e-09 
123.5338819 7.471844e-10 
123.5342351 1.578856e-09 
124.8917333 8.031269e-10 
126.2496038 9.46971e-10 
124.8920625 1.571986e-09 
127.6070505 1.97474e-10 
127.6074341 1.161982e-09 
128.9649275 3.918252e-10 
130.3227646 6.863265e-10 
128.9652851 1.376352e-09 
130.3230985 1.567699e-09 
131.6806202 1.015069e-09 
134.3959048 6.746234e-10 
133.0380414 3.833245e-10 
133.0384386 1.30147e-09 
134.3962789 1.522158e-09 
135.7537313 9.053527e-10 
135.7540857 1.694026e-09 
138.4689665 7.768371e-10 
137.1115777 1.067402e-09 
138.4693909 1.163857e-09 
139.8268207 7.771491e-10 
139.8272277 1.276327e-09 
141.1846423 6.799969e-10 
142.5424851 5.955774e-10 
141.1850343 1.472329e-09 
143.8998336 7.247323e-10 
143.900298 5.857657e-10 
145.2576828 4.245213e-10 
146.6155025 1.783166e-10 
145.2581339 7.102283e-10 
146.6159409 9.671441e-10 
147.9733425 7.659919e-11 
150.68849 2.369587e-10 
149.3306464 5.180167e-10 
149.3311537 1.116428e-10 
150.6889849 2.628668e-10 
152.0463053 9.804933e-11 
152.0467862 4.68322e-10 
154.7613985 6.9756e-10 
153.4041374 9.81403e-11 
154.7619404 1.795725e-10 
156.1192311 5.807114e-10 
156.1197588 3.151799e-10 
157.4770354 5.783067e-10 
158.8348519 6.405828e-10 
157.4775464 4.498118e-10 
160.1920779 1.115598e-09 
160.1926391 7.389803e-10 
161.5498922 1.090964e-09 
162.9076791 1.141822e-09 
161.5504377 8.587514e-10 
162.908206 9.653793e-10 
164.265474 1.197996e-09 
166.9804661 1.229566e-09 
165.6226744 1.273674e-09 
165.623241 1.278344e-09 
166.9810163 1.355063e-09 
168.3382326 1.238816e-09 
168.3387632 1.403048e-09 
171.0531883 9.198434e-10 
169.696004 1.219171e-09 
171.0537501 1.205819e-09 
172.4109576 7.932715e-10 
172.4115025 1.182252e-09 
173.7687044 6.925979e-10 
175.1264546 5.797862e-10 
173.7692287 1.123655e-09 
176.4836294 3.669041e-10 
176.4841819 4.70557e-10 
177.8413799 2.185474e-10 
179.1991106 1.00117e-10 
177.8419142 3.806151e-10 
179.1996225 2.871792e-10 
180.5568436 3.280244e-11 
183.2717452 1.804519e-10 
181.9140085 1.83493e-10 
181.9145557 1.14665e-11 
183.2722722 6.545109e-11 
184.6294638 2.612328e-10 
184.6299665 1.893006e-10 
187.3443298 4.323156e-10 
185.9871842 4.468158e-10 
187.344885 7.522659e-10 
188.7020571 6.567713e-10 
188.70259 1.170565e-09 
190.0597669 1.026114e-09 
191.4174785 1.52021e-09 
190.0602739 1.713936e-09 
192.7745877 5.229197e-10 
192.7751708 2.171582e-09 
194.1323082 8.68034e-10 
195.4900114 1.360672e-09 
194.1328672 2.940905e-09 
195.4905429 3.81965e-09 
196.8477158 1.970318e-09 
199.562482 3.708495e-10 
198.204768 1.534543e-10 
198.2054008 2.701077e-09 
199.5630897 3.527234e-09 
200.9201785 6.86024e-10 
200.920758 4.426605e-09 
203.6348509 1.507913e-10 
202.2778755 1.094839e-09 
203.6355535 1.59349e-09 
204.9925588 6.202742e-11 
204.9932377 2.16148e-09 
206.3502036 4.947918e-11 
206.3508598 2.88579e-09 
108.5980595 3.925733e-09 
109.9559831 4.203402e-09 
108.5984353 5.423905e-09 
109.9563476 5.231802e-09 
111.3138662 4.232806e-09 
111.3142166 4.829008e-09 
114.029273 2.706053e-09 
112.6717776 4.164467e-09 
114.0296471 3.926091e-09 
115.3871861 2.709842e-09 
115.3875429 3.599128e-09 
116.7450586 2.60312e-09 
118.1029547 2.442425e-09 
116.7453964 3.196491e-09 
119.4604331 1.364671e-09 
119.4608091 2.263225e-09 
120.8183331 1.258172e-09 
122.1761919 1.204732e-09 
120.8186864 2.048045e-09 
122.1765224 1.880231e-09 
123.5340709 1.202298e-09 
124.8915288 3.970334e-10 
126.2494136 4.55773e-10 
124.8919089 1.280061e-09 
126.2497678 1.375159e-09 
127.6072575 6.460591e-10 
127.6075874 1.500614e-09 
130.3225547 2.098419e-10 
128.9651201 9.196633e-10 
130.3229436 1.214692e-09 
131.6804244 5.012522e-10 
131.6807883 1.469467e-09 
133.0382555 8.16183e-10 
134.3961057 1.102022e-09 
133.0385974 1.663523e-09 
135.7535117 6.107845e-10 
135.7539206 1.305016e-09 
137.1113699 7.944965e-10 
138.4691932 8.645678e-10 
137.1117584 1.462693e-09 
138.4695647 1.630716e-09 
139.8270373 8.843894e-10 
141.1844069 8.128738e-10 
142.5422583 6.310735e-10 
141.1848501 9.016478e-10 
142.5426865 1.006876e-09 
143.9000788 4.175187e-10 
143.9004937 1.242992e-09 
146.6152469 5.96494e-10 
145.2579205 2.950305e-10 
146.6157332 2.984001e-10 
147.9730937 2.693603e-10 
147.9735676 4.428378e-10 
149.3309118 5.770758e-11 
150.6887489 4.925055e-12 
149.3313727 6.866011e-10 
152.0460307 5.520441e-10 
152.0465569 6.739837e-11 
153.4038696 3.534014e-10 
154.7616804 2.907023e-10 
153.4043828 2.124957e-10 
154.7621782 3.763374e-10 
156.1195057 3.300048e-10 
157.4767481 9.07485e-10 
158.8345723 8.519142e-10 
157.4773015 4.221643e-10 
158.8351107 5.498348e-10 
160.1923686 8.870297e-10 
160.1928892 6.687056e-10 
162.9073868 1.252559e-09 
161.5501748 9.550619e-10 
162.9079522 1.051457e-09 
164.2651901 1.231674e-09 
164.2657393 1.156566e-09 
165.6229669 1.274731e-09 
166.98075 1.302253e-09 
165.6234969 1.241321e-09 
168.3379413 1.15359e-09 
168.3385064 1.344039e-09 
169.6957215 1.071432e-09 
171.0534778 1.026514e-09 
169.69627 1.374487e-09 
171.0540063 1.371188e-09 
172.4112382 9.53762e-10 
173.7684173 6.296215e-10 
175.1261766 4.752053e-10 
173.7689745 8.818042e-10 
175.1267163 8.090259e-10 
176.4839148 3.413176e-10 
176.4844331 7.107111e-10 
179.1988263 2.057782e-10 
177.8416558 2.246454e-10 
179.199375 1.256622e-10 
180.5565693 1.097989e-10 
180.5570988 7.373728e-11 
181.9142934 6.565657e-11 
183.2720196 1.037974e-10 
181.9147996 5.293756e-11 
184.6291765 2.841379e-10 
184.6297255 2.248913e-10 
185.9869081 3.9512e-10 
187.3446219 6.244382e-10 
185.9874357 4.442144e-10 
187.3451245 7.684436e-10 
188.7023375 9.725332e-10 
190.0594674 5.373387e-10 
191.4171911 8.469088e-10 
190.0600338 1.468381e-09 
191.4177343 2.084458e-09 
192.7748974 1.312851e-09 
192.7754139 2.826721e-09 
195.4896887 3.733056e-10 
194.1326054 1.90279e-09 
195.490294 2.638419e-09 
196.8474061 6.873654e-10 
196.8479866 3.48426e-09 
198.205106 1.125602e-09 
199.5628068 1.670184e-09 
198.2056584 4.417644e-09 
200.9198229 1.167072e-11 
200.9204883 2.312676e-09 
202.277533 8.526786e-11 
203.6352258 2.383437e-10 
202.2781737 3.033598e-09 
203.6358388 3.831812e-09 
204.9929211 4.777102e-10 
206.3498051 7.985504e-10 
206.3505537 8.345105e-10 
108.5982524 4.901004e-09 
108.5986111 5.475682e-09 
111.313672 3.36072e-09 
111.3140464 4.750437e-09 
114.029469 3.434681e-09 
114.0298124 4.037696e-09 
116.7448606 2.019668e-09 
116.7452353 3.058928e-09 
119.4606334 1.828787e-09 
119.4609668 2.4405e-09 
122.1759896 8.012818e-10 
122.1763673 1.646718e-09 
124.8917334 8.031895e-10 
124.8920624 1.573628e-09 
127.6070506 1.967993e-10 
127.6074341 1.164185e-09 
130.3227647 6.874326e-10 
130.3230985 1.570612e-09 
133.0380415 3.842893e-10 
133.0384386 1.3042e-09 
135.7537313 9.07393e-10 
135.7540857 1.696386e-09 
138.4689665 7.806602e-10 
138.4693909 1.165138e-09 
141.1846422 6.827419e-10 
141.1850343 1.472262e-09 
143.8998336 7.29018e-10 
143.9002979 5.855203e-10 
146.6155024 1.803014e-10 
146.6159408 9.655068e-10 
149.3306463 5.19834e-10 
149.3311536 1.10188e-10 
152.0463051 9.87336e-11 
152.0467861 4.671838e-10 
154.7613985 6.969211e-10 
154.7619403 1.786919e-10 
157.4770354 5.785141e-10 
157.4775463 4.490734e-10 
160.1920779 1.114697e-09 
160.1926391 7.382004e-10 
162.9076792 1.142542e-09 
162.908206 9.631089e-10 
165.6226745 1.272368e-09 
165.623241 1.278308e-09 
168.3382327 1.238784e-09 
168.3387632 1.400206e-09 
171.0531885 9.196523e-10 
171.0537502 1.205016e-09 
173.7687046 6.930345e-10 
173.7692287 1.11986e-09 
176.4836296 3.677565e-10 
176.484182 4.69503e-10 
179.1991107 1.006155e-10 
179.1996225 2.852914e-10 
181.9140087 1.852517e-10 
181.9145557 1.119635e-11 
184.6294638 2.619433e-10 
184.6299665 1.899571e-10 
187.3443299 4.328306e-10 
187.3448849 7.523149e-10 
190.0597669 1.02535e-09 
190.0602739 1.716178e-09 
192.7745877 5.228527e-10 
192.7751708 2.171206e-09 
195.4900113 1.359948e-09 
195.4905428 3.820988e-09 
198.204768 1.532857e-10 
198.2054008 2.701323e-09 
200.9201784 6.86693e-10 
200.920758 4.428957e-09 
203.6348507 1.513253e-10 
203.6355535 1.594314e-09 
206.3502035 5.044023e-11 
206.3508598 2.884665e-09 
108.5980595 3.924015e-09 
108.5984353 5.427665e-09 
109.9561705 4.945327e-09 
111.3138663 4.232044e-09 
111.3142166 4.831452e-09 
112.6715908 3.490933e-09 
114.029273 2.704511e-09 
114.0296471 3.927018e-09 
112.6719508 4.467489e-09 
115.387373 3.293571e-09 
118.1027674 1.938167e-09 
116.7450586 2.601329e-09 
118.103122 2.751286e-09 
116.7453964 3.198117e-09 
119.4604332 1.363346e-09 
119.4608091 2.261144e-09 
122.176192 1.203023e-09 
120.818521 1.713748e-09 
122.1765223 1.878983e-09 
123.5338821 7.459697e-10 
123.5342351 1.579879e-09 
124.8915289 3.96142e-10 
124.8919089 1.279338e-09 
126.2496039 9.477728e-10 
127.6072576 6.467863e-10 
127.6075874 1.499924e-09 
128.9649276 3.920776e-10 
130.3225547 2.109441e-10 
130.3229435 1.217133e-09 
128.9652851 1.379177e-09 
131.6806202 1.018218e-09 
134.3959048 6.781517e-10 
133.0382555 8.197763e-10 
134.3962788 1.524667e-09 
133.0385973 1.663669e-09 
135.7535118 6.160269e-10 
135.7539205 1.307123e-09 
138.4691932 8.694781e-10 
137.1115776 1.070317e-09 
138.4695645 1.629061e-09 
139.8268207 7.828379e-10 
139.8272276 1.275611e-09 
141.1844068 8.200741e-10 
141.18485 9.012231e-10 
142.5424849 5.966796e-10 
143.9000787 4.209074e-10 
143.9004936 1.240814e-09 
145.2576827 4.290249e-10 
146.6152469 6.011587e-10 
146.615733 2.973411e-10 
145.2581338 7.086316e-10 
147.9733424 7.6692e-11 
150.6884899 2.383196e-10 
149.3309117 5.88066e-11 
150.6889848 2.618962e-10 
149.3313726 6.85899e-10 
152.0460307 5.522895e-10 
152.0465568 6.688168e-11 
154.7616804 2.901039e-10 
153.4041373 9.785879e-11 
154.7621781 3.764529e-10 
156.119231 5.807302e-10 
156.1197587 3.143114e-10 
157.4767481 9.080896e-10 
157.4773015 4.207339e-10 
158.8348519 6.405952e-10 
160.1923687 8.887137e-10 
160.1928892 6.665316e-10 
161.5498923 1.091845e-09 
162.9073869 1.255046e-09 
162.9079523 1.051271e-09 
161.5504377 8.573608e-10 
164.2654741 1.199281e-09 
166.9804663 1.230211e-09 
165.622967 1.277683e-09 
166.9810164 1.353481e-09 
165.6234971 1.236949e-09 
168.3379415 1.155664e-09 
168.3385066 1.343901e-09 
171.053478 1.028926e-09 
169.6960042 1.219443e-09 
171.0540064 1.366692e-09 
172.4109578 7.946295e-10 
172.4115026 1.179101e-09 
173.7684175 6.320214e-10 
173.7689747 8.811141e-10 
175.1264548 5.796754e-10 
176.483915 3.42789e-10 
176.4844332 7.076671e-10 
177.8413801 2.195613e-10 
179.1988265 2.075756e-10 
179.1993751 1.251843e-10 
177.8419142 3.787838e-10 
180.5568437 3.283901e-11 
183.2717454 1.814876e-10 
181.9142935 6.634338e-11 
183.2722722 6.542585e-11 
181.9147996 5.207229e-11 
184.6291767 2.84372e-10 
184.6297255 2.250629e-10 
187.3446219 6.236112e-10 
185.9871843 4.469892e-10 
187.3451245 7.693645e-10 
188.7020571 6.559337e-10 
188.70259 1.171342e-09 
190.0594674 5.370169e-10 
190.0600338 1.467925e-09 
191.4174785 1.519953e-09 
192.7748974 1.312265e-09 
192.7754138 2.827317e-09 
194.1323082 8.674912e-10 
195.4896887 3.731146e-10 
195.490294 2.638922e-09 
194.1328672 2.941081e-09 
196.8477157 1.970218e-09 
199.5624819 3.709107e-10 
198.205106 1.125303e-09 
199.5630897 3.527591e-09 
198.2056584 4.418668e-09 
200.9198228 1.161447e-11 
200.9204882 2.312327e-09 
203.6352257 2.386849e-10 
202.2778755 1.095375e-09 
203.6358387 3.832052e-09 
204.9925587 6.258931e-11 
204.9932377 2.160892e-09 
206.349805 7.974673e-10 
206.3505536 8.350358e-10 
109.9559831 4.200115e-09 
109.9563476 5.235763e-09 
112.6717777 4.164497e-09 
115.3871862 2.706638e-09 
115.3875429 3.600316e-09 
118.1029547 2.439769e-09 
120.8183331 1.256531e-09 
120.8186864 2.045791e-09 
123.5340709 1.200571e-09 
126.2494136 4.553376e-10 
126.2497678 1.374117e-09 
128.96512 9.212671e-10 
131.6804244 5.043311e-10 
131.6807881 1.470138e-09 
134.3961056 1.105158e-09 
137.1113698 8.013108e-10 
137.1117582 1.461152e-09 
139.8270371 8.862035e-10 
142.5422582 6.37172e-10 
142.5426864 1.004132e-09 
145.2579203 2.954225e-10 
147.9730936 2.72068e-10 
147.9735675 4.421604e-10 
150.6887487 4.988222e-12 
153.4038696 3.527416e-10 
153.4043827 2.126702e-10 
156.1195057 3.287625e-10 
158.8345724 8.532873e-10 
158.8351108 5.481495e-10 
161.5501749 9.563175e-10 
164.2651903 1.235332e-09 
164.2657395 1.153906e-09 
166.9807502 1.303697e-09 
169.6957217 1.07445e-09 
169.6962702 1.371706e-09 
172.4112384 9.54736e-10 
175.1261768 4.778711e-10 
175.1267165 8.067103e-10 
177.841656 2.249719e-10 
180.5565694 1.108561e-10 
180.5570989 7.311075e-11 
183.2720197 1.039768e-10 
185.9869082 3.941744e-10 
185.9874358 4.447926e-10 
188.7023376 9.719543e-10 
191.4171911 8.463771e-10 
191.4177343 2.084408e-09 
194.1326054 1.902995e-09 
196.8474061 6.872256e-10 
196.8479865 3.484584e-09 
199.5628067 1.669149e-09 
202.2775329 8.518118e-11 
202.2781737 3.032386e-09 
204.9929211 4.774754e-10 
108.5982524 4.900893e-09 
109.9561705 4.945768e-09 
108.598611 5.478468e-09 
111.313672 3.357536e-09 
111.3140464 4.753354e-09 
112.6715908 3.48637e-09 
114.029469 3.43119e-09 
112.6719508 4.470708e-09 
114.0298124 4.039652e-09 
115.387373 3.290696e-09 
116.7448606 2.017225e-09 
118.1027674 1.934686e-09 
116.7452353 3.056797e-09 
118.1031219 2.749667e-09 
119.4606334 1.825447e-09 
119.4609668 2.439313e-09 
122.1759896 8.003245e-10 
122.1763672 1.642152e-09 
120.818521 1.709727e-09 
123.533882 7.449716e-10 
123.5342351 1.575446e-09 
124.8917334 8.015742e-10 
126.2496038 9.459908e-10 
124.8920624 1.569745e-09 
127.6070506 1.974381e-10 
127.607434 1.162481e-09 
128.9649275 3.938063e-10 
130.3227646 6.898888e-10 
128.965285 1.375595e-09 
130.3230983 1.566622e-09 
131.6806201 1.019461e-09 
133.0380415 3.88432e-10 
134.3959047 6.832128e-10 
133.0384384 1.305298e-09 
134.3962786 1.521873e-09 
135.7537312 9.126684e-10 
135.7540855 1.692738e-09 
138.4689665 7.879026e-10 
138.4693907 1.164864e-09 
137.1115774 1.071972e-09 
139.8268206 7.883412e-10 
139.8272274 1.271982e-09 
141.1846421 6.867226e-10 
142.5424848 5.968237e-10 
141.1850341 1.46816e-09 
143.8998335 7.348666e-10 
143.9002977 5.841607e-10 
145.2576826 4.314799e-10 
146.6155022 1.817383e-10 
145.2581337 7.076416e-10 
146.6159407 9.651958e-10 
147.9733423 7.702892e-11 
149.3306463 5.221213e-10 
150.6884898 2.381971e-10 
149.3311535 1.106172e-10 
150.6889848 2.632378e-10 
152.0463051 9.812462e-11 
152.0467861 4.683349e-10 
154.7613986 6.971736e-10 
154.7619403 1.783515e-10 
153.4041373 9.714578e-11 
156.1192311 5.805075e-10 
156.1197588 3.139176e-10 
157.4770355 5.788159e-10 
158.834852 6.399689e-10 
157.4775464 4.485375e-10 
160.192078 1.118299e-09 
160.1926392 7.37288e-10 
161.5498925 1.095441e-09 
162.9076793 1.14616e-09 
161.5504378 8.551913e-10 
162.9082061 9.594304e-10 
164.2654743 1.201277e-09 
165.6226747 1.276888e-09 
166.9804665 1.234718e-09 
165.6232412 1.278975e-09 
166.9810166 1.350763e-09 
168.3382329 1.243253e-09 
168.3387634 1.395681e-09 
171.0531887 9.232616e-10 
171.0537504 1.205314e-09 
169.6960044 1.2212e-09 
172.4109579 7.977382e-10 
172.4115028 1.177249e-09 
173.7687048 6.961231e-10 
175.1264549 5.809037e-10 
173.7692289 1.116254e-09 
176.4836298 3.702669e-10 
176.4841822 4.69417e-10 
177.8413802 2.213066e-10 
179.1991109 1.018354e-10 
177.8419144 3.783234e-10 
179.1996226 2.839851e-10 
180.5568438 3.330775e-11 
181.9140088 1.858445e-10 
183.2717454 1.807067e-10 
181.9145558 1.133122e-11 
183.2722723 6.585954e-11 
184.6294639 2.60882e-10 
184.6299665 1.902564e-10 
187.3443299 4.315691e-10 
187.344885 7.51723e-10 
185.9871844 4.458693e-10 
188.7020572 6.545996e-10 
188.7025901 1.170647e-09 
190.059767 1.024343e-09 
191.4174786 1.51987e-09 
190.0602739 1.715309e-09 
192.7745878 5.223041e-10 
192.7751708 2.171626e-09 
194.1323083 8.675959e-10 
195.4900114 1.360103e-09 
194.1328672 2.941388e-09 
195.4905428 3.821188e-09 
196.8477158 1.970613e-09 
198.204768 1.531722e-10 
199.5624819 3.705066e-10 
198.2054008 2.701749e-09 
199.5630897 3.525997e-09 
200.9201783 6.860269e-10 
200.9207579 4.4278e-09 
203.6348506 1.509029e-10 
202.2778754 1.094108e-09 
203.6355534 1.593789e-09 
204.9925586 6.234998e-11 
204.9932376 2.159483e-09 
206.3502034 5.061811e-11 
206.3508598 2.884413e-09 
108.5980596 3.923123e-09 
108.5984352 5.428848e-09 
111.3138663 4.230135e-09 
111.3142165 4.833707e-09 
114.029273 2.700457e-09 
114.0296471 3.92663e-09 
116.7450586 2.597641e-09 
116.7453964 3.198002e-09 
119.4604331 1.361401e-09 
119.4608091 2.257488e-09 
122.1761919 1.199704e-09 
122.1765223 1.876057e-09 
124.8915288 3.965362e-10 
124.8919088 1.274464e-09 
127.6072574 6.466928e-10 
127.6075873 1.494806e-09 
130.3225546 2.134735e-10 
130.3229434 1.215049e-09 
133.0382554 8.231145e-10 
133.0385971 1.657448e-09 
135.7535117 6.20809e-10 
135.7539203 1.30685e-09 
138.469193 8.729298e-10 
138.4695644 1.624409e-09 
141.1844068 8.241182e-10 
141.1848498 8.999572e-10 
143.9000786 4.21444e-10 
143.9004936 1.239379e-09 
146.6152468 6.030054e-10 
146.6157329 2.977909e-10 
149.3309117 5.835085e-11 
149.3313726 6.880254e-10 
152.0460307 5.529784e-10 
152.0465569 6.773866e-11 
154.7616804 2.894645e-10 
154.7621782 3.7752e-10 
157.4767482 9.100239e-10 
157.4773017 4.204455e-10 
160.1923688 8.902723e-10 
160.1928893 6.654813e-10 
162.907387 1.259831e-09 
162.9079525 1.051529e-09 
165.6229672 1.281765e-09 
165.6234972 1.233929e-09 
168.3379416 1.160266e-09 
168.3385068 1.345173e-09 
171.0534782 1.032124e-09 
171.0540066 1.364395e-09 
173.7684176 6.34607e-10 
173.7689748 8.818219e-10 
176.4839151 3.447504e-10 
176.4844333 7.066159e-10 
179.1988265 2.083532e-10 
179.1993752 1.258676e-10 
181.9142936 6.591667e-11 
181.9147997 5.206701e-11 
184.6291767 2.82693e-10 
184.6297257 2.245553e-10 
187.344622 6.217632e-10 
187.3451246 7.68672e-10 
190.0594675 5.354313e-10 
190.0600339 1.467558e-09 
192.7748975 1.312155e-09 
192.7754139 2.826332e-09 
195.4896888 3.726323e-10 
195.490294 2.639753e-09 
198.205106 1.125026e-09 
198.2056584 4.417769e-09 
200.9198228 1.139566e-11 
200.9204882 2.311719e-09 
203.6352257 2.379799e-10 
203.6358387 3.831141e-09 
206.3498049 7.951525e-10 
206.3505536 8.347188e-10 
109.9559831 4.199131e-09 
108.5982524 4.901001e-09 
109.9563476 5.236057e-09 
108.598611 5.476354e-09 
111.313672 3.356798e-09 
111.3140464 4.751631e-09 
114.029469 3.430618e-09 
112.6717776 4.163295e-09 
114.0298123 4.039328e-09 
115.3871861 2.703563e-09 
115.3875429 3.600816e-09 
116.7448605 2.014571e-09 
118.1029546 2.43716e-09 
116.7452353 3.056368e-09 
119.4606333 1.822565e-09 
119.4609668 2.43813e-09 
120.818333 1.254567e-09 
122.1759894 8.002284e-10 
122.1763672 1.638667e-09 
120.8186864 2.042597e-09 
123.5340708 1.196719e-09 
126.2494134 4.558427e-10 
124.8917333 8.003734e-10 
126.2497677 1.369341e-09 
124.8920624 1.567216e-09 
127.6070505 1.983025e-10 
127.6074339 1.159624e-09 
130.3227645 6.905708e-10 
128.9651198 9.202394e-10 
130.3230983 1.561764e-09 
131.6804243 5.070548e-10 
131.680788 1.46516e-09 
133.0380414 3.906326e-10 
134.3961054 1.105699e-09 
133.0384383 1.303708e-09 
135.7537311 9.142613e-10 
135.7540854 1.687767e-09 
137.1113697 8.042845e-10 
138.4689664 7.884258e-10 
138.4693906 1.164281e-09 
137.1117581 1.457801e-09 
139.827037 8.865013e-10 
142.5422581 6.379097e-10 
141.184642 6.863782e-10 
142.5426863 1.002505e-09 
141.1850341 1.466726e-09 
143.8998335 7.340957e-10 
143.9002977 5.840024e-10 
146.6155022 1.804127e-10 
145.2579203 2.950959e-10 
146.6159407 9.666318e-10 
147.9730936 2.711279e-10 
147.9735675 4.439709e-10 
149.3306463 5.213398e-10 
150.6887488 5.000699e-12 
149.3311536 1.120522e-10 
152.0463052 9.718213e-11 
152.0467862 4.704375e-10 
153.4038697 3.518826e-10 
154.7613986 6.978644e-10 
154.7619404 1.787513e-10 
153.4043828 2.137821e-10 
156.1195058 3.279065e-10 
158.8345726 8.543728e-10 
157.4770356 5.789202e-10 
158.8351109 5.47599e-10 
157.4775465 4.493354e-10 
160.1920781 1.120995e-09 
160.1926393 7.375701e-10 
162.9076794 1.147406e-09 
161.5501751 9.564664e-10 
162.9082062 9.597467e-10 
164.2651904 1.239168e-09 
164.2657396 1.152273e-09 
165.6226747 1.280938e-09 
166.9807503 1.305169e-09 
165.6232413 1.279696e-09 
168.3382329 1.24519e-09 
168.3387635 1.395649e-09 
169.6957218 1.077554e-09 
171.0531887 9.254879e-10 
171.0537505 1.20652e-09 
169.6962703 1.370944e-09 
172.4112385 9.557636e-10 
175.1261768 4.793425e-10 
173.7687048 6.971609e-10 
175.1267165 8.070679e-10 
173.7692289 1.117436e-09 
176.4836297 3.704295e-10 
176.4841822 4.705047e-10 
179.1991108 1.020554e-10 
177.841656 2.260111e-10 
179.1996227 2.847208e-10 
180.5565694 1.105456e-10 
180.557099 7.388779e-11 
181.9140087 1.843643e-10 
183.2720197 1.035329e-10 
181.9145559 1.167776e-11 
184.6294639 2.594465e-10 
184.6299667 1.898313e-10 
185.9869082 3.923453e-10 
187.3443299 4.298142e-10 
187.3448851 7.510223e-10 
185.9874359 4.442904e-10 
188.7023377 9.709445e-10 
191.4171912 8.456251e-10 
190.059767 1.024303e-09 
191.4177344 2.083923e-09 
190.060274 1.713855e-09 
192.7745878 5.215572e-10 
192.7751709 2.171657e-09 
195.4900115 1.360093e-09 
194.1326055 1.903537e-09 
195.4905428 3.819272e-09 
196.8474062 6.870118e-10 
196.8479866 3.484124e-09 
198.204768 1.531125e-10 
198.2054008 2.700401e-09 
199.5628068 1.668567e-09 
200.9201784 6.854834e-10 
200.9207579 4.425584e-09 
202.277533 8.469458e-11 
203.6348507 1.499752e-10 
203.6355534 1.592119e-09 
202.2781737 3.030859e-09 
204.992921 4.760219e-10 
206.3502034 4.9764e-11 
206.3508597 2.885308e-09 
109.9561705 4.945216e-09 
112.6715908 3.487134e-09 
112.6719507 4.468751e-09 
115.387373 3.291091e-09 
118.1027673 1.933641e-09 
118.1031219 2.748744e-09 
120.8185209 1.707694e-09 
123.5338818 7.451581e-10 
123.534235 1.573334e-09 
126.2496037 9.445495e-10 
128.9649274 3.943023e-10 
128.9652849 1.372066e-09 
131.68062 1.019049e-09 
134.3959046 6.834735e-10 
134.3962786 1.518475e-09 
137.1115774 1.071769e-09 
139.8268206 7.864743e-10 
139.8272274 1.271229e-09 
142.5424848 5.962649e-10 
145.2576826 4.288828e-10 
145.2581338 7.084849e-10 
147.9733424 7.700054e-11 
150.6884899 2.362825e-10 
150.6889849 2.649747e-10 
153.4041375 9.68804e-11 
156.1192312 5.80686e-10 
156.1197589 3.142735e-10 
158.8348521 6.393432e-10 
161.5498925 1.096243e-09 
161.5504379 8.555031e-10 
164.2654743 1.200981e-09 
166.9804664 1.237028e-09 
166.9810166 1.350699e-09 
169.6960044 1.221124e-09 
172.4109578 7.983508e-10 
172.4115027 1.179218e-09 
175.1264549 5.81331e-10 
177.8413801 2.208313e-10 
177.8419144 3.797055e-10 
180.5568438 3.357791e-11 
183.2717454 1.793726e-10 
183.2722724 6.618833e-11 
185.9871844 4.452336e-10 
188.7020572 6.543944e-10 
188.7025901 1.16976e-09 
191.4174787 1.520143e-09 
194.1323083 8.673754e-10 
194.1328673 2.940591e-09 
196.8477159 1.969907e-09 
199.562482 3.704875e-10 
199.5630897 3.524324e-09 
202.2778755 1.092755e-09 
204.9925587 6.166066e-11 
204.9932376 2.158745e-09 
108.5980596 3.92334e-09 
109.9559831 4.20022e-09 
108.5984352 5.425416e-09 
109.9563476 5.233006e-09 
111.3138662 4.231132e-09 
111.3142165 4.830346e-09 
114.029273 2.701469e-09 
112.6717776 4.164007e-09 
114.0296471 3.925883e-09 
115.3871861 2.705666e-09 
115.3875429 3.59811e-09 
116.7450586 2.598368e-09 
118.1029546 2.437962e-09 
116.7453964 3.196044e-09 
119.460433 1.36192e-09 
119.4608091 2.257218e-09 
120.8183329 1.255948e-09 
122.1761918 1.19982e-09 
120.8186864 2.04315e-09 
122.1765223 1.875812e-09 
123.5340708 1.197392e-09 
124.8915287 3.971291e-10 
126.2494134 4.562955e-10 
124.8919088 1.273945e-09 
126.2497677 1.369076e-09 
127.6072574 6.463951e-10 
127.6075873 1.493553e-09 
130.3225545 2.129485e-10 
128.9651198 9.196091e-10 
130.3229433 1.214085e-09 
131.6804242 5.049308e-10 
131.6807881 1.464312e-09 
133.0382553 8.219743e-10 
134.3961054 1.104321e-09 
133.0385971 1.655673e-09 
135.7535116 6.1882e-10 
135.7539203 1.306002e-09 
137.1113697 7.998436e-10 
138.469193 8.711339e-10 
137.1117582 1.458145e-09 
138.4695644 1.623717e-09 
139.8270371 8.851995e-10 
141.1844068 8.196706e-10 
142.5422582 6.328701e-10 
141.1848499 8.996516e-10 
142.5426864 1.004026e-09 
143.9000786 4.191238e-10 
143.9004937 1.240765e-09 
146.6152469 5.995893e-10 
145.2579204 2.947963e-10 
146.6157331 2.989382e-10 
147.9730937 2.680558e-10 
147.9735676 4.451576e-10 
149.3309118 5.69575e-11 
150.6887489 4.976426e-12 
149.3313727 6.895708e-10 
152.0460308 5.52003e-10 
152.046557 6.860826e-11 
153.4038698 3.51561e-10 
154.7616805 2.893835e-10 
153.4043829 2.14113e-10 
154.7621783 3.781055e-10 
156.1195059 3.282242e-10 
157.4767482 9.109119e-10 
158.8345726 8.541295e-10 
157.4773017 4.211866e-10 
158.8351109 5.483646e-10 
160.1923689 8.896015e-10 
160.1928894 6.671818e-10 
162.9073869 1.261188e-09 
161.550175 9.549612e-10 
162.9079525 1.051451e-09 
164.2651903 1.238477e-09 
164.2657395 1.153294e-09 
165.6229671 1.281278e-09 
166.9807502 1.304046e-09 
165.6234972 1.236492e-09 
168.3379414 1.161261e-09 
168.3385067 1.345225e-09 
169.6957216 1.076972e-09 
171.053478 1.03158e-09 
169.6962702 1.372959e-09 
171.0540065 1.368014e-09 
172.4112383 9.551484e-10 
173.7684174 6.339961e-10 
175.1261766 4.778384e-10 
173.7689747 8.827216e-10 
175.1267165 8.094542e-10 
176.483915 3.441867e-10 
176.4844333 7.092347e-10 
179.1988264 2.065159e-10 
177.8416559 2.259874e-10 
179.1993752 1.265949e-10 
180.5565693 1.093137e-10 
180.5570989 7.496131e-11 
181.9142935 6.524169e-11 
183.2720197 1.03279e-10 
181.9147998 5.295404e-11 
184.6291766 2.813718e-10 
184.6297257 2.241336e-10 
185.9869081 3.926198e-10 
187.344622 6.221489e-10 
185.9874359 4.43386e-10 
187.3451247 7.670697e-10 
188.7023377 9.717676e-10 
190.0594675 5.354124e-10 
191.4171912 8.465828e-10 
190.0600339 1.467704e-09 
191.4177344 2.08326e-09 
192.7748976 1.31286e-09 
192.775414 2.825048e-09 
195.4896888 3.726364e-10 
194.1326055 1.903346e-09 
195.4902941 2.638582e-09 
196.8474062 6.871659e-10 
196.8479867 3.482443e-09 
198.2051061 1.125191e-09 
199.5628068 1.667992e-09 
198.2056584 4.415228e-09 
200.9198229 1.137226e-11 
200.9204882 2.30967e-09 
202.2775331 8.458082e-11 
203.6352258 2.373462e-10 
202.2781737 3.029336e-09 
203.6358387 3.829805e-09 
204.9929211 4.75526e-10 
206.3498051 7.949495e-10 
206.3505536 8.341682e-10 
108.5982523 4.900402e-09 
108.598611 5.474275e-09 
111.313672 3.358065e-09 
111.3140464 4.749979e-09 
114.029469 3.43259e-09 
114.0298124 4.035852e-09 
116.7448605 2.018051e-09 
116.7452353 3.05593e-09 
119.4606333 1.825863e-09 
119.4609668 2.437761e-09 
122.1759894 8.017555e-10 
122.1763672 1.640934e-09 
124.8917333 8.014996e-10 
124.8920624 1.568803e-09 
127.6070504 1.979338e-10 
127.607434 1.160673e-09 
130.3227645 6.883303e-10 
130.3230984 1.563377e-09 
133.0380414 3.868153e-10 
133.0384384 1.302721e-09 
135.7537312 9.099363e-10 
135.7540856 1.690248e-09 
138.4689664 7.818558e-10 
138.4693907 1.163939e-09 
141.1846421 6.824582e-10 
141.1850343 1.469322e-09 
143.8998336 7.279996e-10 
143.9002979 5.847063e-10 
146.6155024 1.785119e-10 
146.6159409 9.678353e-10 
149.3306464 5.185504e-10 
149.3311537 1.127596e-10 
152.0463053 9.713684e-11 
152.0467862 4.699434e-10 
154.7613986 6.978527e-10 
154.7619405 1.794602e-10 
157.4770356 5.785613e-10 
157.4775465 4.497322e-10 
160.192078 1.119812e-09 
160.1926393 7.382496e-10 
162.9076793 1.144888e-09 
162.9082062 9.629613e-10 
165.6226745 1.279307e-09 
165.6232412 1.278404e-09 
168.3382327 1.242836e-09 
168.3387633 1.400151e-09 
171.0531884 9.236227e-10 
171.0537503 1.206553e-09 
173.7687046 6.949625e-10 
173.7692288 1.122211e-09 
176.4836295 3.683892e-10 
176.4841821 4.70825e-10 
179.1991107 1.010524e-10 
179.1996226 2.86826e-10 
181.9140086 1.827605e-10 
181.9145558 1.176751e-11 
184.6294638 2.598838e-10 
184.6299667 1.892147e-10 
187.3443298 4.30524e-10 
187.3448851 7.512559e-10 
190.059767 1.025762e-09 
190.060274 1.713074e-09 
192.7745878 5.218554e-10 
192.7751709 2.171689e-09 
195.4900115 1.360522e-09 
195.4905429 3.81807e-09 
198.2047681 1.534852e-10 
198.2054009 2.699425e-09 
200.9201785 6.85375e-10 
200.920758 4.423809e-09 
203.6348508 1.498829e-10 
203.6355534 1.591499e-09 
206.3502035 4.902669e-11 
206.3508597 2.886509e-09 
108.5980596 3.924755e-09 
108.5984352 5.424182e-09 
109.9561705 4.945089e-09 
111.3138662 4.231445e-09 
111.3142165 4.827889e-09 
114.0292729 2.70466e-09 
112.6715907 3.488854e-09 
114.0296471 3.925503e-09 
112.6719507 4.466427e-09 
115.3873729 3.291933e-09 
118.1027673 1.93718e-09 
116.7450586 2.602109e-09 
118.103122 2.748463e-09 
116.7453964 3.195676e-09 
119.460433 1.364482e-09 
119.4608091 2.259428e-09 
122.1761918 1.203083e-09 
120.8185209 1.710594e-09 
122.1765224 1.87758e-09 
123.5338818 7.466841e-10 
123.5342351 1.575556e-09 
124.8915287 3.977245e-10 
126.2496037 9.457837e-10 
124.8919089 1.277384e-09 
127.6072574 6.45962e-10 
127.6075874 1.497211e-09 
130.3225545 2.106762e-10 
128.9649274 3.928096e-10 
130.3229435 1.213561e-09 
128.965285 1.373593e-09 
131.6806201 1.016197e-09 
134.3959047 6.776919e-10 
133.0382554 8.17149e-10 
134.3962788 1.520169e-09 
133.0385973 1.659509e-09 
135.7535117 6.123686e-10 
135.7539205 1.304479e-09 
138.4691932 8.656604e-10 
137.1115775 1.06896e-09 
138.4695646 1.627992e-09 
139.8268207 7.79467e-10 
139.8272276 1.274162e-09 
141.1844068 8.126097e-10 
141.1848501 9.006779e-10 
142.542485 5.952783e-10 
143.9000788 4.166175e-10 
143.9004938 1.242901e-09 
145.2576828 4.246436e-10 
146.6152469 5.955976e-10 
146.6157332 2.992039e-10 
145.2581339 7.1003e-10 
147.9733425 7.688134e-11 
150.68849 2.355074e-10 
149.3309119 5.654709e-11 
150.688985 2.648534e-10 
149.3313728 6.885576e-10 
152.0460308 5.516958e-10 
152.0465571 6.842669e-11 
154.7616805 2.901658e-10 
153.4041375 9.747793e-11 
154.7621783 3.770632e-10 
156.1192312 5.806776e-10 
156.1197589 3.147873e-10 
157.4767481 9.091872e-10 
157.4773017 4.222589e-10 
158.8348521 6.396113e-10 
160.1923687 8.874211e-10 
160.1928893 6.69112e-10 
162.9073868 1.257093e-09 
161.5498924 1.094038e-09 
162.9079523 1.051337e-09 
161.5504378 8.569524e-10 
164.2654741 1.198457e-09 
166.9804662 1.234037e-09 
165.6229669 1.277295e-09 
166.9810164 1.352778e-09 
165.623497 1.240677e-09 
168.3379413 1.157238e-09 
168.3385065 1.344129e-09 
171.0534778 1.028116e-09 
169.6960041 1.220193e-09 
171.0540064 1.372515e-09 
172.4109576 7.958273e-10 
172.4115026 1.182133e-09 
173.7684172 6.312466e-10 
173.7689745 8.828842e-10 
175.1264547 5.805602e-10 
176.4839148 3.420685e-10 
176.4844332 7.121207e-10 
179.1988262 2.05192e-10 
177.8413799 2.191077e-10 
179.199375 1.263876e-10 
177.8419143 3.809772e-10 
180.5568437 3.329451e-11 
183.2717452 1.792032e-10 
181.9142934 6.506008e-11 
183.2722723 6.59377e-11 
181.9147997 5.349881e-11 
184.6291765 2.819625e-10 
184.6297256 2.243868e-10 
187.3446219 6.239865e-10 
185.9871843 4.458951e-10 
187.3451246 7.663958e-10 
188.7020571 6.559513e-10 
188.7025901 1.169429e-09 
190.0594674 5.364898e-10 
190.0600339 1.468723e-09 
191.4174786 1.520924e-09 
192.7748975 1.313618e-09 
192.775414 2.825016e-09 
195.4896888 3.731611e-10 
194.1323083 8.676366e-10 
195.4902941 2.639541e-09 
194.1328673 2.940054e-09 
196.8477159 1.969926e-09 
199.562482 3.70703e-10 
198.2051061 1.125347e-09 
199.5630898 3.523348e-09 
198.2056585 4.415052e-09 
200.919823 1.158776e-11 
200.9204883 2.310226e-09 
203.6352258 2.376273e-10 
202.2778755 1.092976e-09 
203.6358387 3.831371e-09 
204.9925588 6.141493e-11 
204.9932376 2.159875e-09 
206.3498052 7.974657e-10 
206.3505537 8.34183e-10 
109.9559831 4.20213e-09 
109.9563476 5.23114e-09 
112.6717776 4.164111e-09 
115.3871861 2.708593e-09 
115.3875429 3.598682e-09 
118.1029546 2.440399e-09 
120.818333 1.258026e-09 
120.8186864 2.04506e-09 
123.5340709 1.200849e-09 
126.2494134 4.566067e-10 
126.2497678 1.372311e-09 
128.96512 9.184487e-10 
131.6804243 5.011722e-10 
131.6807882 1.466168e-09 
134.3961056 1.10047e-09 
137.1113698 7.933574e-10 
137.1117584 1.460678e-09 
139.8270373 8.833679e-10 
142.5422583 6.285778e-10 
142.5426866 1.006832e-09 
145.2579206 2.947942e-10 
147.9730938 2.669635e-10 
147.9735677 4.444778e-10 
150.688749 4.935916e-12 
153.4038697 3.526271e-10 
153.4043829 2.136314e-10 
156.1195058 3.294933e-10 
158.8345724 8.522216e-10 
158.8351108 5.50038e-10 
161.5501749 9.543819e-10 
164.2651901 1.234263e-09 
164.2657394 1.155734e-09 
166.98075 1.302115e-09 
169.6957214 1.073049e-09 
169.69627 1.37538e-09 
172.4112381 9.542826e-10 
175.1261764 4.757176e-10 
175.1267163 8.111205e-10 
177.8416558 2.25205e-10 
180.5565692 1.088373e-10 
180.5570988 7.480612e-11 
183.2720196 1.033842e-10 
185.986908 3.941144e-10 
185.9874358 4.432314e-10 
188.7023376 9.730392e-10 
191.4171911 8.471152e-10 
191.4177344 2.083763e-09 
194.1326055 1.903789e-09 
196.8474061 6.872912e-10 
196.8479867 3.484095e-09 
199.5628068 1.668747e-09 
202.2775331 8.489935e-11 
202.2781737 3.03183e-09 
204.9929212 4.766782e-10 
