# c_kinat vs. Position.Y (3040 data points):
# Position.Y c_kinat
1.340265 1.259101e-08 
1.3408323 9.401289e-09 
2.6979386 1.0969e-08 
2.6985151 6.670247e-09 
5.412847 9.804458e-09 
4.055727 9.060134e-09 
5.4134322 6.76705e-09 
4.0563004 4.340395e-09 
6.7706338 8.216031e-09 
6.7712165 4.527007e-09 
8.1283381 6.184765e-09 
9.4861235 4.196738e-09 
8.1289196 2.657465e-09 
9.4866974 1.280946e-09 
10.8432413 5.095586e-09 
10.8438264 2.501819e-09 
12.2010282 3.463243e-09 
13.5587322 2.060862e-09 
12.2016061 1.27973e-09 
13.5593067 5.781705e-10 
14.9165144 1.101166e-09 
14.9170832 2.715793e-10 
16.2736435 1.452177e-09 
17.6314283 7.963154e-10 
16.2742167 5.747534e-10 
17.6319964 3.800451e-10 
18.9891333 4.976105e-10 
20.3469166 4.390968e-10 
18.9897013 4.0281e-10 
20.3474852 4.737002e-10 
21.7040617 4.168558e-10 
21.7046251 5.373358e-10 
23.0618486 4.830205e-10 
24.4195613 6.456015e-10 
23.0624134 6.105724e-10 
24.4201324 6.5574e-10 
25.7773544 7.177757e-10 
25.7779331 5.85021e-10 
27.1345151 7.818243e-10 
28.492313 8.416278e-10 
27.1350786 7.468167e-10 
28.4928851 6.445752e-10 
29.8500427 8.319963e-10 
29.850627 5.268603e-10 
32.5650308 9.53815e-10 
31.207855 6.983267e-10 
32.5656034 5.588641e-10 
31.2084517 3.684199e-10 
33.9228489 7.885022e-10 
33.9234347 3.997257e-10 
35.2806034 6.215265e-10 
36.6384414 4.619003e-10 
35.2812048 3.049606e-10 
36.6390565 2.555711e-10 
37.9956342 7.297876e-10 
37.9962184 3.861527e-10 
39.3534787 5.79119e-10 
40.7112622 5.376728e-10 
39.3540773 3.716679e-10 
40.7118764 4.37146e-10 
42.0691283 5.770304e-10 
42.0697545 5.391804e-10 
43.4263427 7.481178e-10 
44.7842158 8.741121e-10 
43.4269347 7.256651e-10 
44.7848204 9.075185e-10 
46.1420293 1.151433e-09 
46.1426463 1.113927e-09 
48.857164 1.619771e-09 
47.4999226 1.467198e-09 
48.8577562 1.821171e-09 
47.5005472 1.269607e-09 
50.2150646 2.123903e-09 
50.2156649 2.089245e-09 
51.572906 2.674261e-09 
52.9308225 3.114049e-09 
51.573513 2.253791e-09 
52.9314306 2.25962e-09 
54.2880949 3.380646e-09 
54.2886784 3.399164e-09 
55.6460185 4.013013e-09 
57.0038822 4.424176e-09 
55.6466034 3.474921e-09 
57.0044668 3.306489e-09 
58.3618144 4.590446e-09 
58.3623934 2.982402e-09 
59.7191186 4.8773e-09 
61.0770569 5.100548e-09 
59.719685 4.436132e-09 
61.0776179 4.104544e-09 
62.4349345 4.95664e-09 
62.4354885 3.544421e-09 
65.1502047 4.612665e-09 
63.7928732 4.620648e-09 
65.15075 4.040825e-09 
63.7934156 2.992514e-09 
66.5081482 4.26166e-09 
66.5086823 3.46474e-09 
67.8660307 3.689238e-09 
69.2239677 3.10583e-09 
67.8665522 2.853888e-09 
69.2244727 2.457607e-09 
70.5813185 2.83872e-09 
70.5818431 2.507629e-09 
71.9392596 2.274456e-09 
73.2971401 1.721342e-09 
71.9397682 2.102366e-09 
73.2976314 1.877845e-09 
74.6550697 1.316338e-09 
74.6555404 1.984013e-09 
76.0124342 1.174147e-09 
77.3703685 7.543906e-10 
76.0129383 1.08609e-09 
77.3708521 1.148341e-09 
78.7282429 4.888213e-10 
78.7287059 1.40649e-09 
81.4435437 4.371288e-10 
80.0861623 4.481668e-10 
81.4440225 5.818193e-10 
80.0866029 1.874719e-09 
82.8014696 2.52846e-10 
82.8019257 9.085356e-10 
84.1593372 2.242671e-10 
85.5172479 3.503972e-10 
84.1597724 1.217036e-09 
85.5176629 1.513584e-09 
86.8746563 4.529701e-10 
86.8751028 5.076463e-10 
88.2325752 4.205541e-10 
89.590439 4.632519e-10 
88.2330009 6.943576e-10 
89.5908474 7.393709e-10 
90.9483457 5.519452e-10 
90.9487395 7.234502e-10 
92.3057884 1.241479e-09 
93.6637031 1.269856e-09 
92.3062009 5.999709e-10 
93.6641008 6.300045e-10 
95.0215668 1.309591e-09 
95.0219536 5.934744e-10 
97.7369476 2.602222e-09 
96.3794738 1.337839e-09 
97.7373336 1.339221e-09 
96.3798528 5.419717e-10 
99.0948597 2.545119e-09 
99.0952381 1.29192e-09 
100.4527244 2.461067e-09 
101.810632 2.299744e-09 
100.4530977 1.227657e-09 
101.8110024 1.084817e-09 
103.1681247 3.485618e-09 
103.1684941 2.108594e-09 
104.5260323 3.148244e-09 
105.8838942 2.759014e-09 
104.5263994 1.815833e-09 
105.8842593 1.506407e-09 
107.2417969 2.300587e-09 
107.2421617 1.143421e-09 
1.3405479 1.162079e-08 
1.3411151 6.503234e-09 
2.6976514 1.153976e-08 
2.6982277 9.183389e-09 
4.0554369 1.051958e-08 
5.4131398 8.697099e-09 
4.0560156 6.810113e-09 
5.4137211 4.517318e-09 
6.7709266 6.564268e-09 
6.7715017 2.580985e-09 
8.1280433 7.522082e-09 
9.4858308 5.720536e-09 
8.1286309 4.424241e-09 
9.4864126 2.606349e-09 
10.8435352 3.857332e-09 
10.8441138 1.318659e-09 
13.5584412 2.968833e-09 
12.2013188 2.313859e-09 
13.5590209 1.214291e-09 
12.2018901 5.329795e-10 
14.9162269 1.7798e-09 
14.9167997 5.796617e-10 
16.2739308 9.58654e-10 
17.6317127 5.353222e-10 
16.2745013 3.385145e-10 
17.6322803 3.188533e-10 
18.9888497 6.394781e-10 
20.3466346 4.371655e-10 
18.989417 4.272758e-10 
20.3471998 4.620124e-10 
21.7043423 4.783882e-10 
21.7049105 5.592931e-10 
24.4192824 5.495432e-10 
23.0621293 5.70987e-10 
24.4198444 6.883351e-10 
23.0627016 5.837251e-10 
25.7770735 6.848209e-10 
25.7776407 6.845867e-10 
27.1347935 7.992359e-10 
28.4925952 7.660834e-10 
27.1353703 6.354084e-10 
28.4931824 4.92235e-10 
29.8497634 9.401984e-10 
29.8503307 6.882592e-10 
31.2075704 8.732601e-10 
32.5653117 7.527131e-10 
31.208149 5.262568e-10 
32.5659047 3.938479e-10 
33.9231363 5.717134e-10 
33.9237428 2.733247e-10 
35.2803202 8.581227e-10 
36.638151 6.610283e-10 
35.2808987 4.344676e-10 
36.6387438 3.307334e-10 
37.9959197 5.234234e-10 
37.9965285 3.092711e-10 
40.7109746 6.643728e-10 
39.3537717 4.428165e-10 
40.7115634 4.695265e-10 
39.3543937 3.403072e-10 
42.0688333 6.261279e-10 
42.069436 5.566542e-10 
43.4266319 7.305528e-10 
44.7845119 9.098862e-10 
43.427249 7.045374e-10 
44.7851391 8.525157e-10 
46.1417391 1.052527e-09 
46.1423323 1.177965e-09 
47.4996263 1.37127e-09 
48.8574542 1.812833e-09 
47.5002301 1.427951e-09 
48.858068 1.648002e-09 
50.2153598 2.229e-09 
50.215978 1.758918e-09 
51.5726164 2.431625e-09 
52.9305293 3.058657e-09 
51.5732054 2.598509e-09 
52.9311233 2.812447e-09 
54.2883828 3.607511e-09 
54.28898 2.841349e-09 
57.0035967 4.276403e-09 
55.6463082 3.963381e-09 
57.0041726 4.059493e-09 
55.6469032 2.692603e-09 
58.3615289 4.763399e-09 
58.3621027 3.938745e-09 
59.7194007 4.919197e-09 
61.0773374 4.83193e-09 
59.7199707 3.553651e-09 
61.0778985 3.079932e-09 
62.434656 5.005466e-09 
62.4352121 4.428882e-09 
63.7925981 4.920884e-09 
65.1504791 4.509771e-09 
63.7931457 3.931186e-09 
65.1510168 3.288938e-09 
66.5084179 3.99593e-09 
66.5089414 2.760219e-09 
67.8657601 3.816649e-09 
69.2237031 3.301661e-09 
67.8662948 3.34828e-09 
69.2242242 2.802495e-09 
70.5815853 2.685182e-09 
70.5820914 2.340818e-09 
73.2968771 1.906411e-09 
71.9395192 2.14524e-09 
73.2973917 1.700165e-09 
71.9400065 2.172993e-09 
74.6548151 1.385135e-09 
74.6553114 1.518152e-09 
76.0126929 9.624833e-10 
77.3706175 7.429601e-10 
76.0131699 1.562331e-09 
77.3710726 1.908084e-09 
78.7279895 6.93011e-10 
78.7284818 7.279069e-10 
80.0859195 3.952438e-10 
81.4437904 2.704786e-10 
80.0863899 9.786168e-10 
81.4442395 1.329234e-09 
82.801705 3.51021e-10 
82.8021323 1.770337e-09 
84.1590986 3.599587e-10 
85.5170206 2.645866e-10 
84.1595619 5.361427e-10 
85.5174617 8.257736e-10 
86.8748858 2.864861e-10 
86.8753074 1.006211e-09 
89.5902191 7.417673e-10 
88.2327939 4.036243e-10 
89.5906482 5.001072e-10 
88.2331976 1.12033e-09 
90.9481355 7.521619e-10 
90.9485464 5.861664e-10 
92.3059989 8.009911e-10 
93.6639053 8.623052e-10 
92.3063956 5.567427e-10 
93.6642909 4.976715e-10 
95.0213648 1.902799e-09 
95.0217627 8.873526e-10 
96.3792782 1.912741e-09 
97.7371425 1.915914e-09 
96.3796649 8.892913e-10 
97.7375215 8.616426e-10 
99.0950502 1.875199e-09 
99.0954242 7.961708e-10 
100.4525351 3.179292e-09 
101.8104455 2.99913e-09 
100.4529118 1.809336e-09 
101.8108175 1.659105e-09 
103.1683096 2.774457e-09 
103.1686784 1.490116e-09 
105.8837133 3.452097e-09 
104.5262156 2.45843e-09 
105.8840764 2.110906e-09 
104.5265832 1.224145e-09 
107.2416165 2.960229e-09 
107.2419789 1.694714e-09 
2.6979386 1.096576e-08 
2.6985151 6.669546e-09 
5.412847 9.80633e-09 
5.4134322 6.766491e-09 
8.1283381 6.187621e-09 
8.1289196 2.654223e-09 
10.8432413 5.096372e-09 
10.8438264 2.499806e-09 
13.5587322 2.061545e-09 
13.5593066 5.766972e-10 
16.2736436 1.45371e-09 
16.2742167 5.740952e-10 
18.9891333 4.985317e-10 
18.9897013 4.031711e-10 
21.7040617 4.187679e-10 
21.704625 5.380162e-10 
24.4195612 6.488958e-10 
24.4201323 6.548542e-10 
27.1345151 7.850557e-10 
27.1350785 7.476233e-10 
29.8500426 8.345134e-10 
29.850627 5.253866e-10 
32.5650307 9.558181e-10 
32.5656033 5.587126e-10 
35.2806034 6.214182e-10 
35.2812048 3.044465e-10 
37.9956341 7.303781e-10 
37.9962183 3.8554e-10 
40.7112622 5.372705e-10 
40.7118764 4.369379e-10 
43.4263426 7.478657e-10 
43.4269346 7.252635e-10 
46.1420292 1.150672e-09 
46.1426463 1.113726e-09 
48.8571639 1.619543e-09 
48.8577562 1.820298e-09 
51.5729059 2.672307e-09 
51.573513 2.253356e-09 
54.2880948 3.382654e-09 
54.2886783 3.396746e-09 
57.0038822 4.422287e-09 
57.0044668 3.304855e-09 
59.7191185 4.8788e-09 
59.719685 4.432888e-09 
62.4349344 4.954232e-09 
62.4354885 3.541811e-09 
65.1502046 4.614119e-09 
65.15075 4.037025e-09 
67.8660306 3.687096e-09 
67.8665522 2.852254e-09 
70.5813184 2.839994e-09 
70.5818431 2.504758e-09 
73.2971401 1.718608e-09 
73.2976314 1.877273e-09 
76.0124342 1.173879e-09 
76.0129383 1.084678e-09 
78.7282429 4.877159e-10 
78.7287059 1.406322e-09 
81.4435437 4.362785e-10 
81.4440225 5.814027e-10 
84.1593372 2.239185e-10 
84.1597724 1.216748e-09 
86.8746563 4.523351e-10 
86.8751028 5.071614e-10 
89.590439 4.632958e-10 
89.5908474 7.395973e-10 
92.3057884 1.241779e-09 
92.3062009 5.997185e-10 
95.0215668 1.310468e-09 
95.0219536 5.92364e-10 
97.7369476 2.602871e-09 
97.7373335 1.33837e-09 
100.4527244 2.461292e-09 
100.4530976 1.227108e-09 
103.1681247 3.486303e-09 
103.1684941 2.108222e-09 
105.8838942 2.758192e-09 
105.8842593 1.506946e-09 
1.340265 1.259091e-08 
1.3408323 9.39681e-09 
2.6976514 1.153838e-08 
2.6982277 9.180121e-09 
5.4131398 8.694501e-09 
4.055727 9.056471e-09 
5.4137211 4.516851e-09 
4.0563004 4.341012e-09 
6.7706338 8.21859e-09 
6.7712165 4.524128e-09 
8.1280433 7.525787e-09 
9.4861235 4.195657e-09 
8.1286309 4.420585e-09 
9.4866974 1.278277e-09 
10.8435352 3.856756e-09 
10.8441138 1.315134e-09 
13.5584412 2.970744e-09 
12.2010282 3.464122e-09 
12.2016061 1.277153e-09 
13.5590208 1.211817e-09 
14.9165144 1.099953e-09 
14.9170832 2.710733e-10 
16.2739308 9.582185e-10 
17.6314283 7.968939e-10 
17.6319964 3.799065e-10 
16.2745012 3.375258e-10 
18.9888497 6.412306e-10 
20.3469166 4.397073e-10 
18.9894169 4.273784e-10 
20.3474851 4.731973e-10 
21.7043423 4.803578e-10 
21.7049104 5.585963e-10 
24.4192824 5.529897e-10 
23.0618486 4.859863e-10 
24.4198443 6.884612e-10 
23.0624133 6.097684e-10 
25.7773543 7.199018e-10 
25.777933 5.832314e-10 
28.492313 8.448946e-10 
27.1347935 8.022314e-10 
28.492885 6.433932e-10 
27.1353702 6.33514e-10 
29.8497634 9.428079e-10 
29.8503306 6.875988e-10 
32.5653117 7.524924e-10 
31.2078549 6.987377e-10 
32.5659046 3.923631e-10 
31.2084517 3.668864e-10 
33.9228488 7.883628e-10 
33.9234347 3.988315e-10 
35.2803201 8.590763e-10 
36.6384414 4.611922e-10 
35.2808986 4.332363e-10 
36.6390565 2.54812e-10 
37.9959196 5.229557e-10 
37.9965284 3.083353e-10 
40.7109745 6.647907e-10 
39.3534786 5.789371e-10 
40.7115634 4.684014e-10 
39.3540773 3.708677e-10 
42.0691283 5.764883e-10 
42.0697545 5.387861e-10 
44.7842157 8.736663e-10 
43.4266318 7.305918e-10 
44.7848203 9.068805e-10 
43.427249 7.033948e-10 
46.141739 1.05234e-09 
46.1423323 1.177178e-09 
48.8574542 1.812776e-09 
47.4999225 1.466e-09 
48.858068 1.647455e-09 
47.5005471 1.269652e-09 
50.2150645 2.123125e-09 
50.2156648 2.089388e-09 
51.5726162 2.430826e-09 
52.9308224 3.112434e-09 
51.5732054 2.599126e-09 
52.9314306 2.259658e-09 
54.2883828 3.605559e-09 
54.2889801 2.841547e-09 
57.0035966 4.276635e-09 
55.6460184 4.01295e-09 
57.0041726 4.057861e-09 
55.6466034 3.473825e-09 
58.3618144 4.587689e-09 
58.3623934 2.981199e-09 
61.0770568 5.101824e-09 
59.7194007 4.916848e-09 
61.0776179 4.102124e-09 
59.7199707 3.552599e-09 
62.4346559 5.007705e-09 
62.4352121 4.425426e-09 
65.1504791 4.507465e-09 
63.7928732 4.618235e-09 
65.1510168 3.286201e-09 
63.7934156 2.990627e-09 
66.5081481 4.262208e-09 
66.5086823 3.461496e-09 
67.86576 3.818974e-09 
69.2239677 3.103173e-09 
67.8662948 3.344042e-09 
69.2244727 2.456509e-09 
70.5815853 2.684226e-09 
70.5820915 2.338597e-09 
73.296877 1.908087e-09 
71.9392595 2.274352e-09 
73.2973917 1.697971e-09 
71.9397682 2.100354e-09 
74.6550697 1.314142e-09 
74.6555404 1.983709e-09 
77.3703684 7.534982e-10 
76.0126929 9.609805e-10 
77.3708521 1.147398e-09 
76.01317 1.561538e-09 
78.7279895 6.922859e-10 
78.7284818 7.268895e-10 
81.4437904 2.701084e-10 
80.0861623 4.475867e-10 
81.4442395 1.328538e-09 
80.0866029 1.87477e-09 
82.8014695 2.5244e-10 
82.8019257 9.078733e-10 
84.1590986 3.592692e-10 
85.5172479 3.498212e-10 
84.1595619 5.358307e-10 
85.5176629 1.51346e-09 
86.8748858 2.861662e-10 
86.8753073 1.005983e-09 
89.5902191 7.412091e-10 
88.2325752 4.204735e-10 
89.5906482 4.999459e-10 
88.2330009 6.941409e-10 
90.9483456 5.515861e-10 
90.9487395 7.230486e-10 
93.6637031 1.270283e-09 
92.3059989 8.004104e-10 
93.6641008 6.290469e-10 
92.3063956 5.567517e-10 
95.0213648 1.902387e-09 
95.0217627 8.863128e-10 
97.7371425 1.915057e-09 
96.3794738 1.337312e-09 
97.7375215 8.607391e-10 
96.3798528 5.412385e-10 
99.0948597 2.544999e-09 
99.095238 1.290768e-09 
100.4525351 3.179859e-09 
101.810632 2.298999e-09 
100.4529117 1.807541e-09 
101.8110024 1.084809e-09 
103.1683095 2.773743e-09 
103.1686784 1.490164e-09 
105.8837133 3.451449e-09 
104.5260323 3.148164e-09 
105.8840763 2.110578e-09 
104.5263994 1.816118e-09 
107.2417969 2.300231e-09 
107.2421617 1.144817e-09 
1.340548 1.161482e-08 
1.341115 6.5059e-09 
4.0554369 1.051696e-08 
4.0560156 6.808256e-09 
6.7709266 6.560845e-09 
6.7715017 2.580906e-09 
9.4858308 5.722032e-09 
9.4864126 2.603118e-09 
12.2013188 2.311595e-09 
12.2018901 5.317985e-10 
14.9162269 1.779712e-09 
14.9167996 5.779895e-10 
17.6317127 5.346444e-10 
17.6322802 3.181155e-10 
20.3466346 4.386625e-10 
20.3471997 4.618238e-10 
23.0621292 5.717552e-10 
23.0627016 5.8245e-10 
25.7770735 6.876901e-10 
25.7776407 6.828513e-10 
28.4925951 7.661953e-10 
28.4931824 4.908367e-10 
31.2075703 8.734677e-10 
31.2081489 5.24706e-10 
33.9231363 5.705123e-10 
33.9237428 2.719441e-10 
36.6381509 6.606825e-10 
36.6387437 3.295317e-10 
39.3537716 4.419629e-10 
39.3543937 3.392002e-10 
42.0688332 6.262764e-10 
42.069436 5.550386e-10 
44.7845119 9.097402e-10 
44.7851391 8.516808e-10 
47.4996263 1.370986e-09 
47.5002301 1.427465e-09 
50.2153598 2.228843e-09 
50.2159781 1.758334e-09 
52.9305293 3.057132e-09 
52.9311233 2.813255e-09 
55.6463082 3.962606e-09 
55.6469032 2.692576e-09 
58.3615288 4.762791e-09 
58.3621027 3.938428e-09 
61.0773373 4.829358e-09 
61.0778986 3.078987e-09 
63.792598 4.92105e-09 
63.7931457 3.927834e-09 
66.5084179 3.993831e-09 
66.5089414 2.757909e-09 
69.223703 3.303122e-09 
69.2242242 2.799209e-09 
71.9395192 2.143452e-09 
71.9400066 2.170841e-09 
74.6548151 1.385673e-09 
74.6553114 1.516526e-09 
77.3706175 7.420663e-10 
77.3710726 1.906764e-09 
80.0859195 3.951757e-10 
80.0863899 9.774391e-10 
82.801705 3.506211e-10 
82.8021323 1.769863e-09 
85.5170206 2.644489e-10 
85.5174617 8.251836e-10 
88.2327939 4.033257e-10 
88.2331976 1.119816e-09 
90.9481355 7.514041e-10 
90.9485464 5.858818e-10 
93.6639053 8.609712e-10 
93.6642909 4.975908e-10 
96.3792781 1.91155e-09 
96.3796649 8.881278e-10 
99.0950502 1.873621e-09 
99.0954242 7.964829e-10 
101.8104455 2.998341e-09 
101.8108175 1.658087e-09 
104.5262156 2.457615e-09 
104.5265832 1.22446e-09 
107.2416165 2.959958e-09 
107.2419789 1.695124e-09 
1.3402651 1.258107e-08 
1.3408323 9.399064e-09 
2.6979387 1.096182e-08 
2.6985151 6.670402e-09 
5.412847 9.804767e-09 
4.055727 9.053432e-09 
5.4134322 6.762279e-09 
4.0563004 4.341012e-09 
6.7706338 8.217524e-09 
6.7712165 4.522689e-09 
8.1283381 6.185149e-09 
9.4861235 4.192861e-09 
8.1289196 2.65309e-09 
9.4866974 1.278954e-09 
10.8432413 5.099052e-09 
10.8438264 2.496176e-09 
12.2010282 3.463326e-09 
13.5587322 2.059911e-09 
12.2016061 1.274857e-09 
13.5593066 5.750194e-10 
14.9165144 1.09836e-09 
14.9170832 2.703635e-10 
16.2736436 1.454752e-09 
17.6314283 7.971352e-10 
16.2742166 5.724756e-10 
17.6319963 3.789863e-10 
18.9891332 4.986875e-10 
20.3469165 4.398689e-10 
18.9897012 4.022616e-10 
20.3474851 4.721794e-10 
21.7040617 4.204836e-10 
21.7046249 5.382891e-10 
23.0618485 4.868743e-10 
24.4195612 6.501468e-10 
23.0624133 6.091527e-10 
24.4201323 6.534973e-10 
25.7773542 7.186421e-10 
25.7779331 5.825927e-10 
27.1345151 7.876313e-10 
28.4923129 8.446069e-10 
27.1350785 7.459223e-10 
28.492885 6.414529e-10 
29.8500426 8.343667e-10 
29.850627 5.236423e-10 
32.5650307 9.564409e-10 
31.2078549 6.971537e-10 
32.5656033 5.570359e-10 
31.2084518 3.660127e-10 
33.9228488 7.874877e-10 
33.9234347 3.977996e-10 
35.2806033 6.203111e-10 
36.6384413 4.60013e-10 
35.2812048 3.031121e-10 
36.6390565 2.535172e-10 
37.9956341 7.311078e-10 
37.9962183 3.841847e-10 
39.3534786 5.790287e-10 
40.7112621 5.37219e-10 
39.3540773 3.693281e-10 
40.7118764 4.354283e-10 
42.0691283 5.759677e-10 
42.0697545 5.376615e-10 
43.4263426 7.481351e-10 
44.7842157 8.743456e-10 
43.4269346 7.243546e-10 
44.7848203 9.05519e-10 
46.1420292 1.1515e-09 
46.1426463 1.112743e-09 
48.8571638 1.618698e-09 
47.4999226 1.466791e-09 
48.8577562 1.820643e-09 
47.5005472 1.268653e-09 
50.2150645 2.122273e-09 
50.2156649 2.089684e-09 
51.5729059 2.673036e-09 
52.9308224 3.114278e-09 
51.5735131 2.253295e-09 
52.9314307 2.259126e-09 
54.2880947 3.380091e-09 
54.2886784 3.399276e-09 
55.6460184 4.010955e-09 
57.0038821 4.420964e-09 
55.6466035 3.475616e-09 
57.0044669 3.305838e-09 
58.3618144 4.587441e-09 
58.3623934 2.981973e-09 
59.7191184 4.878497e-09 
61.0770568 5.100779e-09 
59.719685 4.431644e-09 
61.077618 4.100593e-09 
62.4349344 4.952846e-09 
62.4354885 3.540201e-09 
65.1502045 4.616985e-09 
63.7928732 4.6172e-09 
65.15075 4.034139e-09 
63.7934156 2.989445e-09 
66.5081481 4.264068e-09 
66.5086823 3.458151e-09 
67.8660306 3.687828e-09 
69.2239677 3.102822e-09 
67.8665523 2.848812e-09 
69.2244728 2.453489e-09 
70.5813183 2.8422e-09 
70.5818431 2.502204e-09 
71.9392595 2.275811e-09 
73.29714 1.718782e-09 
71.9397682 2.098143e-09 
73.2976315 1.875522e-09 
74.6550697 1.314068e-09 
74.6555404 1.98181e-09 
76.0124341 1.174904e-09 
77.3703684 7.54691e-10 
76.0129383 1.083817e-09 
77.3708521 1.146507e-09 
78.7282428 4.875064e-10 
78.7287059 1.405456e-09 
81.4435437 4.359219e-10 
80.0861623 4.470356e-10 
81.4440225 5.807976e-10 
80.086603 1.873207e-09 
82.8014695 2.526293e-10 
82.8019257 9.073426e-10 
84.1593372 2.238348e-10 
85.5172479 3.500785e-10 
84.1597724 1.216489e-09 
85.5176629 1.512779e-09 
86.8746563 4.520933e-10 
86.8751027 5.07443e-10 
88.2325752 4.201749e-10 
89.590439 4.626792e-10 
88.2330009 6.938867e-10 
89.5908474 7.392276e-10 
90.9483456 5.509504e-10 
90.9487395 7.228059e-10 
92.3057884 1.240588e-09 
93.6637031 1.268116e-09 
92.3062009 5.993042e-10 
93.6641008 6.288787e-10 
95.0215668 1.308359e-09 
95.0219536 5.925529e-10 
97.7369476 2.601942e-09 
96.3794738 1.335001e-09 
97.7373335 1.336578e-09 
96.3798528 5.421276e-10 
99.0948597 2.543347e-09 
99.095238 1.290078e-09 
100.4527244 2.459543e-09 
101.810632 2.297422e-09 
100.4530976 1.226362e-09 
101.8110024 1.085281e-09 
103.1681247 3.486427e-09 
103.1684941 2.106358e-09 
104.5260323 3.147491e-09 
105.8838941 2.757578e-09 
104.5263994 1.815011e-09 
105.8842593 1.507299e-09 
107.2417968 2.299966e-09 
107.2421617 1.14488e-09 
2.6976515 1.15326e-08 
2.6982277 9.180128e-09 
5.4131399 8.690756e-09 
5.4137211 4.516248e-09 
8.1280433 7.526079e-09 
8.1286309 4.418151e-09 
10.8435352 3.854581e-09 
10.8441138 1.315021e-09 
13.5584412 2.970779e-09 
13.5590208 1.209561e-09 
16.2739308 9.57349e-10 
16.2745012 3.364499e-10 
18.9888497 6.418449e-10 
18.9894169 4.267594e-10 
21.7043422 4.80511e-10 
21.7049104 5.579402e-10 
24.4192824 5.531372e-10 
24.4198443 6.871613e-10 
27.1347934 8.005004e-10 
27.1353703 6.326006e-10 
29.8497633 9.425079e-10 
29.8503306 6.852361e-10 
32.5653116 7.510395e-10 
32.5659047 3.914123e-10 
35.2803201 8.588592e-10 
35.2808986 4.322456e-10 
37.9959196 5.22332e-10 
37.9965285 3.070294e-10 
40.7109745 6.651432e-10 
40.7115634 4.674385e-10 
43.4266318 7.310804e-10 
43.427249 7.023359e-10 
46.1417391 1.05299e-09 
46.1423323 1.17718e-09 
48.8574542 1.814319e-09 
48.858068 1.647167e-09 
51.5726163 2.428477e-09 
51.5732054 2.601165e-09 
54.2883828 3.607321e-09 
54.2889801 2.842454e-09 
57.0035966 4.273639e-09 
57.0041726 4.060931e-09 
59.7194007 4.916692e-09 
59.7199708 3.553567e-09 
62.4346559 5.007691e-09 
62.4352121 4.425131e-09 
65.1504791 4.509673e-09 
65.1510168 3.283723e-09 
67.8657599 3.821878e-09 
67.8662948 3.343311e-09 
70.5815853 2.686114e-09 
70.5820915 2.33619e-09 
73.2968769 1.909483e-09 
73.2973917 1.697837e-09 
76.0126929 9.62123e-10 
76.01317 1.561054e-09 
78.7279894 6.93199e-10 
78.7284818 7.265837e-10 
81.4437904 2.700437e-10 
81.4442395 1.328334e-09 
84.1590986 3.595893e-10 
84.1595619 5.363769e-10 
86.8748858 2.861877e-10 
86.8753073 1.006128e-09 
89.5902191 7.406506e-10 
89.5906482 5.000379e-10 
92.3059989 7.98819e-10 
92.3063956 5.566835e-10 
95.0213648 1.900854e-09 
95.0217627 8.858251e-10 
97.7371425 1.912263e-09 
97.7375215 8.612127e-10 
100.4525351 3.178532e-09 
100.4529117 1.80569e-09 
103.1683095 2.771979e-09 
103.1686784 1.489631e-09 
105.8837133 3.452116e-09 
105.8840763 2.10944e-09 
1.340548 1.161461e-08 
1.341115 6.507699e-09 
2.6979387 1.096028e-08 
2.698515 6.670506e-09 
5.4128471 9.804071e-09 
4.055437 1.051354e-08 
4.0560156 6.809749e-09 
5.4134322 6.763047e-09 
6.7709266 6.557219e-09 
6.7715017 2.58261e-09 
8.1283381 6.181633e-09 
9.4858308 5.721008e-09 
9.4864126 2.602735e-09 
8.1289196 2.654573e-09 
10.8432413 5.099055e-09 
10.8438264 2.495392e-09 
13.5587322 2.058409e-09 
12.2013188 2.309372e-09 
13.5593066 5.753511e-10 
12.2018901 5.32475e-10 
14.9162269 1.779079e-09 
14.9167996 5.773615e-10 
16.2736436 1.454481e-09 
17.6317127 5.343305e-10 
16.2742166 5.71948e-10 
17.6322802 3.170929e-10 
20.3466346 4.387295e-10 
18.9891332 4.983278e-10 
20.3471997 4.611241e-10 
18.9897012 4.013106e-10 
21.7040617 4.198208e-10 
21.704625 5.373814e-10 
24.4195612 6.47965e-10 
23.0621292 5.708663e-10 
24.4201323 6.537231e-10 
23.0627016 5.823208e-10 
25.7770734 6.856301e-10 
25.7776407 6.820479e-10 
27.134515 7.84977e-10 
28.4925951 7.636021e-10 
27.1350785 7.44022e-10 
28.4931824 4.911389e-10 
29.8500426 8.316254e-10 
29.8506271 5.240256e-10 
32.5650307 9.54789e-10 
31.2075703 8.714611e-10 
32.5656033 5.559945e-10 
31.208149 5.239163e-10 
33.9231363 5.694693e-10 
33.9237428 2.714833e-10 
36.6381509 6.600567e-10 
35.2806033 6.196685e-10 
36.6387438 3.290129e-10 
35.2812048 3.027737e-10 
37.9956341 7.306918e-10 
37.9962183 3.841046e-10 
40.7112622 5.371483e-10 
39.3537717 4.414392e-10 
40.7118764 4.348247e-10 
39.3543937 3.381243e-10 
42.0688332 6.268143e-10 
42.069436 5.539245e-10 
43.4263427 7.488577e-10 
44.7845119 9.095734e-10 
43.4269346 7.236681e-10 
44.7851391 8.509206e-10 
46.1420293 1.152752e-09 
46.1426464 1.11243e-09 
48.8571639 1.619231e-09 
47.4996263 1.372141e-09 
48.8577562 1.821868e-09 
47.5002302 1.426821e-09 
50.2153599 2.231018e-09 
50.2159781 1.757787e-09 
52.9305293 3.055567e-09 
51.572906 2.674993e-09 
52.9311233 2.814977e-09 
51.5735131 2.254083e-09 
54.2880947 3.376773e-09 
54.2886784 3.402083e-09 
57.0038822 4.423055e-09 
55.6463083 3.964875e-09 
57.0044669 3.307376e-09 
55.6469032 2.692912e-09 
58.3615288 4.7602e-09 
58.3621028 3.939963e-09 
59.7191184 4.876498e-09 
61.0773374 4.830175e-09 
59.7196851 4.435129e-09 
61.0778986 3.080047e-09 
62.4349344 4.955505e-09 
62.4354885 3.541201e-09 
65.1502045 4.617261e-09 
63.792598 4.921972e-09 
65.15075 4.035461e-09 
63.7931457 3.926618e-09 
66.5084179 3.994402e-09 
66.5089414 2.756354e-09 
69.223703 3.304787e-09 
67.8660306 3.69035e-09 
69.2242242 2.797572e-09 
67.8665523 2.847974e-09 
70.5813183 2.843605e-09 
70.5818431 2.504135e-09 
73.29714 1.721338e-09 
71.9395192 2.145127e-09 
73.2976315 1.875009e-09 
71.9400066 2.16879e-09 
74.654815 1.386976e-09 
74.6553114 1.516104e-09 
76.0124341 1.175595e-09 
77.3706175 7.422756e-10 
76.0129383 1.084479e-09 
77.3710726 1.905808e-09 
78.7282428 4.881113e-10 
78.7287059 1.405941e-09 
81.4435437 4.369696e-10 
80.0859195 3.96074e-10 
81.4440225 5.812029e-10 
80.0863899 9.772529e-10 
82.801705 3.506106e-10 
82.8021323 1.768553e-09 
85.5170206 2.645996e-10 
84.1593372 2.237991e-10 
85.5174617 8.258336e-10 
84.1597724 1.217057e-09 
86.8746563 4.522544e-10 
86.8751028 5.080936e-10 
89.590439 4.624296e-10 
88.2327939 4.035778e-10 
89.5908474 7.39566e-10 
88.2331976 1.119422e-09 
90.9481355 7.503918e-10 
90.9485464 5.857805e-10 
92.3057884 1.239693e-09 
93.6639053 8.597951e-10 
92.3062009 5.991832e-10 
93.6642909 4.984352e-10 
95.0215668 1.306464e-09 
95.0219536 5.932106e-10 
97.7369475 2.600632e-09 
96.3792781 1.909335e-09 
97.7373335 1.336364e-09 
96.3796649 8.885226e-10 
99.0950502 1.871443e-09 
99.0954243 7.973698e-10 
101.8104454 2.996782e-09 
100.4527244 2.457129e-09 
101.8108175 1.657699e-09 
100.4530977 1.227194e-09 
103.1681247 3.485925e-09 
103.1684941 2.105435e-09 
105.8838941 2.757523e-09 
104.5262156 2.456526e-09 
105.8842593 1.506495e-09 
104.5265832 1.224325e-09 
107.2416165 2.961301e-09 
107.2419789 1.693885e-09 
1.3402651 1.257899e-08 
1.3408323 9.405082e-09 
4.055727 9.054897e-09 
4.0563004 4.342717e-09 
6.7706338 8.214524e-09 
6.7712165 4.524478e-09 
9.4861235 4.190727e-09 
9.4866974 1.281232e-09 
12.2010282 3.462745e-09 
12.2016061 1.276292e-09 
14.9165144 1.098133e-09 
14.9170832 2.704809e-10 
17.6314283 7.969845e-10 
17.6319964 3.785862e-10 
20.3469165 4.391577e-10 
20.3474852 4.720023e-10 
23.0618485 4.848002e-10 
23.0624133 6.087911e-10 
25.7773543 7.167521e-10 
25.7779331 5.837237e-10 
28.4923129 8.40833e-10 
28.4928851 6.416294e-10 
31.207855 6.957652e-10 
31.2084518 3.670464e-10 
33.9228488 7.864663e-10 
33.9234347 3.978586e-10 
36.6384414 4.603117e-10 
36.6390566 2.534495e-10 
39.3534786 5.789903e-10 
39.3540773 3.694032e-10 
42.0691283 5.758133e-10 
42.0697545 5.372132e-10 
44.7842158 8.754146e-10 
44.7848204 9.051876e-10 
47.4999226 1.467627e-09 
47.5005472 1.268453e-09 
50.2150646 2.123095e-09 
50.2156649 2.089997e-09 
52.9308225 3.115991e-09 
52.9314307 2.259336e-09 
55.6460185 4.008946e-09 
55.6466035 3.477838e-09 
58.3618144 4.590289e-09 
58.3623935 2.982909e-09 
61.0770568 5.099546e-09 
61.077618 4.102914e-09 
63.7928732 4.618056e-09 
63.7934156 2.990694e-09 
66.5081481 4.264494e-09 
66.5086823 3.459034e-09 
69.2239677 3.105152e-09 
69.2244727 2.453432e-09 
71.9392595 2.276842e-09 
71.9397682 2.098996e-09 
74.6550697 1.315886e-09 
74.6555404 1.98084e-09 
77.3703684 7.553692e-10 
77.3708521 1.146741e-09 
80.0861623 4.47445e-10 
80.086603 1.873143e-09 
82.8014695 2.531457e-10 
82.8019257 9.078967e-10 
85.5172479 3.50146e-10 
85.5176629 1.512254e-09 
88.2325752 4.200461e-10 
88.2330009 6.947128e-10 
90.9483457 5.508107e-10 
90.9487395 7.233461e-10 
93.6637031 1.26692e-09 
93.6641008 6.294418e-10 
96.3794738 1.334174e-09 
96.3798528 5.431859e-10 
99.0948597 2.541913e-09 
99.0952381 1.290675e-09 
101.810632 2.29627e-09 
101.8110025 1.085565e-09 
104.5260323 3.147985e-09 
104.5263994 1.814715e-09 
107.2417968 2.299853e-09 
107.2421617 1.143654e-09 
1.3405479 1.162353e-08 
1.341115 6.50845e-09 
2.6976515 1.153169e-08 
2.6982277 9.18268e-09 
4.055437 1.051339e-08 
5.4131399 8.691334e-09 
4.0560156 6.810995e-09 
5.4137211 4.518729e-09 
6.7709266 6.558188e-09 
6.7715017 2.58458e-09 
8.1280433 7.524238e-09 
9.4858308 5.718943e-09 
8.1286309 4.419195e-09 
9.4864126 2.605895e-09 
10.8435351 3.852739e-09 
10.8441138 1.317812e-09 
13.5584412 2.970445e-09 
12.2013188 2.310205e-09 
13.5590208 1.210493e-09 
12.2018901 5.341433e-10 
14.9162269 1.778709e-09 
14.9167996 5.785108e-10 
16.2739308 9.571244e-10 
17.6317127 5.34744e-10 
16.2745012 3.367104e-10 
17.6322803 3.174286e-10 
18.9888497 6.408128e-10 
20.3466346 4.374367e-10 
18.9894169 4.261928e-10 
20.3471998 4.609696e-10 
21.7043423 4.78731e-10 
21.7049104 5.577737e-10 
24.4192823 5.501319e-10 
23.0621293 5.694855e-10 
24.4198444 6.865404e-10 
23.0627016 5.832651e-10 
25.7770735 6.822149e-10 
25.7776408 6.829814e-10 
27.1347935 7.971305e-10 
28.4925952 7.626862e-10 
27.1353703 6.341523e-10 
28.4931824 4.929754e-10 
29.8497633 9.392416e-10 
29.8503307 6.847266e-10 
31.2075704 8.698612e-10 
32.5653117 7.501819e-10 
31.208149 5.249662e-10 
32.5659047 3.925834e-10 
33.9231364 5.700457e-10 
33.9237428 2.727092e-10 
35.2803202 8.574851e-10 
36.638151 6.601968e-10 
35.2808987 4.325771e-10 
36.6387438 3.297572e-10 
37.9959197 5.227253e-10 
37.9965285 3.072525e-10 
40.7109746 6.65019e-10 
39.3537717 4.423377e-10 
40.7115634 4.67922e-10 
39.3543937 3.387001e-10 
42.0688333 6.270336e-10 
42.0694361 5.54593e-10 
43.4266319 7.314668e-10 
44.784512 9.099236e-10 
43.4272491 7.025815e-10 
44.7851391 8.512369e-10 
46.1417392 1.053826e-09 
46.1423323 1.17718e-09 
47.4996264 1.37312e-09 
48.8574543 1.815694e-09 
47.5002302 1.427213e-09 
48.858068 1.64756e-09 
50.2153599 2.231662e-09 
50.2159781 1.757774e-09 
51.5726164 2.428318e-09 
52.9305294 3.055954e-09 
51.5732055 2.602426e-09 
52.9311233 2.815429e-09 
54.2883829 3.608527e-09 
54.2889801 2.843904e-09 
57.0035967 4.271491e-09 
55.6463083 3.966473e-09 
57.0041726 4.064302e-09 
55.6469032 2.693622e-09 
58.3615289 4.759264e-09 
58.3621028 3.942931e-09 
59.7194007 4.919045e-09 
61.0773374 4.831812e-09 
59.7199708 3.555773e-09 
61.0778986 3.0814e-09 
62.434656 5.006436e-09 
62.4352121 4.429009e-09 
63.7925981 4.920876e-09 
65.1504791 4.511655e-09 
63.7931457 3.930623e-09 
65.1510168 3.286778e-09 
66.508418 3.996292e-09 
66.5089414 2.75912e-09 
67.86576 3.820764e-09 
69.2237031 3.304299e-09 
67.8662948 3.34672e-09 
69.2242242 2.800687e-09 
70.5815853 2.68828e-09 
70.5820915 2.337602e-09 
73.296877 1.909283e-09 
71.9395192 2.147499e-09 
73.2973917 1.700292e-09 
71.9400066 2.169666e-09 
74.6548151 1.387463e-09 
74.6553114 1.517504e-09 
76.0126929 9.636723e-10 
77.3706175 7.437564e-10 
76.01317 1.561314e-09 
77.3710726 1.90564e-09 
78.7279895 6.937184e-10 
78.7284818 7.275147e-10 
80.0859195 3.96313e-10 
81.4437904 2.703959e-10 
80.0863899 9.777628e-10 
81.4442395 1.32898e-09 
82.801705 3.510051e-10 
82.8021323 1.768886e-09 
84.1590986 3.602779e-10 
85.5170206 2.648463e-10 
84.1595619 5.366832e-10 
85.5174617 8.262877e-10 
86.8748859 2.860866e-10 
86.8753073 1.006892e-09 
89.5902191 7.407847e-10 
88.2327939 4.035956e-10 
89.5906482 5.002391e-10 
88.2331976 1.119883e-09 
90.9481355 7.504419e-10 
90.9485464 5.865093e-10 
92.3059989 7.9872e-10 
93.6639054 8.601107e-10 
92.3063956 5.57252e-10 
93.664291 4.989904e-10 
95.0213648 1.900196e-09 
95.0217627 8.858113e-10 
96.3792781 1.90858e-09 
97.7371425 1.911383e-09 
96.3796649 8.895323e-10 
97.7375216 8.623281e-10 
99.0950502 1.871868e-09 
99.0954243 7.979557e-10 
100.4525351 3.178233e-09 
101.8104455 2.997415e-09 
100.4529118 1.806563e-09 
101.8108176 1.658306e-09 
103.1683095 2.771581e-09 
103.1686784 1.490275e-09 
105.8837133 3.453107e-09 
104.5262156 2.456937e-09 
105.8840763 2.109322e-09 
104.5265833 1.223748e-09 
107.2416165 2.962321e-09 
107.2419789 1.693506e-09 
2.6979387 1.096582e-08 
2.6985151 6.670256e-09 
5.412847 9.802333e-09 
5.4134322 6.764637e-09 
8.1283381 6.182816e-09 
8.1289196 2.657569e-09 
10.8432413 5.09626e-09 
10.8438264 2.498811e-09 
13.5587322 2.058501e-09 
13.5593067 5.774077e-10 
16.2736435 1.453285e-09 
16.2742166 5.73136e-10 
18.9891332 4.980636e-10 
18.9897013 4.017651e-10 
21.7040616 4.173343e-10 
21.704625 5.36771e-10 
24.4195612 6.453847e-10 
24.4201324 6.547674e-10 
27.134515 7.817055e-10 
27.1350786 7.449004e-10 
29.8500427 8.303747e-10 
29.8506271 5.261916e-10 
32.5650307 9.531824e-10 
32.5656034 5.57032e-10 
35.2806034 6.204996e-10 
35.2812048 3.041248e-10 
37.9956342 7.29837e-10 
37.9962184 3.852626e-10 
40.7112622 5.377021e-10 
40.7118764 4.355795e-10 
43.4263427 7.487045e-10 
43.4269347 7.246789e-10 
46.1420293 1.15272e-09 
46.1426464 1.113427e-09 
48.857164 1.619721e-09 
48.8577562 1.821798e-09 
51.572906 2.675201e-09 
51.5735131 2.254386e-09 
54.2880949 3.377763e-09 
54.2886784 3.402577e-09 
57.0038823 4.423964e-09 
57.0044669 3.308831e-09 
59.7191186 4.87532e-09 
59.7196851 4.438106e-09 
62.4349345 4.956264e-09 
62.4354885 3.544619e-09 
65.1502047 4.615455e-09 
65.15075 4.039997e-09 
67.8660307 3.691058e-09 
67.8665522 2.852459e-09 
70.5813184 2.840941e-09 
70.5818431 2.507225e-09 
73.2971401 1.722276e-09 
73.2976314 1.876686e-09 
76.0124342 1.175195e-09 
76.0129383 1.086378e-09 
78.7282429 4.891255e-10 
78.7287059 1.406034e-09 
81.4435437 4.372853e-10 
81.4440225 5.8172e-10 
84.1593372 2.239759e-10 
84.1597724 1.217265e-09 
86.8746563 4.528223e-10 
86.8751028 5.080728e-10 
89.590439 4.627269e-10 
89.5908474 7.39847e-10 
92.3057884 1.24051e-09 
92.3062009 5.994112e-10 
95.0215668 1.30727e-09 
95.0219536 5.940325e-10 
97.7369476 2.600551e-09 
97.7373336 1.337485e-09 
100.4527244 2.458534e-09 
100.4530977 1.22786e-09 
103.1681247 3.486317e-09 
103.1684941 2.107292e-09 
105.8838942 2.75837e-09 
105.8842593 1.506473e-09 
1.340265 1.258583e-08 
1.3408323 9.407742e-09 
2.6976515 1.153701e-08 
2.6982277 9.184858e-09 
5.4131399 8.6932e-09 
4.055727 9.056614e-09 
5.4137211 4.518467e-09 
4.0563004 4.341685e-09 
6.7706338 8.214595e-09 
6.7712165 4.527054e-09 
8.1280433 7.522759e-09 
9.4861235 4.193521e-09 
8.1286309 4.423219e-09 
9.4866974 1.282329e-09 
10.8435352 3.85478e-09 
10.8441139 1.319604e-09 
13.5584412 2.968266e-09 
12.2010282 3.461819e-09 
12.2016061 1.278929e-09 
13.5590208 1.213917e-09 
14.9165144 1.100162e-09 
14.9170832 2.711159e-10 
16.2739308 9.579517e-10 
17.6314283 7.967521e-10 
17.6319964 3.794494e-10 
16.2745013 3.378521e-10 
18.9888497 6.393294e-10 
20.3469166 4.39077e-10 
18.989417 4.268781e-10 
20.3474852 4.728557e-10 
21.7043423 4.772592e-10 
21.7049105 5.587348e-10 
24.4192823 5.481099e-10 
23.0618485 4.82328e-10 
24.4198445 6.870818e-10 
23.0624134 6.096106e-10 
25.7773544 7.164298e-10 
25.7779331 5.848899e-10 
28.492313 8.396114e-10 
27.1347935 7.967408e-10 
28.4928851 6.436639e-10 
27.1353703 6.35733e-10 
29.8497634 9.378811e-10 
29.8503307 6.86906e-10 
32.5653118 7.511983e-10 
31.207855 6.968005e-10 
32.5659047 3.940379e-10 
31.2084518 3.686058e-10 
33.9228489 7.870738e-10 
33.9234348 3.991898e-10 
35.2803202 8.572467e-10 
36.6384414 4.614538e-10 
35.2808987 4.341552e-10 
36.6390566 2.548607e-10 
37.9959198 5.234701e-10 
37.9965285 3.088277e-10 
40.7109746 6.644005e-10 
39.3534787 5.791854e-10 
40.7115634 4.690687e-10 
39.3540773 3.707476e-10 
42.0691284 5.766895e-10 
42.0697545 5.381945e-10 
44.7842159 8.75125e-10 
43.4266319 7.312324e-10 
44.7848204 9.063131e-10 
43.4272491 7.035446e-10 
46.1417392 1.053439e-09 
46.1423323 1.178049e-09 
48.8574543 1.814896e-09 
47.4999226 1.467911e-09 
48.858068 1.648325e-09 
47.5005472 1.26881e-09 
50.2150647 2.124213e-09 
50.2156649 2.090023e-09 
51.5726164 2.429892e-09 
52.9308225 3.116338e-09 
51.5732055 2.601022e-09 
52.9314307 2.259465e-09 
54.2883829 3.608116e-09 
54.2889801 2.843111e-09 
57.0035968 4.273514e-09 
55.6460185 4.009767e-09 
57.0041726 4.063064e-09 
55.6466035 3.477996e-09 
58.3618145 4.590586e-09 
58.3623934 2.983469e-09 
61.0770569 5.099368e-09 
59.7194008 4.920421e-09 
61.077618 4.106427e-09 
59.7199707 3.55657e-09 
62.4346561 5.005153e-09 
62.4352121 4.431483e-09 
65.1504792 4.510694e-09 
63.7928732 4.619919e-09 
65.1510168 3.290078e-09 
63.7934156 2.993138e-09 
66.5081482 4.262715e-09 
66.5086823 3.463954e-09 
67.8657601 3.817613e-09 
69.2239677 3.106952e-09 
67.8662948 3.349673e-09 
69.2244727 2.456236e-09 
70.5815853 2.687999e-09 
70.5820914 2.340783e-09 
73.2968771 1.90712e-09 
71.9392596 2.276053e-09 
73.2973917 1.701681e-09 
71.9397682 2.101893e-09 
74.6550697 1.317447e-09 
74.6555404 1.982012e-09 
77.3703684 7.553671e-10 
76.0126929 9.640382e-10 
77.3708521 1.147937e-09 
76.0131699 1.562133e-09 
78.7279895 6.935061e-10 
78.7284818 7.283001e-10 
81.4437904 2.709e-10 
80.0861623 4.483775e-10 
81.4442395 1.328911e-09 
80.0866029 1.873247e-09 
82.8014695 2.532845e-10 
82.8019257 9.081867e-10 
84.1590986 3.605565e-10 
85.517248 3.504127e-10 
84.1595619 5.36642e-10 
85.5176629 1.513012e-09 
86.8748859 2.864077e-10 
86.8753073 1.006375e-09 
89.5902191 7.415256e-10 
88.2325752 4.202316e-10 
89.5906482 5.002865e-10 
88.2330009 6.948094e-10 
90.9483457 5.514142e-10 
90.9487395 7.236565e-10 
93.6637031 1.267963e-09 
92.3059989 7.997303e-10 
93.6641008 6.301206e-10 
92.3063956 5.573025e-10 
95.0213648 1.901798e-09 
95.0217627 8.871251e-10 
97.7371425 1.913817e-09 
96.3794738 1.335863e-09 
97.7375216 8.627114e-10 
96.3798528 5.432241e-10 
99.0948597 2.54246e-09 
99.0952381 1.291664e-09 
100.4525351 3.178005e-09 
101.810632 2.298076e-09 
100.4529118 1.808625e-09 
101.8110025 1.085233e-09 
103.1683096 2.773994e-09 
103.1686784 1.490255e-09 
105.8837133 3.453074e-09 
104.5260323 3.149171e-09 
105.8840764 2.110672e-09 
104.5263994 1.8154e-09 
107.2417969 2.300332e-09 
107.2421617 1.142905e-09 
1.3405479 1.162613e-08 
1.3411151 6.505581e-09 
4.0554369 1.051744e-08 
4.0560156 6.812182e-09 
6.7709266 6.561183e-09 
6.7715017 2.583787e-09 
9.4858308 5.718708e-09 
9.4864126 2.60855e-09 
12.2013188 2.313276e-09 
12.2018902 5.339126e-10 
14.9162269 1.779077e-09 
14.9167997 5.802626e-10 
17.6317127 5.356531e-10 
17.6322803 3.182032e-10 
20.3466346 4.363106e-10 
20.3471998 4.617486e-10 
23.0621293 5.695121e-10 
23.0627016 5.840799e-10 
25.7770735 6.816109e-10 
25.7776408 6.849218e-10 
28.4925952 7.640629e-10 
28.4931824 4.936852e-10 
31.2075704 8.708763e-10 
31.208149 5.265057e-10 
33.9231364 5.714783e-10 
33.9237428 2.736555e-10 
36.638151 6.610377e-10 
36.6387438 3.309836e-10 
39.3537717 4.430479e-10 
39.3543937 3.402176e-10 
42.0688334 6.266031e-10 
42.0694361 5.561985e-10 
44.7845119 9.104388e-10 
44.7851391 8.518362e-10 
47.4996264 1.372492e-09 
47.5002302 1.427997e-09 
50.2153599 2.231108e-09 
50.2159781 1.75835e-09 
52.9305294 3.05765e-09 
52.9311233 2.813841e-09 
55.6463083 3.965589e-09 
55.6469032 2.693249e-09 
58.361529 4.761364e-09 
58.3621027 3.942288e-09 
61.0773374 4.833136e-09 
61.0778985 3.081665e-09 
63.7925981 4.919616e-09 
63.7931457 3.93321e-09 
66.508418 3.997285e-09 
66.5089413 2.761178e-09 
69.2237031 3.302749e-09 
69.2242242 2.804019e-09 
71.9395192 2.147873e-09 
71.9400065 2.171904e-09 
74.6548151 1.386273e-09 
74.6553114 1.518903e-09 
77.3706175 7.44169e-10 
77.3710726 1.906844e-09 
80.0859195 3.962098e-10 
80.0863899 9.786186e-10 
82.801705 3.51395e-10 
82.8021323 1.769775e-09 
85.5170206 2.648313e-10 
85.5174617 8.260267e-10 
88.2327939 4.038872e-10 
88.2331976 1.120217e-09 
90.9481355 7.511841e-10 
90.9485464 5.86571e-10 
93.6639054 8.617754e-10 
93.6642909 4.986212e-10 
96.3792782 1.911181e-09 
96.3796649 8.901029e-10 
99.0950502 1.87445e-09 
99.0954243 7.973144e-10 
101.8104455 2.998151e-09 
101.8108176 1.659013e-09 
104.5262157 2.45856e-09 
104.5265832 1.223164e-09 
107.2416165 2.962173e-09 
107.2419789 1.693939e-09 
108.5992976 3.090457e-09 
109.9571947 2.49197e-09 
108.599654 1.826068e-09 
109.9575515 1.378262e-09 
111.3150466 1.885025e-09 
111.3154023 9.868829e-10 
114.0304417 1.817927e-09 
112.6729363 1.391964e-09 
114.0307803 9.790449e-10 
112.6732931 7.631987e-10 
115.3883216 1.274883e-09 
115.3886623 8.152892e-10 
116.7461574 8.404468e-10 
118.1040289 6.620835e-10 
116.7464983 7.713448e-10 
118.104373 9.967747e-10 
119.4615414 7.669383e-10 
119.4618567 6.156929e-10 
120.8194019 5.063477e-10 
122.1772214 3.905444e-10 
120.8197215 8.292118e-10 
122.1775435 1.123763e-09 
123.5350759 4.674326e-10 
123.5354037 1.591241e-09 
124.8925975 4.594133e-10 
126.2504426 4.036378e-10 
124.8928909 6.492363e-10 
126.2507425 9.888277e-10 
127.6082512 4.739094e-10 
127.6085553 1.371497e-09 
130.3236236 8.494211e-10 
128.9660948 6.819183e-10 
130.3239028 9.747465e-10 
128.9664047 1.822482e-09 
131.6814606 1.020351e-09 
131.6817457 1.346645e-09 
133.0392645 1.310107e-09 
134.3971019 1.679451e-09 
133.0395522 1.680377e-09 
134.3973918 1.95877e-09 
135.7546338 2.131483e-09 
135.7549051 2.03396e-09 
137.1124667 2.562713e-09 
138.4702672 2.992687e-09 
137.11274 2.31741e-09 
138.470538 2.434865e-09 
139.8280978 3.316716e-09 
139.8283647 2.370146e-09 
141.1856288 3.926222e-09 
142.5434557 4.28914e-09 
141.1858932 3.484355e-09 
142.5437159 3.420722e-09 
143.9012486 4.500234e-09 
143.9015 3.179882e-09 
146.616592 4.728169e-09 
145.2590672 4.444116e-09 
146.6168485 4.224848e-09 
145.2593084 2.747631e-09 
147.9744066 4.686973e-09 
147.9746529 3.767252e-09 
149.3321849 4.494507e-09 
150.6899848 4.063809e-09 
149.3324168 3.269269e-09 
150.6902024 2.67117e-09 
152.0474942 3.661526e-09 
152.0477454 3.588306e-09 
153.4052896 3.34118e-09 
154.7630469 2.972584e-09 
153.4055266 3.000867e-09 
154.7632661 2.488308e-09 
156.1208233 2.506828e-09 
156.1210264 1.987127e-09 
157.478306 1.832039e-09 
158.8360779 1.558398e-09 
157.4785593 2.089534e-09 
158.836315 1.677731e-09 
160.1938109 1.294992e-09 
160.1940292 1.353931e-09 
162.9090084 7.108354e-10 
161.5515621 1.037155e-09 
162.9092734 8.260559e-10 
161.5517647 1.081969e-09 
164.2667557 5.948275e-10 
164.2670046 6.507806e-10 
165.6244648 4.807041e-10 
166.9821923 3.949688e-10 
165.6246961 5.179987e-10 
166.9824096 4.150332e-10 
168.3395964 6.471672e-10 
168.3398815 3.247637e-10 
169.6973206 6.096191e-10 
171.0550086 5.581417e-10 
169.6975914 2.722636e-10 
171.0552638 2.340784e-10 
172.4127153 5.26127e-10 
172.4129586 1.946954e-10 
173.770077 1.040279e-09 
175.127781 9.988438e-10 
173.7703862 4.973466e-10 
175.1280779 4.657805e-10 
176.4854515 9.461018e-10 
176.4857347 4.460765e-10 
179.2004668 1.090918e-09 
177.8431406 8.999349e-10 
179.2007968 8.590645e-10 
177.8434132 4.020973e-10 
180.5581538 1.028943e-09 
180.5584729 7.999679e-10 
181.9158104 9.646636e-10 
183.2734849 9.003491e-10 
181.9161167 7.477544e-10 
183.2737811 6.682071e-10 
184.6307889 6.405766e-10 
184.6311293 8.296007e-10 
185.9884624 6.403649e-10 
187.3461082 6.227744e-10 
185.9887925 7.485181e-10 
187.3464259 6.469736e-10 
188.7037709 6.173324e-10 
188.7040792 5.465966e-10 
190.0610685 8.915312e-10 
191.4187312 1.070503e-09 
190.0614062 5.713651e-10 
191.41906 5.303275e-10 
192.7763686 1.197607e-09 
192.7766862 4.506029e-10 
195.4913238 3.295274e-09 
194.134023 1.302096e-09 
195.491652 1.360255e-09 
194.1343331 3.752094e-10 
196.848979 3.618115e-09 
196.849301 1.363715e-09 
198.2066102 3.902061e-09 
199.5642609 4.029495e-09 
198.2069243 1.333977e-09 
199.5645705 1.23373e-09 
200.9215628 7.419158e-09 
200.9218875 4.12915e-09 
202.2792152 7.770803e-09 
203.6368447 8.142395e-09 
202.2795372 4.029236e-09 
203.6371622 3.855721e-09 
204.9944992 8.199913e-09 
204.9948137 3.468414e-09 
206.3517554 1.145224e-08 
206.3520954 8.471276e-09 
108.5994744 2.424373e-09 
109.9573715 1.89394e-09 
108.5998354 1.289505e-09 
109.9577329 9.329863e-10 
111.3148745 2.493597e-09 
111.3152229 1.390028e-09 
112.6727637 1.877419e-09 
114.030608 1.310505e-09 
112.6731133 1.035618e-09 
114.0309571 7.813322e-10 
115.3884889 9.537169e-10 
115.38884 7.791667e-10 
116.7459974 1.207723e-09 
118.1038675 8.011403e-10 
116.7463247 7.173058e-10 
118.1041979 7.679526e-10 
119.4616948 5.380129e-10 
119.4620265 9.247689e-10 
122.1770742 5.233836e-10 
120.8195572 5.150908e-10 
122.1773779 6.113715e-10 
120.8198935 1.312879e-09 
123.5349262 3.792725e-10 
123.5352354 9.12952e-10 
124.8927394 3.664303e-10 
126.2505876 5.074467e-10 
124.8930522 1.275112e-09 
126.2509067 1.75664e-09 
127.6081132 5.59873e-10 
127.6083985 7.460555e-10 
128.9659535 6.009826e-10 
130.3237592 7.71702e-10 
128.9662454 1.106482e-09 
130.3240549 1.478731e-09 
131.6815994 1.06375e-09 
131.6818996 1.862638e-09 
133.0391302 1.372421e-09 
134.3969651 1.690358e-09 
133.039405 1.405304e-09 
134.3972442 1.760564e-09 
135.7547675 2.08359e-09 
135.755047 2.012618e-09 
138.4701338 3.043901e-09 
137.1126019 2.474745e-09 
138.4704019 2.775489e-09 
137.1128807 2.137765e-09 
139.8279643 3.498877e-09 
139.8282313 2.91288e-09 
141.1857618 3.866193e-09 
142.5435872 4.028227e-09 
141.1860232 2.854567e-09 
142.5438415 2.591568e-09 
143.901116 4.552057e-09 
143.9013765 4.007334e-09 
145.2589377 4.728391e-09 
146.6167242 4.731201e-09 
145.2591908 3.728422e-09 
146.6169654 3.334998e-09 
147.9745343 4.45801e-09 
147.9747629 2.786612e-09 
149.3320527 4.397614e-09 
150.6898585 4.173741e-09 
149.3323059 4.075369e-09 
150.6900992 3.509443e-09 
152.0476269 3.849287e-09 
152.0478512 2.971383e-09 
154.7629129 2.731505e-09 
153.4054155 3.353894e-09 
154.7631641 2.872649e-09 
153.4056242 2.392828e-09 
156.1206969 2.402098e-09 
156.1209325 2.346966e-09 
157.4784422 2.064603e-09 
158.836206 1.692106e-09 
157.4786593 1.916105e-09 
158.8364069 1.527304e-09 
160.1936715 1.130262e-09 
160.1939294 1.377354e-09 
161.5514311 9.37777e-10 
162.9091518 7.570688e-10 
161.5516725 1.092872e-09 
162.909375 8.749208e-10 
164.2668909 6.005388e-10 
164.2670991 7.017366e-10 
165.6243165 5.715728e-10 
166.982052 5.077751e-10 
165.6245907 4.746283e-10 
166.9823108 3.771624e-10 
168.33975 4.367672e-10 
168.3399923 3.040973e-10 
171.0548493 8.41569e-10 
169.6974667 3.903774e-10 
171.0551464 3.507666e-10 
169.6976961 2.44331e-10 
172.4125629 8.094168e-10 
172.4128468 3.176751e-10 
173.7702417 7.630435e-10 
175.1279392 7.285521e-10 
173.7705111 2.95357e-10 
175.1281975 2.596567e-10 
176.4852819 1.14652e-09 
176.4856024 6.976072e-10 
177.842977 1.091476e-09 
179.2006401 1.031486e-09 
177.8432861 6.551555e-10 
179.200936 6.237024e-10 
180.5583215 9.714739e-10 
180.5586072 5.63748e-10 
181.9156347 8.870624e-10 
183.2733145 8.389512e-10 
181.9159715 9.13358e-10 
183.2736409 8.383226e-10 
184.6309654 7.848417e-10 
184.6312791 7.578233e-10 
187.3459326 5.629691e-10 
185.9886336 7.373822e-10 
187.3462731 6.663977e-10 
185.9889374 6.626884e-10 
188.7036004 6.443708e-10 
188.7039311 5.973959e-10 
190.0612417 6.895127e-10 
191.4188998 7.419008e-10 
190.0615605 4.944401e-10 
191.4192099 4.032122e-10 
192.7761985 1.792279e-09 
192.7765315 7.440851e-10 
194.133857 2.059269e-09 
195.4914909 2.271366e-09 
194.1341823 7.342906e-10 
195.4918065 6.883149e-10 
196.8491428 2.406093e-09 
196.8494523 6.177976e-10 
198.2064452 5.258592e-09 
199.5640982 5.603298e-09 
198.20677 2.505293e-09 
199.5644186 2.483248e-09 
200.9217278 5.936561e-09 
200.9220423 2.420089e-09 
203.636677 9.459807e-09 
202.2793788 6.026733e-09 
203.6370061 6.086062e-09 
202.2796901 2.222024e-09 
204.9943323 9.859733e-09 
204.9946597 5.85947e-09 
206.3519299 1.06191e-08 
206.3522537 5.687911e-09 
108.5992976 3.088585e-09 
108.5996539 1.826823e-09 
111.3150465 1.885198e-09 
111.3154023 9.886019e-10 
114.0304417 1.816033e-09 
114.0307803 9.802789e-10 
116.7461574 8.406105e-10 
116.7464983 7.72183e-10 
119.4615414 7.663135e-10 
119.4618567 6.164396e-10 
122.1772214 3.907897e-10 
122.1775435 1.123788e-09 
124.8925975 4.596095e-10 
124.8928909 6.49764e-10 
127.6082512 4.749697e-10 
127.6085553 1.37205e-09 
130.3236236 8.501247e-10 
130.3239028 9.75631e-10 
133.0392645 1.311482e-09 
133.0395522 1.679781e-09 
135.7546337 2.133376e-09 
135.7549052 2.033954e-09 
138.4702673 2.994198e-09 
138.470538 2.432814e-09 
141.1856288 3.928178e-09 
141.1858933 3.483859e-09 
143.9012487 4.500934e-09 
143.9014999 3.178173e-09 
146.6165921 4.728665e-09 
146.6168485 4.223388e-09 
149.3321849 4.49169e-09 
149.3324167 3.268773e-09 
152.0474942 3.661334e-09 
152.0477455 3.586867e-09 
154.7630469 2.970401e-09 
154.7632661 2.488346e-09 
157.478306 1.831531e-09 
157.4785593 2.0882e-09 
160.1938108 1.293171e-09 
160.1940292 1.354816e-09 
162.9090084 7.100561e-10 
162.9092733 8.256815e-10 
165.6244647 4.804479e-10 
165.6246961 5.185968e-10 
168.3395963 6.480262e-10 
168.3398815 3.258475e-10 
171.0550085 5.612074e-10 
171.0552639 2.354105e-10 
173.7700769 1.041789e-09 
173.7703862 5.011085e-10 
176.4854514 9.507657e-10 
176.4857347 4.47992e-10 
179.2004667 1.092986e-09 
179.2007968 8.618855e-10 
181.9158104 9.670968e-10 
181.9161167 7.491417e-10 
184.6307889 6.420273e-10 
184.6311293 8.308614e-10 
187.3461082 6.226433e-10 
187.3464259 6.477306e-10 
190.0610685 8.90843e-10 
190.0614062 5.709337e-10 
192.7763686 1.197229e-09 
192.7766862 4.506179e-10 
195.4913238 3.29306e-09 
195.491652 1.361498e-09 
198.2066103 3.901531e-09 
198.2069243 1.335488e-09 
200.9215628 7.416362e-09 
200.9218875 4.131838e-09 
203.6368447 8.144287e-09 
203.6371622 3.856318e-09 
206.3517554 1.145784e-08 
206.3520954 8.470685e-09 
109.9571947 2.490472e-09 
108.5994743 2.423366e-09 
109.9575514 1.379254e-09 
108.5998353 1.290552e-09 
111.3148745 2.49234e-09 
111.3152229 1.391251e-09 
114.030608 1.311262e-09 
112.6729363 1.393117e-09 
114.0309571 7.8238e-10 
112.6732931 7.642625e-10 
115.3883216 1.274779e-09 
115.3886623 8.165084e-10 
116.7459974 1.206859e-09 
118.1040289 6.624466e-10 
116.7463248 7.17936e-10 
118.104373 9.968125e-10 
119.4616948 5.381173e-10 
119.4620265 9.247851e-10 
122.1770742 5.238445e-10 
120.8194019 5.062751e-10 
122.1773779 6.116576e-10 
120.8197215 8.298278e-10 
123.5350759 4.67638e-10 
123.5354038 1.591334e-09 
126.2504426 4.03914e-10 
124.8927394 3.667037e-10 
126.2507425 9.898114e-10 
124.8930522 1.27567e-09 
127.6081132 5.607672e-10 
127.6083985 7.463371e-10 
130.3237592 7.719578e-10 
128.9660948 6.821117e-10 
130.324055 1.478805e-09 
128.9664047 1.822601e-09 
131.6814606 1.02103e-09 
131.6817458 1.34699e-09 
133.0391302 1.374351e-09 
134.3971019 1.679343e-09 
133.039405 1.405056e-09 
134.3973918 1.957424e-09 
135.7547675 2.08449e-09 
135.755047 2.010605e-09 
138.4701338 3.046047e-09 
137.1124667 2.563644e-09 
138.4704019 2.774077e-09 
137.11274 2.3156e-09 
139.8280978 3.316212e-09 
139.8283647 2.367114e-09 
142.5434557 4.290847e-09 
141.1857619 3.867452e-09 
142.5437159 3.418318e-09 
141.1860232 2.8506e-09 
143.9011161 4.55391e-09 
143.9013765 4.005331e-09 
146.6167243 4.732166e-09 
145.2590672 4.443244e-09 
146.6169654 3.331669e-09 
145.2593084 2.746179e-09 
147.9744067 4.685501e-09 
147.9746529 3.765694e-09 
149.3320528 4.398442e-09 
150.6899849 4.061274e-09 
149.3323059 4.073917e-09 
150.6902023 2.67083e-09 
152.0476269 3.8485e-09 
152.0478511 2.968893e-09 
154.7629129 2.730897e-09 
153.4052897 3.339503e-09 
154.7631641 2.871439e-09 
153.4055266 2.999245e-09 
156.1208233 2.50471e-09 
156.1210263 1.98746e-09 
158.8360779 1.55668e-09 
157.4784422 2.063004e-09 
158.8363149 1.677299e-09 
157.4786592 1.915619e-09 
160.1936715 1.128861e-09 
160.1939294 1.376472e-09 
162.9091518 7.551235e-10 
161.551562 1.035257e-09 
162.909375 8.751929e-10 
161.5517647 1.083039e-09 
164.2667557 5.932749e-10 
164.2670045 6.508135e-10 
165.6243164 5.70483e-10 
166.9821922 3.947221e-10 
165.6245906 4.741442e-10 
166.9824096 4.158765e-10 
168.3397499 4.369692e-10 
168.3399923 3.045852e-10 
171.0548491 8.411633e-10 
169.6973205 6.105243e-10 
171.0551463 3.524302e-10 
169.6975914 2.733929e-10 
172.4127152 5.290651e-10 
172.4129587 1.961445e-10 
175.1277808 1.000673e-09 
173.7702415 7.648247e-10 
175.1280779 4.690491e-10 
173.7705111 2.974529e-10 
176.4852817 1.145679e-09 
176.4856024 7.004754e-10 
179.20064 1.033742e-09 
177.8431405 9.035223e-10 
179.200936 6.260522e-10 
177.8434133 4.041853e-10 
180.5581537 1.030261e-09 
180.5584729 8.028543e-10 
181.9156346 8.880431e-10 
183.2734849 9.028135e-10 
181.9159715 9.159191e-10 
183.2737811 6.700995e-10 
184.6309654 7.867364e-10 
184.6312791 7.595597e-10 
187.3459326 5.644547e-10 
185.9884623 6.415148e-10 
187.3462731 6.668355e-10 
185.9887925 7.502467e-10 
188.7037709 6.17417e-10 
188.7040792 5.473259e-10 
191.4187313 1.070769e-09 
190.0612417 6.900643e-10 
191.41906 5.300835e-10 
190.0615605 4.940819e-10 
192.7761985 1.792542e-09 
192.7765316 7.435992e-10 
195.491491 2.27063e-09 
194.134023 1.302445e-09 
195.4918065 6.885215e-10 
194.1343331 3.75265e-10 
196.848979 3.617457e-09 
196.849301 1.364591e-09 
198.2064452 5.256773e-09 
199.5642609 4.029535e-09 
198.20677 2.505951e-09 
199.5645705 1.234951e-09 
200.9217279 5.936542e-09 
200.9220423 2.421625e-09 
203.636677 9.45905e-09 
202.2792152 7.768533e-09 
203.6370061 6.087416e-09 
202.2795372 4.030943e-09 
204.9944992 8.201364e-09 
204.9948138 3.469099e-09 
206.3519299 1.062083e-08 
206.3522537 5.688675e-09 
109.9573715 1.89362e-09 
109.9577329 9.340256e-10 
112.6727637 1.877239e-09 
112.6731133 1.036164e-09 
115.3884889 9.539356e-10 
115.38884 7.797161e-10 
118.1038675 8.008336e-10 
118.1041979 7.67987e-10 
120.8195572 5.149031e-10 
120.8198935 1.31265e-09 
123.5349262 3.795841e-10 
123.5352354 9.136025e-10 
126.2505876 5.071371e-10 
126.2509067 1.757111e-09 
128.9659535 6.009263e-10 
128.9662454 1.106767e-09 
131.6815994 1.062854e-09 
131.6818996 1.862093e-09 
134.3969651 1.6909e-09 
134.3972442 1.759613e-09 
137.1126019 2.473839e-09 
137.1128807 2.135689e-09 
139.8279644 3.499922e-09 
139.8282314 2.909657e-09 
142.5435873 4.027549e-09 
142.5438414 2.58811e-09 
145.2589378 4.730123e-09 
145.2591908 3.725552e-09 
147.9745343 4.45804e-09 
147.9747628 2.783909e-09 
150.6898586 4.173867e-09 
150.6900991 3.507096e-09 
153.4054155 3.353853e-09 
153.4056242 2.390048e-09 
156.1206969 2.401322e-09 
156.1209325 2.34549e-09 
158.8362059 1.690798e-09 
158.8364068 1.526484e-09 
161.551431 9.35711e-10 
161.5516725 1.092421e-09 
164.2668908 5.987658e-10 
164.267099 7.01646e-10 
166.9820519 5.065147e-10 
166.9823107 3.768623e-10 
169.6974666 3.901712e-10 
169.6976961 2.448624e-10 
172.4125628 8.083556e-10 
172.4128467 3.191403e-10 
175.1279391 7.295194e-10 
175.1281975 2.617596e-10 
177.8429768 1.090444e-09 
177.843286 6.57877e-10 
180.5583214 9.733036e-10 
180.5586072 5.663911e-10 
183.2733144 8.397201e-10 
183.2736408 8.411457e-10 
185.9886336 7.391602e-10 
185.9889374 6.640169e-10 
188.7036003 6.465498e-10 
188.7039311 5.974227e-10 
191.4188998 7.420991e-10 
191.4192099 4.028324e-10 
194.133857 2.060126e-09 
194.1341823 7.332394e-10 
196.8491428 2.405349e-09 
196.8494523 6.183364e-10 
199.5640982 5.602875e-09 
199.5644186 2.484142e-09 
202.2793788 6.026052e-09 
202.2796901 2.223358e-09 
204.9943323 9.857212e-09 
204.9946597 5.861273e-09 
108.5992976 3.088265e-09 
109.9571947 2.491053e-09 
108.5996539 1.826652e-09 
109.9575514 1.379554e-09 
111.3150465 1.885152e-09 
111.3154023 9.890055e-10 
114.0304417 1.815992e-09 
112.6729363 1.392521e-09 
114.0307803 9.807417e-10 
112.6732931 7.645939e-10 
115.3883216 1.274455e-09 
115.3886623 8.157858e-10 
116.7461575 8.406301e-10 
118.1040289 6.619158e-10 
116.7464983 7.721227e-10 
118.104373 9.97014e-10 
119.4615414 7.666673e-10 
119.4618567 6.161114e-10 
120.8194019 5.062731e-10 
122.1772214 3.909151e-10 
120.8197215 8.297308e-10 
122.1775436 1.124016e-09 
123.5350759 4.673171e-10 
123.5354038 1.591438e-09 
124.8925975 4.605034e-10 
126.2504426 4.039283e-10 
124.8928909 6.498528e-10 
126.2507425 9.900836e-10 
127.6082512 4.744718e-10 
127.6085553 1.372759e-09 
130.3236236 8.517599e-10 
128.9660948 6.811537e-10 
130.3239028 9.751909e-10 
128.9664048 1.822579e-09 
131.6814607 1.020748e-09 
131.6817458 1.346635e-09 
133.0392646 1.310933e-09 
134.3971019 1.67748e-09 
133.0395522 1.678998e-09 
134.3973918 1.956361e-09 
135.7546338 2.13506e-09 
135.7549052 2.032635e-09 
137.1124668 2.563975e-09 
138.4702673 2.994283e-09 
137.11274 2.313972e-09 
138.4705381 2.429704e-09 
139.8280979 3.315975e-09 
139.8283647 2.365006e-09 
141.1856289 3.92972e-09 
142.5434558 4.291468e-09 
141.1858933 3.481859e-09 
142.5437159 3.41649e-09 
143.9012487 4.502155e-09 
143.9014999 3.174131e-09 
146.6165921 4.731059e-09 
145.2590673 4.443326e-09 
146.6168485 4.221069e-09 
145.2593084 2.742652e-09 
147.9744067 4.68775e-09 
147.9746529 3.763814e-09 
149.332185 4.493607e-09 
150.6899849 4.063641e-09 
149.3324167 3.264331e-09 
150.6902023 2.666094e-09 
152.0474942 3.662159e-09 
152.0477454 3.586273e-09 
153.4052897 3.341411e-09 
154.7630469 2.971175e-09 
153.4055265 2.998103e-09 
154.763266 2.485944e-09 
156.1208232 2.506467e-09 
156.1210262 1.984053e-09 
157.478306 1.830288e-09 
158.8360779 1.555995e-09 
157.4785592 2.087854e-09 
158.8363148 1.676576e-09 
160.1938108 1.291581e-09 
160.1940291 1.353695e-09 
162.9090083 7.085226e-10 
161.551562 1.034148e-09 
162.9092732 8.243965e-10 
161.5517646 1.081232e-09 
164.2667556 5.92069e-10 
164.2670044 6.497207e-10 
165.6244646 4.790719e-10 
166.9821921 3.933166e-10 
165.624696 5.183415e-10 
166.9824095 4.150045e-10 
168.3395962 6.46699e-10 
168.3398814 3.254675e-10 
169.6973204 6.084938e-10 
171.0550083 5.601894e-10 
169.6975912 2.730748e-10 
171.0552638 2.360048e-10 
172.412715 5.274023e-10 
172.4129586 1.964843e-10 
173.7700768 1.038844e-09 
175.1277808 9.973272e-10 
173.7703861 5.017176e-10 
175.1280778 4.693441e-10 
176.4854513 9.501237e-10 
176.4857347 4.497809e-10 
179.2004666 1.091541e-09 
177.8431404 9.023382e-10 
179.2007967 8.630293e-10 
177.8434132 4.060318e-10 
180.5581537 1.029088e-09 
180.5584729 8.04335e-10 
181.9158103 9.68627e-10 
183.2734848 9.044049e-10 
181.9161167 7.509894e-10 
183.2737811 6.7154e-10 
184.6307888 6.430098e-10 
184.6311293 8.324965e-10 
185.9884622 6.434934e-10 
187.3461081 6.249734e-10 
185.9887925 7.50904e-10 
187.3464259 6.475379e-10 
188.7037709 6.191369e-10 
188.7040792 5.466376e-10 
190.0610685 8.936989e-10 
191.4187312 1.07365e-09 
190.0614062 5.705755e-10 
191.41906 5.288216e-10 
192.7763686 1.198029e-09 
192.7766862 4.493321e-10 
195.4913238 3.294636e-09 
194.1340231 1.301814e-09 
195.4916521 1.359415e-09 
194.1343331 3.743414e-10 
196.848979 3.618648e-09 
196.849301 1.362909e-09 
198.2066103 3.900583e-09 
199.5642609 4.027719e-09 
198.2069243 1.336067e-09 
199.5645705 1.235821e-09 
200.9215628 7.41636e-09 
200.9218875 4.131845e-09 
202.2792152 7.767105e-09 
203.6368447 8.142832e-09 
202.2795372 4.032371e-09 
203.6371622 3.858019e-09 
204.9944992 8.199782e-09 
204.9948138 3.471902e-09 
206.3517554 1.145616e-08 
206.3520955 8.472177e-09 
108.5994743 2.424132e-09 
108.5998353 1.2905e-09 
111.3148746 2.492611e-09 
111.3152229 1.390928e-09 
114.030608 1.310883e-09 
114.0309571 7.818778e-10 
116.7459974 1.207482e-09 
116.7463248 7.174574e-10 
119.4616948 5.380286e-10 
119.4620265 9.24664e-10 
122.1770742 5.244016e-10 
122.1773779 6.115092e-10 
124.8927394 3.662444e-10 
124.8930523 1.276257e-09 
127.6081133 5.6162e-10 
127.6083985 7.457985e-10 
130.3237592 7.710994e-10 
130.324055 1.479133e-09 
133.0391303 1.375222e-09 
133.039405 1.403909e-09 
135.7547676 2.083272e-09 
135.755047 2.009321e-09 
138.4701339 3.046401e-09 
138.470402 2.772982e-09 
141.185762 3.867529e-09 
141.1860232 2.848991e-09 
143.9011161 4.5551e-09 
143.9013766 4.00388e-09 
146.6167243 4.733743e-09 
146.6169654 3.328267e-09 
149.3320528 4.400364e-09 
149.3323059 4.073465e-09 
152.0476269 3.852333e-09 
152.0478511 2.965215e-09 
154.7629129 2.730847e-09 
154.763164 2.872482e-09 
157.4784421 2.063984e-09 
157.4786592 1.913375e-09 
160.1936714 1.127501e-09 
160.1939293 1.375853e-09 
162.9091517 7.546237e-10 
162.9093749 8.737368e-10 
165.6243164 5.693807e-10 
165.6245905 4.732681e-10 
168.3397499 4.354524e-10 
168.3399922 3.039571e-10 
171.0548491 8.382194e-10 
171.0551462 3.510733e-10 
173.7702415 7.616013e-10 
173.7705109 2.974184e-10 
176.4852817 1.141979e-09 
176.4856023 6.992489e-10 
179.20064 1.032689e-09 
179.200936 6.264822e-10 
181.9156345 8.873023e-10 
181.9159714 9.162718e-10 
184.6309653 7.886353e-10 
184.6312791 7.593267e-10 
187.3459325 5.664493e-10 
187.3462731 6.678146e-10 
190.0612417 6.926418e-10 
190.0615605 4.928111e-10 
192.7761984 1.795987e-09 
192.7765316 7.425026e-10 
195.491491 2.270856e-09 
195.4918065 6.866009e-10 
198.2064452 5.259734e-09 
198.20677 2.503041e-09 
200.9217279 5.933146e-09 
200.9220423 2.422309e-09 
203.636677 9.455865e-09 
203.6370061 6.087898e-09 
206.3519299 1.062022e-08 
206.3522537 5.690856e-09 
108.5992976 3.089704e-09 
109.9573715 1.894108e-09 
108.5996539 1.826242e-09 
109.9577329 9.335324e-10 
111.3150465 1.885779e-09 
111.3154023 9.882896e-10 
114.0304417 1.816469e-09 
112.6727637 1.877177e-09 
114.0307803 9.800141e-10 
112.6731133 1.035597e-09 
115.3884889 9.52962e-10 
115.38884 7.796032e-10 
118.1038675 8.008823e-10 
116.7461575 8.403385e-10 
118.1041979 7.670461e-10 
116.7464983 7.714451e-10 
119.4615414 7.674979e-10 
119.4618567 6.157326e-10 
122.1772214 3.903679e-10 
120.8195572 5.144227e-10 
122.1775436 1.124341e-09 
120.8198935 1.312878e-09 
123.5349262 3.793859e-10 
123.5352354 9.13415e-10 
124.8925975 4.606928e-10 
126.2505876 5.063035e-10 
124.8928909 6.491434e-10 
126.2509067 1.756733e-09 
127.6082513 4.736085e-10 
127.6085553 1.372977e-09 
130.3236237 8.516151e-10 
128.9659535 6.007977e-10 
130.3239028 9.735935e-10 
128.9662454 1.106108e-09 
131.6815994 1.061164e-09 
131.6818996 1.862347e-09 
134.3969652 1.690329e-09 
133.0392646 1.309821e-09 
134.3972442 1.758953e-09 
133.0395522 1.678975e-09 
135.7546339 2.134186e-09 
135.7549052 2.032044e-09 
138.4702673 2.993061e-09 
137.1126019 2.472511e-09 
138.4705381 2.430325e-09 
137.1128807 2.135266e-09 
139.8279644 3.499039e-09 
139.8282314 2.909483e-09 
141.1856289 3.928419e-09 
142.5435873 4.027875e-09 
141.1858933 3.481878e-09 
142.5438415 2.586921e-09 
143.9012487 4.502018e-09 
143.9015 3.1739e-09 
146.6165921 4.731226e-09 
145.2589378 4.731213e-09 
146.6168485 4.222431e-09 
145.2591908 3.725875e-09 
147.9745343 4.46047e-09 
147.9747629 2.78034e-09 
150.6898585 4.177218e-09 
149.3321849 4.497099e-09 
150.6900992 3.506899e-09 
149.3324168 3.262658e-09 
152.0474942 3.66236e-09 
152.0477454 3.588258e-09 
154.7630468 2.974653e-09 
153.4054155 3.358202e-09 
154.763266 2.483477e-09 
153.4056242 2.385286e-09 
156.1206969 2.403125e-09 
156.1209324 2.345511e-09 
157.4783059 1.829666e-09 
158.8362059 1.692772e-09 
157.4785592 2.088947e-09 
158.8364068 1.52374e-09 
160.1938107 1.29314e-09 
160.1940291 1.35197e-09 
162.9090083 7.083046e-10 
161.551431 9.358212e-10 
162.9092732 8.242911e-10 
161.5516724 1.091414e-09 
164.2668907 5.984254e-10 
164.2670989 6.993877e-10 
166.9820519 5.054022e-10 
165.6244646 4.790962e-10 
166.9823106 3.758848e-10 
165.6246959 5.168372e-10 
168.3395963 6.44954e-10 
168.3398813 3.243086e-10 
171.0550084 5.56848e-10 
169.6974665 3.880459e-10 
171.0552637 2.350545e-10 
169.697696 2.436819e-10 
172.4125628 8.044719e-10 
172.4128466 3.17872e-10 
173.7700769 1.035523e-09 
175.127939 7.260528e-10 
173.770386 4.98532e-10 
175.1281974 2.616635e-10 
176.4854513 9.460145e-10 
176.4857346 4.485403e-10 
179.2004666 1.089241e-09 
177.8429768 1.087281e-09 
179.2007966 8.610959e-10 
177.8432859 6.565501e-10 
180.5583214 9.718993e-10 
180.5586072 5.668e-10 
183.2733144 8.394692e-10 
181.9158103 9.675709e-10 
183.2736408 8.410931e-10 
181.9161167 7.505543e-10 
184.6307888 6.423238e-10 
184.6311293 8.326358e-10 
187.3461081 6.269092e-10 
185.9886336 7.406377e-10 
187.3464259 6.467302e-10 
185.9889374 6.631068e-10 
188.7036003 6.489488e-10 
188.7039311 5.971843e-10 
190.0610684 8.957506e-10 
191.4188998 7.431399e-10 
190.0614062 5.713722e-10 
191.4192099 4.017046e-10 
192.7763686 1.199383e-09 
192.7766862 4.486021e-10 
195.4913238 3.298857e-09 
194.133857 2.062418e-09 
195.4916521 1.357769e-09 
194.1341823 7.315019e-10 
196.8491428 2.403372e-09 
196.8494523 6.173107e-10 
199.5640982 5.602866e-09 
198.2066103 3.899858e-09 
199.5644186 2.48217e-09 
198.2069243 1.333772e-09 
200.9215628 7.417702e-09 
200.9218875 4.128708e-09 
203.6368447 8.139713e-09 
202.2793788 6.023886e-09 
203.6371622 3.859449e-09 
202.2796901 2.22469e-09 
204.9943323 9.852912e-09 
204.9946597 5.863284e-09 
206.3517554 1.145054e-08 
206.3520954 8.473523e-09 
109.9571947 2.492735e-09 
109.9575514 1.378152e-09 
112.6729363 1.392861e-09 
112.6732931 7.636828e-10 
115.3883216 1.274525e-09 
115.3886623 8.149228e-10 
118.1040289 6.612027e-10 
118.104373 9.968821e-10 
120.8194019 5.063911e-10 
120.8197215 8.291568e-10 
123.5350759 4.66636e-10 
123.5354038 1.591095e-09 
126.2504426 4.037066e-10 
126.2507425 9.88831e-10 
128.9660948 6.796008e-10 
128.9664047 1.822838e-09 
131.6814607 1.020293e-09 
131.6817457 1.345073e-09 
134.3971019 1.676639e-09 
134.3973918 1.957668e-09 
137.1124668 2.562477e-09 
137.11274 2.314703e-09 
139.8280978 3.315047e-09 
139.8283647 2.366067e-09 
142.5434558 4.29042e-09 
142.5437159 3.417724e-09 
145.2590672 4.44552e-09 
145.2593084 2.742387e-09 
147.9744066 4.689834e-09 
147.9746529 3.765242e-09 
150.6899848 4.067906e-09 
150.6902024 2.663425e-09 
153.4052896 3.343918e-09 
153.4055266 2.999113e-09 
156.1208232 2.510278e-09 
156.1210263 1.981389e-09 
158.8360778 1.557594e-09 
158.8363149 1.676632e-09 
161.551562 1.035987e-09 
161.5517646 1.079306e-09 
164.2667557 5.927228e-10 
164.2670044 6.490727e-10 
166.9821921 3.931025e-10 
166.9824094 4.131178e-10 
169.6973205 6.06167e-10 
169.6975912 2.717884e-10 
172.4127151 5.237073e-10 
172.4129585 1.954042e-10 
175.1277809 9.934381e-10 
175.1280778 4.666527e-10 
177.8431404 8.987477e-10 
177.8434131 4.049894e-10 
180.5581537 1.027116e-09 
180.5584728 8.024192e-10 
183.2734848 9.030636e-10 
183.2737811 6.704706e-10 
185.9884622 6.433322e-10 
185.9887925 7.502231e-10 
188.7037709 6.201407e-10 
188.7040792 5.457184e-10 
191.4187312 1.074713e-09 
191.41906 5.291438e-10 
194.134023 1.301678e-09 
194.1343331 3.737291e-10 
196.848979 3.619813e-09 
196.849301 1.361105e-09 
199.5642609 4.026063e-09 
199.5645705 1.234286e-09 
202.2792152 7.766798e-09 
202.2795372 4.031026e-09 
204.9944992 8.19849e-09 
204.9948138 3.473228e-09 
108.5994744 2.425066e-09 
109.9573715 1.893902e-09 
108.5998354 1.289008e-09 
109.9577329 9.316978e-10 
111.3148746 2.493945e-09 
111.3152229 1.39043e-09 
112.6727637 1.878443e-09 
114.0306081 1.311208e-09 
112.6731133 1.034326e-09 
114.0309571 7.809522e-10 
115.3884889 9.53006e-10 
115.38884 7.785758e-10 
116.7459974 1.20857e-09 
118.1038675 8.012651e-10 
116.7463248 7.166964e-10 
118.1041979 7.666703e-10 
119.4616948 5.377938e-10 
119.4620265 9.244976e-10 
122.1770742 5.245217e-10 
120.8195572 5.141714e-10 
122.1773779 6.109686e-10 
120.8198935 1.312495e-09 
123.5349262 3.793747e-10 
123.5352354 9.125623e-10 
124.8927394 3.654863e-10 
126.2505876 5.056429e-10 
124.8930522 1.276034e-09 
126.2509067 1.756382e-09 
127.6081133 5.612021e-10 
127.6083984 7.441601e-10 
128.9659535 6.005373e-10 
130.3237592 7.700512e-10 
128.9662453 1.104557e-09 
130.3240549 1.478831e-09 
131.6815994 1.060524e-09 
131.6818996 1.863283e-09 
133.0391303 1.373755e-09 
134.3969652 1.689255e-09 
133.039405 1.402658e-09 
134.3972442 1.758585e-09 
135.7547676 2.082213e-09 
135.755047 2.010732e-09 
138.4701339 3.044145e-09 
137.1126019 2.472542e-09 
138.4704019 2.773482e-09 
137.1128807 2.13736e-09 
139.8279644 3.497996e-09 
139.8282313 2.911999e-09 
141.1857619 3.865832e-09 
142.5435873 4.02825e-09 
141.1860232 2.851204e-09 
142.5438415 2.589123e-09 
143.9011161 4.553162e-09 
143.9013765 4.005937e-09 
145.2589377 4.730692e-09 
146.6167242 4.734857e-09 
145.2591908 3.727422e-09 
146.6169655 3.329523e-09 
147.9745343 4.462855e-09 
147.974763 2.780836e-09 
149.3320527 4.399277e-09 
150.6898585 4.17904e-09 
149.3323059 4.076494e-09 
150.6900992 3.508984e-09 
152.0476268 3.855038e-09 
152.0478512 2.965269e-09 
154.7629128 2.73067e-09 
153.4054154 3.360679e-09 
154.763164 2.874745e-09 
153.4056243 2.385513e-09 
156.1206968 2.40465e-09 
156.1209325 2.346932e-09 
157.4784421 2.066663e-09 
158.8362059 1.69485e-09 
157.4786592 1.912423e-09 
158.8364068 1.522979e-09 
160.1936714 1.128189e-09 
160.1939293 1.37688e-09 
161.551431 9.378032e-10 
162.9091517 7.562652e-10 
161.5516725 1.09163e-09 
162.9093749 8.725741e-10 
164.2668908 6.000588e-10 
164.2670989 6.98329e-10 
165.6243165 5.695652e-10 
166.982052 5.054619e-10 
165.6245906 4.734664e-10 
166.9823107 3.757012e-10 
168.3397499 4.342644e-10 
168.3399921 3.030149e-10 
171.0548492 8.367172e-10 
169.6974666 3.869323e-10 
171.0551462 3.486778e-10 
169.6976959 2.427731e-10 
172.4125629 8.026392e-10 
172.4128466 3.157814e-10 
173.7702416 7.57617e-10 
175.1279391 7.225656e-10 
173.7705109 2.956981e-10 
175.1281973 2.599605e-10 
176.4852818 1.140405e-09 
176.4856023 6.955507e-10 
177.8429769 1.085505e-09 
179.20064 1.029425e-09 
177.8432859 6.536008e-10 
179.2009359 6.2489e-10 
180.5583214 9.694241e-10 
180.5586071 5.649735e-10 
181.9156345 8.850845e-10 
183.2733144 8.378248e-10 
181.9159714 9.143049e-10 
183.2736408 8.387151e-10 
184.6309653 7.876282e-10 
184.6312791 7.585605e-10 
187.3459325 5.658172e-10 
185.9886336 7.396097e-10 
187.3462731 6.682434e-10 
185.9889374 6.619193e-10 
188.7036003 6.479633e-10 
188.7039312 5.973188e-10 
190.0612417 6.934099e-10 
191.4188998 7.429727e-10 
190.0615605 4.930789e-10 
191.4192099 4.01718e-10 
192.7761984 1.797117e-09 
192.7765316 7.429347e-10 
194.1338569 2.062232e-09 
195.4914909 2.271498e-09 
194.1341823 7.322447e-10 
195.4918065 6.859288e-10 
196.8491428 2.403389e-09 
196.8494523 6.16651e-10 
198.2064451 5.262326e-09 
199.5640981 5.604408e-09 
198.20677 2.50097e-09 
199.5644186 2.480195e-09 
200.9217278 5.933532e-09 
200.9220423 2.420024e-09 
203.636677 9.455874e-09 
202.2793788 6.023761e-09 
203.6370061 6.086339e-09 
202.2796901 2.223464e-09 
204.9943322 9.853326e-09 
204.9946597 5.861864e-09 
206.3519299 1.061699e-08 
206.3522537 5.691801e-09 
108.5992976 3.09087e-09 
108.5996539 1.825829e-09 
111.3150466 1.886162e-09 
111.3154023 9.866786e-10 
114.0304417 1.817952e-09 
114.0307803 9.793002e-10 
116.7461575 8.408201e-10 
116.7464983 7.710234e-10 
119.4615414 7.676485e-10 
119.4618567 6.154875e-10 
122.1772214 3.90216e-10 
122.1775435 1.123913e-09 
124.8925975 4.600585e-10 
124.8928909 6.485015e-10 
127.6082513 4.731267e-10 
127.6085553 1.371994e-09 
130.3236237 8.505219e-10 
130.3239028 9.730092e-10 
133.0392646 1.309159e-09 
133.0395522 1.679721e-09 
135.7546338 2.131943e-09 
135.7549051 2.031985e-09 
138.4702673 2.992053e-09 
138.470538 2.432957e-09 
141.1856288 3.926828e-09 
141.1858933 3.483656e-09 
143.9012486 4.50137e-09 
143.9015 3.177551e-09 
146.616592 4.728663e-09 
146.6168485 4.224435e-09 
149.3321849 4.497465e-09 
149.3324168 3.265023e-09 
152.0474942 3.662423e-09 
152.0477454 3.590318e-09 
154.7630468 2.975642e-09 
154.7632661 2.485262e-09 
157.4783059 1.830586e-09 
157.4785592 2.090086e-09 
160.1938108 1.295097e-09 
160.1940292 1.35225e-09 
162.9090084 7.099385e-10 
162.9092733 8.253564e-10 
165.6244647 4.79938e-10 
165.624696 5.168145e-10 
168.3395964 6.452833e-10 
168.3398814 3.240579e-10 
171.0550085 5.556226e-10 
171.0552637 2.339213e-10 
173.770077 1.036137e-09 
173.7703861 4.958746e-10 
176.4854514 9.439203e-10 
176.4857346 4.46432e-10 
179.2004667 1.088551e-09 
179.2007967 8.586319e-10 
181.9158104 9.651695e-10 
181.9161167 7.485201e-10 
184.6307888 6.404822e-10 
184.6311293 8.309824e-10 
187.3461081 6.255302e-10 
187.3464259 6.466037e-10 
190.0610684 8.944206e-10 
190.0614062 5.721617e-10 
192.7763685 1.198751e-09 
192.7766862 4.495172e-10 
195.4913237 3.298344e-09 
195.491652 1.358347e-09 
198.2066102 3.901169e-09 
198.2069243 1.332538e-09 
200.9215628 7.420094e-09 
200.9218875 4.127948e-09 
203.6368447 8.139549e-09 
203.6371622 3.857286e-09 
206.3517553 1.144735e-08 
206.3520954 8.473001e-09 
109.9571947 2.492782e-09 
108.5994744 2.424492e-09 
109.9575515 1.377265e-09 
108.5998354 1.288691e-09 
111.3148745 2.495101e-09 
111.3152229 1.389379e-09 
114.0306081 1.311269e-09 
112.6729363 1.391881e-09 
114.0309571 7.801233e-10 
112.6732931 7.623123e-10 
115.3883216 1.275413e-09 
115.3886623 8.145448e-10 
116.7459974 1.208751e-09 
118.1040289 6.616263e-10 
116.7463248 7.167969e-10 
118.104373 9.961689e-10 
119.4616948 5.380096e-10 
119.4620265 9.244699e-10 
122.1770742 5.238951e-10 
120.8194019 5.064538e-10 
122.1773779 6.109132e-10 
120.8197215 8.288268e-10 
123.5350759 4.668304e-10 
123.5354037 1.590744e-09 
126.2504426 4.035728e-10 
124.8927394 3.657402e-10 
126.2507425 9.883043e-10 
124.8930522 1.27511e-09 
127.6081133 5.601202e-10 
127.6083984 7.448325e-10 
130.3237592 7.701831e-10 
128.9660948 6.80201e-10 
130.3240549 1.478485e-09 
128.9664047 1.822485e-09 
131.6814607 1.019955e-09 
131.6817457 1.345405e-09 
133.0391303 1.372114e-09 
134.3971019 1.677324e-09 
133.039405 1.403858e-09 
134.3973918 1.95907e-09 
135.7547675 2.082361e-09 
135.755047 2.012663e-09 
138.4701338 3.043012e-09 
137.1124668 2.561927e-09 
138.4704019 2.77461e-09 
137.1127399 2.316054e-09 
139.8280978 3.315894e-09 
139.8283647 2.368822e-09 
142.5434557 4.289805e-09 
141.1857618 3.865287e-09 
142.5437159 3.420628e-09 
141.1860232 2.854487e-09 
143.901116 4.55157e-09 
143.9013765 4.007253e-09 
146.6167242 4.733952e-09 
145.2590672 4.445443e-09 
146.6169654 3.333589e-09 
145.2593085 2.745408e-09 
147.9744066 4.689671e-09 
147.9746529 3.766455e-09 
149.3320527 4.398029e-09 
150.6899848 4.067488e-09 
149.3323059 4.076975e-09 
150.6902024 2.666502e-09 
152.0476268 3.853372e-09 
152.0478512 2.968918e-09 
154.7629128 2.731729e-09 
153.4052896 3.344238e-09 
154.763164 2.874113e-09 
153.4055266 3.001029e-09 
156.1208232 2.509988e-09 
156.1210264 1.983627e-09 
158.8360779 1.558738e-09 
157.4784421 2.066507e-09 
158.8363149 1.677751e-09 
157.4786593 1.914681e-09 
160.1936715 1.129669e-09 
160.1939294 1.377946e-09 
162.9091518 7.576438e-10 
161.551562 1.037338e-09 
162.909375 8.73718e-10 
161.5517647 1.079779e-09 
164.2667557 5.944389e-10 
164.2670045 6.497981e-10 
165.6243166 5.710203e-10 
166.9821922 3.93885e-10 
165.6245907 4.74154e-10 
166.9824095 4.13454e-10 
168.33975 4.349928e-10 
168.3399922 3.032428e-10 
171.0548493 8.385744e-10 
169.6973206 6.06734e-10 
171.0551463 3.484367e-10 
169.6975913 2.714338e-10 
172.4127152 5.229169e-10 
172.4129585 1.94495e-10 
175.127781 9.943246e-10 
173.7702417 7.582957e-10 
175.1280778 4.645943e-10 
173.7705109 2.943549e-10 
176.4852819 1.142982e-09 
176.4856024 6.946597e-10 
179.2006401 1.02858e-09 
177.8431405 8.974127e-10 
179.200936 6.23121e-10 
177.8434131 4.025394e-10 
180.5581538 1.026631e-09 
180.5584729 7.996466e-10 
181.9156347 8.84853e-10 
183.2734848 9.009395e-10 
181.9159715 9.126433e-10 
183.2737811 6.685844e-10 
184.6309654 7.85087e-10 
184.6312791 7.572916e-10 
187.3459326 5.638569e-10 
185.9884623 6.413882e-10 
187.3462731 6.670708e-10 
185.9887925 7.4882e-10 
188.7037709 6.187295e-10 
188.7040792 5.454908e-10 
191.4187312 1.072326e-09 
190.0612417 6.911736e-10 
191.41906 5.300882e-10 
190.0615605 4.940479e-10 
192.7761984 1.794894e-09 
192.7765315 7.438376e-10 
195.4914909 2.271615e-09 
194.134023 1.301596e-09 
195.4918065 6.869649e-10 
194.1343331 3.743433e-10 
196.848979 3.619853e-09 
196.849301 1.361637e-09 
198.2064451 5.261738e-09 
199.5642609 4.027702e-09 
198.20677 2.502775e-09 
199.5645705 1.233569e-09 
200.9217278 5.935813e-09 
200.9220422 2.419317e-09 
203.636677 9.458312e-09 
202.2792152 7.768716e-09 
203.637006 6.08526e-09 
202.2795372 4.028956e-09 
204.9944992 8.198312e-09 
204.9948138 3.470427e-09 
206.3519299 1.061702e-08 
206.3522537 5.690191e-09 
109.9573716 1.893077e-09 
109.9577329 9.319543e-10 
112.6727637 1.878066e-09 
112.6731133 1.034042e-09 
115.3884889 9.528946e-10 
115.38884 7.782451e-10 
118.1038675 8.013405e-10 
118.1041979 7.669152e-10 
120.8195572 5.146116e-10 
120.8198935 1.312583e-09 
123.5349262 3.79336e-10 
123.5352354 9.123541e-10 
126.2505876 5.066883e-10 
126.2509066 1.756317e-09 
128.9659535 6.002864e-10 
128.9662453 1.105268e-09 
131.6815994 1.062434e-09 
131.6818996 1.863161e-09 
134.3969651 1.689824e-09 
134.3972442 1.760447e-09 
137.1126019 2.474094e-09 
137.1128807 2.139366e-09 
139.8279643 3.497156e-09 
139.8282313 2.913344e-09 
142.5435872 4.028336e-09 
142.5438415 2.591956e-09 
145.2589377 4.73029e-09 
145.2591908 3.729121e-09 
147.9745342 4.461008e-09 
147.974763 2.785354e-09 
150.6898585 4.176849e-09 
150.6900992 3.509816e-09 
153.4054155 3.357453e-09 
153.4056243 2.390051e-09 
156.1206969 2.403966e-09 
156.1209325 2.347336e-09 
158.836206 1.694179e-09 
158.8364069 1.525545e-09 
161.5514311 9.388773e-10 
161.5516725 1.092737e-09 
164.2668909 6.010231e-10 
164.267099 6.999812e-10 
166.982052 5.069632e-10 
166.9823108 3.763781e-10 
169.6974667 3.880895e-10 
169.697696 2.432507e-10 
172.412563 8.056408e-10 
172.4128468 3.154715e-10 
175.1279392 7.237534e-10 
175.1281974 2.588153e-10 
177.842977 1.087926e-09 
177.843286 6.527898e-10 
180.5583215 9.687802e-10 
180.5586071 5.628393e-10 
183.2733145 8.373852e-10 
183.2736408 8.369697e-10 
185.9886336 7.371427e-10 
185.9889374 6.615666e-10 
188.7036003 6.451567e-10 
188.7039311 5.972266e-10 
191.4188998 7.419323e-10 
191.4192099 4.026899e-10 
194.133857 2.05987e-09 
194.1341823 7.334739e-10 
196.8491428 2.404864e-09 
196.8494523 6.172738e-10 
199.5640982 5.605662e-09 
199.5644186 2.4814e-09 
202.2793787 6.025429e-09 
202.2796901 2.221807e-09 
204.9943323 9.857232e-09 
204.9946597 5.859556e-09 
