# c_kinat vs. Position.Y (2660 data points):
# Position.Y c_kinat
1.3463202 3.94358e-10 
1.3467916 3.227793e-10 
2.7040545 3.39879e-10 
2.7045332 3.163198e-10 
4.0618546 3.14567e-10 
5.4196094 3.210289e-10 
4.0623367 3.180095e-10 
6.7769192 3.141883e-10 
6.7774099 3.255872e-10 
8.1346724 3.195812e-10 
9.4924718 3.285665e-10 
8.1351608 3.326126e-10 
9.4929503 3.281208e-10 
10.8502209 3.360164e-10 
12.2075259 3.34629e-10 
13.5652751 3.4747e-10 
12.2080122 3.276874e-10 
13.5657508 3.178583e-10 
14.9230688 3.446132e-10 
14.9235326 2.96129e-10 
17.6381213 3.657335e-10 
16.2808108 3.356692e-10 
17.6385979 3.092275e-10 
18.9958661 3.681444e-10 
18.9963352 2.95317e-10 
20.3536573 3.516299e-10 
21.7113983 3.405515e-10 
20.3541202 2.77825e-10 
23.068714 3.874351e-10 
24.4264584 3.928537e-10 
23.0691875 3.207571e-10 
24.4269286 3.267232e-10 
25.7842516 3.864461e-10 
25.7847191 3.36673e-10 
28.499315 4.202792e-10 
27.1419959 3.984566e-10 
28.4997902 4.116583e-10 
29.8570628 4.51236e-10 
29.8575367 4.429352e-10 
31.2148611 4.796012e-10 
32.5726107 5.202921e-10 
31.2153331 4.631414e-10 
33.9299327 4.71277e-10 
33.9304106 5.473346e-10 
35.2876859 5.287516e-10 
36.64549 5.743677e-10 
35.288162 5.624554e-10 
36.6459624 5.449473e-10 
38.0032446 6.059498e-10 
39.3605706 4.815515e-10 
40.7183293 5.349246e-10 
39.3610487 6.072379e-10 
40.7188031 5.858186e-10 
42.076138 5.693544e-10 
42.0766052 5.408061e-10 
44.7912282 4.03841e-10 
43.4338962 5.8455e-10 
44.7917028 5.836008e-10 
46.1489914 4.553466e-10 
46.1494589 5.745548e-10 
47.5068037 5.070233e-10 
48.8645652 5.534513e-10 
47.5072621 5.602287e-10 
50.2219053 3.228958e-10 
50.222374 6.064456e-10 
51.5796734 4.119011e-10 
52.9374898 5.289274e-10 
51.5801327 6.631626e-10 
52.9379381 7.25251e-10 
54.2952556 6.543491e-10 
55.6526065 3.689047e-10 
57.0103809 5.436437e-10 
55.6530682 8.010101e-10 
57.0108306 9.429659e-10 
58.3682028 7.555771e-10 
58.368639 1.072599e-09 
61.0833394 6.513267e-10 
59.7259737 9.607394e-10 
61.0837898 1.156974e-09 
62.4411201 8.88124e-10 
62.4415547 1.290999e-09 
63.7989461 1.103368e-09 
65.1567193 1.246342e-09 
63.7993635 1.365815e-09 
66.5141057 9.796135e-10 
66.5145349 1.335616e-09 
67.8718884 1.088203e-09 
69.2297128 1.134381e-09 
67.8722974 1.330604e-09 
69.2301011 1.286826e-09 
70.5874821 1.112884e-09 
71.9448952 8.469965e-10 
73.3026722 7.746339e-10 
71.9452909 1.091468e-09 
73.3030455 1.041283e-09 
74.6604879 7.412078e-10 
74.6608401 1.006005e-09 
77.3756899 3.529613e-10 
76.0182474 7.287242e-10 
77.3760454 7.745e-10 
78.7334551 3.483283e-10 
78.7337906 8.120776e-10 
80.0912584 4.474652e-10 
81.4490071 5.4318e-10 
80.0915769 8.422162e-10 
82.8064767 1.541198e-10 
82.806796 6.50032e-10 
84.16423 2.648205e-10 
85.5220233 4.052528e-10 
84.1645353 7.291567e-10 
85.5223183 8.026127e-10 
86.8797654 4.914319e-10 
88.2372558 2.375637e-10 
89.595002 2.769424e-10 
88.2375507 5.87745e-10 
89.595289 7.329484e-10 
90.9527911 3.374274e-10 
90.9530736 9.313836e-10 
93.6680362 1.997066e-10 
92.310532 4.296395e-10 
93.6683187 6.052887e-10 
95.0257808 1.725606e-10 
95.0260589 9.096901e-10 
96.3835704 2.476822e-10 
97.7413129 4.512386e-10 
96.3838465 1.263585e-09 
99.0988249 6.650366e-11 
99.0991021 7.552274e-10 
100.4565701 8.8266e-11 
101.8143609 2.439695e-10 
100.4568433 1.164044e-09 
101.814632 1.563817e-09 
103.1721038 5.22107e-10 
104.5296194 2.476249e-11 
105.8873634 9.40965e-11 
104.5298933 8.576798e-10 
105.8876325 1.225966e-09 
107.2451531 2.688976e-10 
107.2454185 1.558981e-09 
1.3465567 3.354077e-10 
1.3470248 3.156369e-10 
2.7042943 3.21236e-10 
4.0616121 3.355347e-10 
5.419365 3.183505e-10 
4.062096 3.167882e-10 
5.4198524 3.262487e-10 
6.7771656 3.174194e-10 
6.7776511 3.291838e-10 
9.4922242 3.182692e-10 
8.1349186 3.289075e-10 
9.492715 3.306535e-10 
10.8499758 3.327433e-10 
10.8504586 3.294612e-10 
12.2077724 3.389719e-10 
13.5655173 3.377899e-10 
12.2082416 3.149638e-10 
14.9228247 3.521233e-10 
14.9233054 3.183282e-10 
16.2805712 3.591124e-10 
17.6383631 3.472512e-10 
16.2810424 3.037727e-10 
17.6388252 2.807059e-10 
18.9961039 3.345803e-10 
20.3534173 3.767197e-10 
21.7111613 3.781963e-10 
20.3538915 3.072486e-10 
21.7116303 3.003098e-10 
23.0689531 3.626862e-10 
24.4266953 3.599592e-10 
23.069418 2.952603e-10 
25.7840128 4.010053e-10 
25.7844868 3.551209e-10 
27.1417585 4.164997e-10 
28.4995541 4.262446e-10 
27.1422305 3.7616e-10 
28.5000241 3.973559e-10 
29.8573009 4.553446e-10 
31.2146214 4.45283e-10 
32.5723718 4.92568e-10 
31.2150981 4.81556e-10 
32.5728473 5.108858e-10 
33.930173 5.346066e-10 
33.930646 5.164735e-10 
36.6452491 4.868314e-10 
35.2879253 5.75672e-10 
36.6457276 5.922926e-10 
38.0030052 5.454362e-10 
38.0034807 5.866743e-10 
39.3608117 5.863787e-10 
40.7185683 6.05753e-10 
39.3612822 5.487446e-10 
42.0758971 4.510533e-10 
42.0763738 5.98937e-10 
43.4336581 4.996204e-10 
44.7914686 5.367355e-10 
43.4341291 5.759632e-10 
44.7919317 5.392604e-10 
46.1492284 5.609285e-10 
47.5065641 3.556099e-10 
48.8643297 4.202698e-10 
47.507036 5.804513e-10 
48.8647932 5.987672e-10 
50.2221438 4.989489e-10 
50.2225972 6.183195e-10 
52.9372524 3.2172e-10 
51.5799073 5.793741e-10 
52.9377178 6.766817e-10 
54.2950235 4.477666e-10 
54.2954783 7.785808e-10 
55.6528425 6.12776e-10 
57.0106109 7.857472e-10 
55.6532853 8.825411e-10 
58.3679686 4.801711e-10 
58.3684256 9.722211e-10 
59.7257464 7.001798e-10 
61.0835708 9.370497e-10 
59.7261896 1.131212e-09 
61.0839988 1.252144e-09 
62.4413435 1.136193e-09 
63.7987188 8.427348e-10 
65.1565012 1.042061e-09 
63.7991601 1.296441e-09 
65.1569245 1.366786e-09 
66.5143274 1.184181e-09 
66.5147315 1.376434e-09 
69.2294986 9.892395e-10 
67.8720995 1.240265e-09 
69.2299125 1.25604e-09 
70.5872794 9.894438e-10 
70.5876716 1.203185e-09 
71.9451003 9.632095e-10 
73.3028652 9.1644e-10 
71.9454709 1.144916e-09 
74.660293 6.006044e-10 
74.6606687 9.124041e-10 
76.0180645 5.308992e-10 
77.3758741 5.537518e-10 
76.0184186 9.028586e-10 
77.3762085 9.042632e-10 
78.733628 6.031569e-10 
80.0910846 1.947156e-10 
81.4488435 2.675442e-10 
80.0914208 6.940611e-10 
81.4491625 7.604618e-10 
82.8066411 4.134134e-10 
82.8069464 8.086422e-10 
85.5218668 1.912246e-10 
84.1643858 5.172438e-10 
85.5221722 6.168335e-10 
86.8796157 2.834723e-10 
86.8799104 7.152394e-10 
88.2374061 3.836247e-10 
89.5951471 4.577849e-10 
88.2376938 8.380704e-10 
90.9526453 2.434179e-10 
90.9529327 5.782359e-10 
92.3103901 2.338044e-10 
93.6681791 2.847198e-10 
92.3106718 7.981241e-10 
93.668458 1.080669e-09 
95.0259207 4.263942e-10 
96.3834294 1.30333e-10 
97.7411743 1.191842e-10 
96.3837088 6.706878e-10 
97.7414497 1.044282e-09 
99.0989646 2.364264e-10 
99.0992383 1.43896e-09 
101.8142219 2.883834e-11 
100.4567077 4.909798e-10 
101.8144975 8.269456e-10 
103.1719669 8.146307e-11 
103.1722382 1.231184e-09 
104.5297576 2.569583e-10 
105.8874995 5.284873e-10 
104.5300259 1.607116e-09 
107.2450157 5.345936e-11 
107.2452877 8.373198e-10 
2.7040545 3.397997e-10 
2.7045332 3.164333e-10 
5.4196094 3.210467e-10 
8.1346724 3.196057e-10 
8.1351608 3.325368e-10 
10.8502209 3.359603e-10 
13.5652751 3.476471e-10 
13.5657508 3.177053e-10 
16.2808108 3.354737e-10 
18.9958661 3.682287e-10 
18.9963352 2.950768e-10 
21.7113983 3.403506e-10 
24.4264584 3.927398e-10 
24.4269286 3.264538e-10 
27.1419959 3.983162e-10 
29.8570628 4.510791e-10 
29.8575367 4.428286e-10 
32.5726107 5.202794e-10 
35.2876859 5.285382e-10 
35.288162 5.625934e-10 
38.0032446 6.06135e-10 
40.7183293 5.346778e-10 
40.7188031 5.861848e-10 
43.4338962 5.848691e-10 
46.1489914 4.553967e-10 
46.1494589 5.746053e-10 
48.8645652 5.534637e-10 
51.5796734 4.119711e-10 
51.5801327 6.630963e-10 
54.2952556 6.542116e-10 
57.0103809 5.434945e-10 
57.0108306 9.429545e-10 
59.7259737 9.607315e-10 
62.4411201 8.881849e-10 
62.4415547 1.291168e-09 
65.1567193 1.246261e-09 
67.8718884 1.087927e-09 
67.8722974 1.331276e-09 
70.5874821 1.113122e-09 
73.3026722 7.744665e-10 
73.3030455 1.041779e-09 
76.0182474 7.290721e-10 
78.7334551 3.485563e-10 
78.7337906 8.122345e-10 
81.4490071 5.435294e-10 
84.16423 2.650056e-10 
84.1645353 7.292198e-10 
86.8797654 4.918782e-10 
89.595002 2.770628e-10 
89.595289 7.328738e-10 
92.310532 4.300513e-10 
95.0257808 1.72698e-10 
95.0260589 9.093937e-10 
97.7413129 4.513709e-10 
100.45657 8.840425e-11 
100.4568433 1.163848e-09 
103.1721038 5.220335e-10 
105.8873634 9.41209e-11 
105.8876325 1.225938e-09 
1.3463202 3.94235e-10 
1.3467916 3.229117e-10 
2.7042943 3.213644e-10 
5.419365 3.18295e-10 
4.0618546 3.145767e-10 
5.4198524 3.262821e-10 
4.0623367 3.180293e-10 
6.7769192 3.142553e-10 
6.7774099 3.255034e-10 
9.4924718 3.28513e-10 
8.1349186 3.28805e-10 
9.4929503 3.28136e-10 
10.8499758 3.328378e-10 
10.8504586 3.293059e-10 
12.2075259 3.347646e-10 
12.2080122 3.274498e-10 
13.5655173 3.375507e-10 
14.9230688 3.444478e-10 
14.9235326 2.961988e-10 
16.2805712 3.591018e-10 
17.6381213 3.658689e-10 
17.6385979 3.089047e-10 
16.2810424 3.035708e-10 
18.9961039 3.342604e-10 
21.7111613 3.779727e-10 
20.3536573 3.514031e-10 
21.7116303 3.001775e-10 
20.3541202 2.778758e-10 
23.068714 3.873473e-10 
24.4266953 3.596373e-10 
23.0691875 3.204627e-10 
25.7842516 3.862228e-10 
25.7847191 3.36714e-10 
28.499315 4.201514e-10 
27.1417585 4.162701e-10 
28.4997902 4.115768e-10 
27.1422305 3.760861e-10 
29.8573009 4.551363e-10 
32.5723718 4.923418e-10 
31.2148611 4.795419e-10 
32.5728473 5.109269e-10 
31.2153331 4.632393e-10 
33.9299327 4.709872e-10 
33.9304106 5.47447e-10 
36.64549 5.7449e-10 
35.2879253 5.75877e-10 
36.6459624 5.450753e-10 
38.0030052 5.452877e-10 
38.0034807 5.868048e-10 
39.3605706 4.812243e-10 
40.7185683 6.061054e-10 
39.3610487 6.075672e-10 
42.076138 5.695573e-10 
42.0766052 5.408165e-10 
44.7912282 4.037764e-10 
43.4336581 4.996259e-10 
44.7917028 5.836196e-10 
43.4341291 5.759936e-10 
46.1492284 5.610314e-10 
48.8643297 4.203214e-10 
47.5068037 5.071388e-10 
48.8647932 5.986426e-10 
47.5072621 5.602495e-10 
50.2219053 3.229417e-10 
50.222374 6.061967e-10 
52.9374898 5.287295e-10 
51.5799073 5.791684e-10 
52.9379381 7.253433e-10 
54.2950235 4.475285e-10 
54.2954783 7.786422e-10 
55.6526065 3.689547e-10 
57.0106109 7.855809e-10 
55.6530682 8.010114e-10 
58.3682028 7.55454e-10 
58.368639 1.072744e-09 
61.0833394 6.511794e-10 
59.7257464 7.0006e-10 
61.0837898 1.15707e-09 
59.7261896 1.131231e-09 
62.4413435 1.136172e-09 
65.1565012 1.042075e-09 
63.7989461 1.103383e-09 
65.1569245 1.367232e-09 
63.7993635 1.366195e-09 
66.5141057 9.795796e-10 
66.5145349 1.336239e-09 
69.2297128 1.134294e-09 
67.8720995 1.240682e-09 
69.2301011 1.286985e-09 
70.5872794 9.891597e-10 
70.5876716 1.203652e-09 
71.9448952 8.467023e-10 
73.3028652 9.169808e-10 
71.9452909 1.092003e-09 
74.6604879 7.416289e-10 
74.6608401 1.00616e-09 
77.3756899 3.530889e-10 
76.0180645 5.311255e-10 
77.3760454 7.745727e-10 
76.0184186 9.030055e-10 
78.733628 6.033164e-10 
81.4488435 2.676829e-10 
80.0912584 4.477432e-10 
81.4491625 7.604197e-10 
80.0915769 8.421922e-10 
82.8064767 1.542308e-10 
82.806796 6.50199e-10 
85.5220233 4.055538e-10 
84.1643858 5.173964e-10 
85.5223183 8.022302e-10 
86.8796157 2.836437e-10 
86.8799104 7.150027e-10 
88.2372558 2.376189e-10 
89.5951471 4.579255e-10 
88.2375507 5.878972e-10 
90.9527911 3.377457e-10 
90.9530736 9.309321e-10 
93.6680362 1.997201e-10 
92.3103901 2.339627e-10 
93.6683187 6.052151e-10 
92.3106718 7.977166e-10 
95.0259207 4.263938e-10 
97.7411743 1.192799e-10 
96.3835704 2.477998e-10 
97.7414497 1.043981e-09 
96.3838465 1.263319e-09 
99.0988249 6.652918e-11 
99.0991021 7.550808e-10 
101.8143609 2.439202e-10 
100.4567077 4.908275e-10 
101.814632 1.563819e-09 
103.1719669 8.14317e-11 
103.1722382 1.23125e-09 
104.5296194 2.47506e-11 
105.8874995 5.284264e-10 
104.5298933 8.576571e-10 
107.2451531 2.688691e-10 
107.2454185 1.55901e-09 
1.3465567 3.355183e-10 
1.3470248 3.155167e-10 
4.0616121 3.354557e-10 
4.062096 3.168184e-10 
6.7771656 3.173409e-10 
6.7776511 3.293388e-10 
9.4922241 3.183172e-10 
9.492715 3.30463e-10 
12.2077724 3.387966e-10 
12.2082416 3.15061e-10 
14.9228247 3.520753e-10 
14.9233054 3.180914e-10 
17.6383631 3.469384e-10 
17.6388252 2.808747e-10 
20.3534173 3.765351e-10 
20.3538915 3.070615e-10 
23.0689531 3.623288e-10 
23.0694179 2.954873e-10 
25.7840128 4.008384e-10 
25.7844868 3.549504e-10 
28.4995541 4.260127e-10 
28.5000241 3.976161e-10 
31.2146214 4.450845e-10 
31.2150981 4.81541e-10 
33.930173 5.346691e-10 
33.930646 5.1651e-10 
36.6452491 4.86495e-10 
36.6457276 5.924903e-10 
39.3608117 5.867031e-10 
39.3612822 5.485636e-10 
42.0758971 4.51e-10 
42.0763738 5.98953e-10 
44.7914686 5.36846e-10 
44.7919317 5.391597e-10 
47.5065641 3.556268e-10 
47.507036 5.801955e-10 
50.2221439 4.987978e-10 
50.2225972 6.184054e-10 
52.9372524 3.216034e-10 
52.9377178 6.764969e-10 
55.6528425 6.124898e-10 
55.6532853 8.828177e-10 
58.3679686 4.802581e-10 
58.3684256 9.722349e-10 
61.0835708 9.368596e-10 
61.0839988 1.252283e-09 
63.7987188 8.42668e-10 
63.7991601 1.296889e-09 
66.5143274 1.18445e-09 
66.5147315 1.376253e-09 
69.2294986 9.889861e-10 
69.2299125 1.256631e-09 
71.9451003 9.636557e-10 
71.9454709 1.144887e-09 
74.6602929 6.006745e-10 
74.6606687 9.125056e-10 
77.3758741 5.539407e-10 
77.3762085 9.042727e-10 
80.0910846 1.948534e-10 
80.0914208 6.939774e-10 
82.8066411 4.134611e-10 
82.8069464 8.084607e-10 
85.5218668 1.913669e-10 
85.5221722 6.166825e-10 
88.2374061 3.837157e-10 
88.2376938 8.37762e-10 
90.9526453 2.435593e-10 
90.9529327 5.779843e-10 
93.668179 2.847744e-10 
93.668458 1.080483e-09 
96.3834294 1.303902e-10 
96.3837088 6.704003e-10 
99.0989646 2.36264e-10 
99.0992383 1.438975e-09 
101.8142219 2.880856e-11 
101.8144975 8.269336e-10 
104.5297576 2.568509e-10 
104.5300259 1.607258e-09 
107.2450157 5.3438e-11 
107.2452877 8.373846e-10 
1.3463202 3.943385e-10 
1.3467916 3.229065e-10 
2.7040545 3.397222e-10 
2.7045332 3.165397e-10 
4.0618546 3.145239e-10 
5.4196094 3.210442e-10 
4.0623367 3.18157e-10 
6.7769192 3.141751e-10 
6.7774099 3.254442e-10 
8.1346724 3.195935e-10 
9.4924718 3.283753e-10 
8.1351608 3.324863e-10 
9.4929503 3.283118e-10 
10.8502209 3.357464e-10 
12.2075259 3.346246e-10 
13.5652751 3.475864e-10 
12.2080122 3.273447e-10 
13.5657508 3.175753e-10 
14.9230688 3.442037e-10 
14.9235326 2.963225e-10 
17.6381213 3.655413e-10 
16.2808108 3.351849e-10 
17.6385979 3.088858e-10 
18.9958661 3.679386e-10 
18.9963352 2.950739e-10 
20.3536573 3.510839e-10 
21.7113983 3.400513e-10 
20.3541202 2.781922e-10 
23.068714 3.871002e-10 
24.4264584 3.924303e-10 
23.0691875 3.204542e-10 
24.4269286 3.265244e-10 
25.7842516 3.858947e-10 
25.7847191 3.370571e-10 
28.499315 4.199468e-10 
27.1419959 3.979876e-10 
28.4997902 4.115185e-10 
29.8570628 4.508236e-10 
29.8575367 4.429171e-10 
31.2148611 4.794378e-10 
32.5726107 5.202614e-10 
31.2153331 4.634551e-10 
33.9299327 4.708602e-10 
33.9304106 5.474923e-10 
35.2876859 5.284819e-10 
36.64549 5.746968e-10 
35.288162 5.6262e-10 
36.6459624 5.448217e-10 
38.0032446 6.064359e-10 
39.3605706 4.811557e-10 
40.7183293 5.347848e-10 
39.3610487 6.074929e-10 
40.7188031 5.859947e-10 
42.076138 5.698296e-10 
42.0766052 5.405084e-10 
44.7912282 4.0385e-10 
43.4338962 5.850319e-10 
44.7917028 5.833713e-10 
46.1489914 4.554221e-10 
46.1494589 5.744383e-10 
47.5068037 5.069239e-10 
48.8645652 5.533182e-10 
47.5072621 5.602244e-10 
50.2219053 3.228419e-10 
50.2223741 6.060413e-10 
51.5796734 4.117899e-10 
52.9374898 5.284816e-10 
51.5801327 6.630852e-10 
52.9379381 7.256006e-10 
54.2952556 6.539221e-10 
55.6526065 3.688697e-10 
57.0103809 5.433005e-10 
55.6530682 8.008349e-10 
57.0108306 9.430743e-10 
58.3682028 7.552026e-10 
58.368639 1.073001e-09 
61.0833394 6.513794e-10 
59.7259737 9.605759e-10 
61.0837898 1.157272e-09 
62.4411201 8.880756e-10 
62.4415547 1.291258e-09 
63.7989461 1.103443e-09 
65.1567193 1.246667e-09 
63.7993635 1.365771e-09 
66.5141057 9.79418e-10 
66.5145349 1.336572e-09 
67.8718884 1.087963e-09 
69.2297128 1.134959e-09 
67.8722974 1.331442e-09 
69.2301011 1.286623e-09 
70.5874821 1.11374e-09 
71.9448952 8.468473e-10 
73.3026722 7.746639e-10 
71.9452909 1.092097e-09 
73.3030455 1.04184e-09 
74.6604879 7.417988e-10 
74.6608401 1.006031e-09 
77.3756899 3.531984e-10 
76.0182474 7.292539e-10 
77.3760454 7.744415e-10 
78.7334551 3.486298e-10 
78.7337906 8.12132e-10 
80.0912584 4.476026e-10 
81.4490071 5.434157e-10 
80.0915769 8.421117e-10 
82.8064767 1.542938e-10 
82.806796 6.49831e-10 
84.16423 2.650618e-10 
85.5220233 4.053464e-10 
84.1645353 7.289119e-10 
85.5223183 8.021919e-10 
86.8797654 4.916715e-10 
88.2372558 2.378231e-10 
89.595002 2.772062e-10 
88.2375507 5.874501e-10 
89.595289 7.324381e-10 
90.9527911 3.375947e-10 
90.9530736 9.309237e-10 
93.6680362 1.998808e-10 
92.310532 4.297887e-10 
93.6683187 6.047849e-10 
95.0257808 1.727954e-10 
95.0260589 9.090136e-10 
96.3835704 2.475874e-10 
97.7413129 4.51081e-10 
96.3838465 1.263433e-09 
99.0988249 6.652733e-11 
99.0991021 7.549553e-10 
100.45657 8.831338e-11 
101.8143609 2.436954e-10 
100.4568433 1.163854e-09 
101.814632 1.563981e-09 
103.1721038 5.219136e-10 
104.5296194 2.467116e-11 
105.8873634 9.402639e-11 
104.5298933 8.578036e-10 
105.8876325 1.226114e-09 
107.2451531 2.689093e-10 
107.2454185 1.559114e-09 
2.7042943 3.214085e-10 
5.419365 3.182605e-10 
5.4198524 3.263328e-10 
8.1349186 3.286765e-10 
10.8499758 3.327162e-10 
10.8504586 3.292535e-10 
13.5655173 3.374044e-10 
16.2805712 3.58854e-10 
16.2810424 3.036255e-10 
18.9961039 3.340517e-10 
21.7111613 3.776621e-10 
21.7116303 3.004051e-10 
24.4266953 3.594173e-10 
27.1417585 4.159605e-10 
27.1422305 3.762903e-10 
29.8573009 4.55013e-10 
32.5723718 4.922619e-10 
32.5728473 5.11083e-10 
35.2879253 5.759542e-10 
38.0030052 5.455298e-10 
38.0034807 5.865168e-10 
40.7185683 6.061894e-10 
43.4336581 4.997961e-10 
43.4341291 5.756182e-10 
46.1492284 5.609196e-10 
48.8643297 4.200993e-10 
48.8647932 5.986362e-10 
51.5799073 5.789475e-10 
54.2950235 4.473851e-10 
54.2954783 7.787265e-10 
57.0106109 7.853353e-10 
59.7257464 6.999836e-10 
59.7261896 1.131348e-09 
62.4413435 1.13629e-09 
65.1565012 1.042058e-09 
65.1569245 1.367011e-09 
67.8720995 1.241193e-09 
70.5872794 9.896313e-10 
70.5876716 1.203449e-09 
73.3028652 9.171609e-10 
76.0180645 5.311516e-10 
76.0184186 9.028433e-10 
78.733628 6.03177e-10 
81.4488435 2.675658e-10 
81.4491625 7.60123e-10 
84.1643858 5.169622e-10 
86.8796157 2.836463e-10 
86.8799104 7.146484e-10 
89.5951471 4.574294e-10 
92.3103901 2.340296e-10 
92.3106718 7.974089e-10 
95.0259207 4.259306e-10 
97.7411743 1.191904e-10 
97.7414497 1.043941e-09 
100.4567077 4.906192e-10 
103.1719669 8.126316e-11 
103.1722382 1.231408e-09 
105.8874995 5.285263e-10 
1.3465567 3.355889e-10 
1.3470248 3.15375e-10 
2.7040545 3.397634e-10 
2.7045332 3.164925e-10 
4.0616121 3.353891e-10 
4.062096 3.167861e-10 
5.4196094 3.210248e-10 
6.7771656 3.172305e-10 
6.7776511 3.295459e-10 
8.1346724 3.195202e-10 
9.4922241 3.181209e-10 
9.492715 3.304717e-10 
8.1351608 3.325153e-10 
10.8502209 3.35699e-10 
13.565275 3.473419e-10 
12.2077725 3.386897e-10 
13.5657508 3.176756e-10 
12.2082416 3.151405e-10 
14.9228247 3.517391e-10 
14.9233054 3.182333e-10 
17.6383631 3.467607e-10 
16.2808108 3.351971e-10 
17.6388252 2.810533e-10 
18.9958661 3.677108e-10 
18.9963352 2.953334e-10 
20.3534173 3.762413e-10 
20.3538915 3.072472e-10 
21.7113983 3.399999e-10 
24.4264584 3.922629e-10 
23.0689531 3.621407e-10 
24.4269286 3.26839e-10 
23.0694179 2.958492e-10 
25.7840128 4.005868e-10 
25.7844868 3.550249e-10 
28.4995541 4.25819e-10 
27.1419959 3.980033e-10 
28.5000241 3.978682e-10 
29.8570628 4.507434e-10 
29.8575367 4.431086e-10 
31.2146214 4.449974e-10 
32.5726107 5.202421e-10 
31.2150981 4.816099e-10 
33.930173 5.346613e-10 
33.930646 5.164692e-10 
36.6452491 4.866683e-10 
35.2876859 5.286611e-10 
36.6457276 5.923234e-10 
35.288162 5.625546e-10 
38.0032446 6.06327e-10 
40.7183293 5.350916e-10 
39.3608117 5.868744e-10 
40.7188031 5.855273e-10 
39.3612822 5.481773e-10 
42.0758971 4.510881e-10 
42.0763738 5.986302e-10 
44.7914686 5.368065e-10 
43.4338963 5.848472e-10 
44.7919317 5.389652e-10 
46.1489914 4.553873e-10 
46.1494589 5.74268e-10 
47.5065641 3.555946e-10 
48.8645652 5.531393e-10 
47.507036 5.800904e-10 
50.2221439 4.984225e-10 
50.2225972 6.185757e-10 
52.9372524 3.21498e-10 
51.5796734 4.115486e-10 
52.9377179 6.764891e-10 
51.5801327 6.632385e-10 
54.2952556 6.538581e-10 
57.0103809 5.432879e-10 
55.6528425 6.123587e-10 
57.0108306 9.431302e-10 
55.6532853 8.830121e-10 
58.3679686 4.802854e-10 
58.3684256 9.721433e-10 
61.0835708 9.368453e-10 
59.7259737 9.605388e-10 
61.0839988 1.252108e-09 
62.4411201 8.881651e-10 
62.4415547 1.291118e-09 
63.7987188 8.428695e-10 
65.1567193 1.24677e-09 
63.7991601 1.296925e-09 
66.5143274 1.184805e-09 
66.5147315 1.375681e-09 
69.2294986 9.891765e-10 
67.8718884 1.088322e-09 
69.2299125 1.25654e-09 
67.8722974 1.33093e-09 
70.5874821 1.113838e-09 
73.3026722 7.748462e-10 
71.9451003 9.639646e-10 
73.3030455 1.041487e-09 
71.9454709 1.144465e-09 
74.6602929 6.008269e-10 
74.6606687 9.123706e-10 
77.3758741 5.537578e-10 
76.0182474 7.291221e-10 
77.3762085 9.041615e-10 
78.7334551 3.484333e-10 
78.7337906 8.118805e-10 
80.0910846 1.947929e-10 
81.4490071 5.430122e-10 
80.0914208 6.936414e-10 
82.8066411 4.130737e-10 
82.8069464 8.085646e-10 
85.5218668 1.914222e-10 
84.16423 2.648805e-10 
85.5221722 6.161709e-10 
84.1645353 7.28699e-10 
86.8797654 4.911055e-10 
89.595002 2.771617e-10 
88.2374061 3.833548e-10 
89.595289 7.322995e-10 
88.2376938 8.379933e-10 
90.9526453 2.437485e-10 
90.9529327 5.775155e-10 
93.668179 2.844454e-10 
92.310532 4.29269e-10 
93.668458 1.080755e-09 
95.0257808 1.727008e-10 
95.0260589 9.090812e-10 
96.3834294 1.30464e-10 
97.7413129 4.507687e-10 
96.3837088 6.701654e-10 
99.0989646 2.360205e-10 
99.0992383 1.439247e-09 
101.8142219 2.873229e-11 
100.45657 8.814252e-11 
101.8144975 8.270256e-10 
100.4568433 1.16402e-09 
103.1721038 5.219804e-10 
105.8873634 9.396413e-11 
104.5297576 2.568044e-10 
105.8876325 1.226179e-09 
104.5300259 1.607335e-09 
107.2450157 5.340926e-11 
107.2452877 8.375491e-10 
1.3463202 3.945204e-10 
1.3467916 3.227737e-10 
4.0618546 3.144986e-10 
4.0623367 3.182168e-10 
6.7769192 3.140181e-10 
6.7774099 3.25476e-10 
9.4924718 3.283494e-10 
9.4929503 3.283986e-10 
12.2075259 3.343578e-10 
12.2080122 3.275537e-10 
14.9230688 3.442085e-10 
14.9235326 2.963232e-10 
17.6381213 3.653034e-10 
17.6385979 3.09212e-10 
20.3536573 3.510794e-10 
20.3541202 2.783581e-10 
23.068714 3.869095e-10 
23.0691875 3.207008e-10 
25.7842516 3.859289e-10 
25.7847191 3.372578e-10 
28.499315 4.198624e-10 
28.4997902 4.116539e-10 
31.2148611 4.79385e-10 
31.2153331 4.634536e-10 
33.9299327 4.710897e-10 
33.9304106 5.474327e-10 
36.64549 5.746341e-10 
36.6459624 5.446195e-10 
39.3605706 4.81496e-10 
39.3610487 6.071179e-10 
42.076138 5.6974e-10 
42.0766052 5.402828e-10 
44.7912282 4.038527e-10 
44.7917028 5.832181e-10 
47.5068037 5.067525e-10 
47.5072621 5.602371e-10 
50.2219053 3.22747e-10 
50.2223741 6.061662e-10 
52.9374898 5.282752e-10 
52.9379381 7.257004e-10 
55.6526065 3.688258e-10 
55.6530682 8.009561e-10 
58.3682028 7.552932e-10 
58.368639 1.072846e-09 
61.0833394 6.5147e-10 
61.0837898 1.157019e-09 
63.7989461 1.103608e-09 
63.7993635 1.365528e-09 
66.5141057 9.798125e-10 
66.5145349 1.336277e-09 
69.2297128 1.135017e-09 
69.2301011 1.286034e-09 
71.9448952 8.469407e-10 
71.9452909 1.091847e-09 
74.6604879 7.417233e-10 
74.6608401 1.005738e-09 
77.3756899 3.531361e-10 
77.3760454 7.741903e-10 
80.0912584 4.47213e-10 
80.0915769 8.422321e-10 
82.8064767 1.541759e-10 
82.806796 6.495077e-10 
85.5220233 4.049282e-10 
85.5223183 8.024931e-10 
88.2372558 2.378502e-10 
88.2375507 5.870639e-10 
90.9527911 3.371999e-10 
90.9530736 9.313439e-10 
93.6680362 1.99965e-10 
93.6683187 6.046151e-10 
96.3835704 2.473117e-10 
96.3838465 1.263833e-09 
99.0988249 6.649003e-11 
99.0991021 7.549793e-10 
101.8143609 2.436532e-10 
101.814632 1.564133e-09 
104.5296194 2.46364e-11 
104.5298933 8.579212e-10 
107.2451531 2.689363e-10 
107.2454185 1.559015e-09 
1.3465567 3.355362e-10 
1.3470248 3.154029e-10 
2.7042943 3.213047e-10 
4.0616121 3.354383e-10 
5.419365 3.182877e-10 
4.062096 3.167252e-10 
5.4198524 3.263245e-10 
6.7771656 3.172494e-10 
6.7776511 3.295145e-10 
9.4922242 3.179966e-10 
8.1349186 3.287079e-10 
9.492715 3.306564e-10 
10.8499758 3.325934e-10 
10.8504586 3.293663e-10 
12.2077725 3.38834e-10 
13.5655173 3.375472e-10 
12.2082416 3.150871e-10 
14.9228247 3.516462e-10 
14.9233054 3.185192e-10 
16.2805712 3.586787e-10 
17.6383631 3.469013e-10 
16.2810424 3.038246e-10 
17.6388252 2.809695e-10 
18.9961039 3.342037e-10 
20.3534173 3.76197e-10 
21.7111613 3.776367e-10 
20.3538915 3.075665e-10 
21.7116303 3.007204e-10 
23.0689531 3.623621e-10 
24.4266953 3.596129e-10 
23.0694179 2.958648e-10 
25.7840128 4.006358e-10 
25.7844868 3.552504e-10 
27.1417585 4.161093e-10 
28.4995541 4.260284e-10 
27.1422305 3.765049e-10 
28.5000242 3.97777e-10 
29.8573009 4.55158e-10 
31.2146214 4.451977e-10 
32.5723718 4.924155e-10 
31.2150981 4.816143e-10 
32.5728473 5.110426e-10 
33.930173 5.346074e-10 
33.930646 5.163263e-10 
36.6452491 4.870213e-10 
35.2879253 5.758206e-10 
36.6457276 5.920931e-10 
38.0030052 5.457707e-10 
38.0034807 5.862887e-10 
39.3608117 5.865996e-10 
40.7185683 6.058426e-10 
39.3612822 5.481201e-10 
42.0758971 4.513583e-10 
42.0763738 5.984369e-10 
43.4336581 4.998962e-10 
44.7914686 5.366292e-10 
43.4341291 5.753813e-10 
44.7919317 5.389826e-10 
46.1492284 5.607115e-10 
47.5065641 3.554964e-10 
48.8643297 4.200317e-10 
47.507036 5.801966e-10 
48.8647932 5.986814e-10 
50.2221439 4.985092e-10 
50.2225972 6.185358e-10 
52.9372524 3.214245e-10 
51.5799073 5.790138e-10 
52.9377178 6.767625e-10 
54.2950235 4.472626e-10 
54.2954783 7.788462e-10 
55.6528425 6.123991e-10 
57.0106109 7.855192e-10 
55.6532853 8.828049e-10 
58.3679686 4.803021e-10 
58.3684256 9.721361e-10 
59.7257464 7.001398e-10 
61.0835708 9.370126e-10 
59.7261896 1.131211e-09 
61.0839988 1.251954e-09 
62.4413435 1.136188e-09 
63.7987188 8.430702e-10 
65.1565012 1.042381e-09 
63.7991601 1.296465e-09 
65.1569245 1.366699e-09 
66.5143274 1.184724e-09 
66.5147315 1.375455e-09 
69.2294986 9.892994e-10 
67.8720995 1.240974e-09 
69.2299125 1.256117e-09 
70.5872794 9.896861e-10 
70.5876716 1.202848e-09 
71.9451003 9.637683e-10 
73.3028652 9.170099e-10 
71.9454709 1.144127e-09 
74.6602929 6.007471e-10 
74.6606687 9.120711e-10 
76.0180645 5.310646e-10 
77.3758741 5.534422e-10 
76.0184186 9.025086e-10 
77.3762085 9.041643e-10 
78.733628 6.028326e-10 
80.0910846 1.946719e-10 
81.4488435 2.673466e-10 
80.0914208 6.935649e-10 
81.4491625 7.600794e-10 
82.8066411 4.127993e-10 
82.8069464 8.087927e-10 
85.5218668 1.912856e-10 
84.1643858 5.165705e-10 
85.5221722 6.160353e-10 
86.8796157 2.834711e-10 
86.8799104 7.146717e-10 
88.2374061 3.830448e-10 
89.5951471 4.570101e-10 
88.2376938 8.383836e-10 
90.9526453 2.437199e-10 
90.9529327 5.774797e-10 
92.3103901 2.339072e-10 
93.668179 2.842001e-10 
92.3106718 7.976169e-10 
93.668458 1.081185e-09 
95.0259207 4.256704e-10 
96.3834294 1.30416e-10 
97.7411743 1.190233e-10 
96.3837088 6.703299e-10 
97.7414497 1.044256e-09 
99.0989646 2.360079e-10 
99.0992383 1.439457e-09 
101.8142219 2.872374e-11 
100.4567077 4.906108e-10 
101.8144975 8.270631e-10 
103.1719669 8.120785e-11 
103.1722382 1.231459e-09 
104.5297576 2.568527e-10 
105.8874995 5.286644e-10 
104.5300259 1.607249e-09 
107.2450157 5.341022e-11 
107.2452877 8.376021e-10 
2.7040545 3.398593e-10 
2.7045332 3.163518e-10 
5.4196094 3.210176e-10 
8.1346724 3.195427e-10 
8.1351608 3.325974e-10 
10.8502209 3.3586e-10 
13.565275 3.473024e-10 
13.5657508 3.178196e-10 
16.2808108 3.354786e-10 
18.9958661 3.677688e-10 
18.9963352 2.954743e-10 
21.7113983 3.403232e-10 
24.4264584 3.925872e-10 
24.4269286 3.269943e-10 
27.1419959 3.982737e-10 
29.8570628 4.510692e-10 
29.8575367 4.430746e-10 
32.5726107 5.202837e-10 
35.2876859 5.287901e-10 
35.288162 5.624063e-10 
38.0032446 6.060606e-10 
40.7183293 5.351469e-10 
40.7188031 5.854884e-10 
43.4338962 5.845083e-10 
46.1489914 4.554072e-10 
46.1494589 5.742903e-10 
48.8645652 5.53232e-10 
51.5796734 4.11612e-10 
51.5801327 6.632879e-10 
54.2952556 6.541792e-10 
57.0103809 5.433396e-10 
57.0108306 9.430625e-10 
59.7259737 9.606767e-10 
62.4411201 8.88419e-10 
62.4415547 1.290941e-09 
65.1567193 1.246435e-09 
67.8718884 1.088284e-09 
67.8722974 1.33057e-09 
70.5874821 1.113476e-09 
73.3026722 7.747517e-10 
73.3030455 1.040986e-09 
76.0182474 7.287814e-10 
78.7334551 3.483118e-10 
78.7337906 8.118968e-10 
81.4490071 5.428327e-10 
84.16423 2.647291e-10 
84.1645353 7.288701e-10 
86.8797654 4.909747e-10 
89.595002 2.770082e-10 
89.595289 7.325807e-10 
92.310532 4.291764e-10 
95.0257808 1.725491e-10 
95.0260589 9.095056e-10 
97.7413129 4.508685e-10 
100.45657 8.810684e-11 
100.4568433 1.164185e-09 
103.1721038 5.220493e-10 
105.8873634 9.400246e-11 
105.8876325 1.226083e-09 
1.3463202 3.945504e-10 
1.3467916 3.226945e-10 
2.7042943 3.211941e-10 
5.419365 3.183459e-10 
4.0618546 3.145216e-10 
5.4198524 3.262781e-10 
4.0623367 3.18119e-10 
6.7769192 3.140485e-10 
6.7774099 3.255674e-10 
9.4924718 3.284858e-10 
8.1349186 3.288474e-10 
9.4929503 3.282841e-10 
10.8499758 3.32645e-10 
10.8504586 3.294941e-10 
12.2075259 3.34422e-10 
12.2080122 3.277355e-10 
13.5655173 3.377644e-10 
14.9230688 3.444647e-10 
14.9235326 2.961925e-10 
16.2805712 3.58825e-10 
17.6381213 3.653898e-10 
17.6385979 3.094031e-10 
16.2810424 3.038929e-10 
18.9961039 3.345689e-10 
21.7111613 3.779783e-10 
20.3536573 3.513804e-10 
21.7116303 3.006609e-10 
20.3541202 2.781183e-10 
23.068714 3.871433e-10 
24.4266953 3.599463e-10 
23.0691875 3.209288e-10 
25.7842516 3.863059e-10 
25.7847191 3.370288e-10 
28.499315 4.201565e-10 
27.1417585 4.165119e-10 
28.4997902 4.116766e-10 
27.1422305 3.764129e-10 
29.8573009 4.553182e-10 
32.5723718 4.926239e-10 
31.2148611 4.795393e-10 
32.5728473 5.108981e-10 
31.2153331 4.632496e-10 
33.9299327 4.713122e-10 
33.9304106 5.473309e-10 
36.64549 5.744514e-10 
35.2879253 5.757171e-10 
36.6459624 5.446269e-10 
38.0030052 5.457094e-10 
38.0034807 5.863487e-10 
39.3605706 4.817297e-10 
40.7185683 6.055863e-10 
39.3610487 6.070065e-10 
42.076138 5.694022e-10 
42.0766052 5.405034e-10 
44.7912282 4.039714e-10 
43.4336581 4.997911e-10 
44.7917028 5.833209e-10 
43.4341291 5.756143e-10 
46.1492284 5.607201e-10 
48.8643297 4.201494e-10 
47.5068037 5.068529e-10 
48.8647932 5.987308e-10 
47.5072621 5.602149e-10 
50.2219053 3.226564e-10 
50.2223741 6.064098e-10 
52.9374898 5.286655e-10 
51.5799073 5.79335e-10 
52.9379381 7.25425e-10 
54.2950235 4.475496e-10 
54.2954783 7.787216e-10 
55.6526065 3.688449e-10 
57.0106109 7.857316e-10 
55.6530682 8.010725e-10 
58.3682028 7.553653e-10 
58.368639 1.072671e-09 
61.0833394 6.515292e-10 
59.7257464 7.00202e-10 
61.0837898 1.156891e-09 
59.7261896 1.131169e-09 
62.4413435 1.136189e-09 
65.1565012 1.042265e-09 
63.7989461 1.103549e-09 
65.1569245 1.36655e-09 
63.7993635 1.365454e-09 
66.5141057 9.797254e-10 
66.5145349 1.335753e-09 
69.2297128 1.134787e-09 
67.8720995 1.240525e-09 
69.2301011 1.286136e-09 
70.5872794 9.895978e-10 
70.5876716 1.202617e-09 
71.9448952 8.469396e-10 
73.3028652 9.165092e-10 
71.9452909 1.091381e-09 
74.6604879 7.413267e-10 
74.6608401 1.005764e-09 
77.3756899 3.530599e-10 
76.0180645 5.309692e-10 
77.3760454 7.74239e-10 
76.0184186 9.025012e-10 
78.733628 6.02788e-10 
81.4488435 2.673215e-10 
80.0912584 4.471028e-10 
81.4491625 7.602955e-10 
80.0915769 8.422667e-10 
82.8064767 1.540583e-10 
82.806796 6.496344e-10 
85.5220233 4.0489e-10 
84.1643858 5.167438e-10 
85.5223183 8.027349e-10 
86.8796157 2.833887e-10 
86.8799104 7.149952e-10 
88.2372558 2.377051e-10 
89.5951471 4.572056e-10 
88.2375507 5.872401e-10 
90.9527911 3.370891e-10 
90.9530736 9.316464e-10 
93.6680362 1.998495e-10 
92.3103901 2.337778e-10 
93.6683187 6.04919e-10 
92.3106718 7.980456e-10 
95.0259207 4.259374e-10 
97.7411743 1.190168e-10 
96.3835704 2.473795e-10 
97.7414497 1.044463e-09 
96.3838465 1.263943e-09 
99.0988249 6.646204e-11 
99.0991021 7.551739e-10 
101.8143609 2.437858e-10 
100.4567077 4.908298e-10 
101.814632 1.564052e-09 
103.171967 8.131362e-11 
103.1722382 1.23138e-09 
104.5296194 2.470246e-11 
105.8874995 5.285717e-10 
104.5298933 8.578163e-10 
107.2451531 2.68917e-10 
107.2454185 1.558915e-09 
1.3465567 3.354072e-10 
1.3470248 3.155622e-10 
4.0616121 3.355347e-10 
4.062096 3.167307e-10 
6.7771656 3.173549e-10 
6.7776511 3.292945e-10 
9.4922242 3.181223e-10 
9.492715 3.307695e-10 
12.2077724 3.390095e-10 
12.2082416 3.149825e-10 
14.9228247 3.518532e-10 
14.9233054 3.185481e-10 
17.6383631 3.472224e-10 
17.6388252 2.807536e-10 
20.3534173 3.764805e-10 
20.3538915 3.075891e-10 
23.0689531 3.62706e-10 
23.069418 2.954766e-10 
25.7840128 4.010016e-10 
25.7844868 3.553018e-10 
28.4995541 4.262945e-10 
28.5000242 3.974688e-10 
31.2146214 4.453677e-10 
31.2150981 4.815185e-10 
33.930173 5.34613e-10 
33.930646 5.163201e-10 
36.6452491 4.871112e-10 
36.6457276 5.920984e-10 
39.3608117 5.863461e-10 
39.3612822 5.484326e-10 
42.0758971 4.51324e-10 
42.0763738 5.985908e-10 
44.7914686 5.365579e-10 
44.7919317 5.391901e-10 
47.5065641 3.555901e-10 
47.507036 5.804573e-10 
50.2221439 4.988728e-10 
50.2225972 6.183022e-10 
52.9372524 3.214661e-10 
52.9377178 6.767984e-10 
55.6528425 6.127938e-10 
55.6532853 8.826156e-10 
58.3679686 4.80354e-10 
58.3684256 9.721595e-10 
61.0835708 9.368929e-10 
61.0839988 1.251886e-09 
63.7987188 8.428409e-10 
63.7991601 1.296334e-09 
66.5143274 1.184569e-09 
66.5147315 1.375799e-09 
69.2294986 9.892735e-10 
69.2299125 1.255571e-09 
71.9451003 9.63317e-10 
71.9454709 1.144588e-09 
74.6602929 6.007522e-10 
74.6606687 9.121162e-10 
77.3758741 5.533603e-10 
77.3762085 9.041384e-10 
80.0910846 1.946035e-10 
80.0914208 6.93826e-10 
82.8066411 4.130249e-10 
82.8069464 8.088173e-10 
85.5218668 1.912131e-10 
85.5221722 6.164002e-10 
88.2374061 3.831994e-10 
88.2376938 8.384768e-10 
90.9526453 2.435117e-10 
90.9529327 5.779114e-10 
93.6681791 2.843725e-10 
93.668458 1.081119e-09 
96.3834294 1.303481e-10 
96.3837088 6.706458e-10 
99.0989646 2.362579e-10 
99.0992383 1.439219e-09 
101.8142219 2.87889e-11 
101.8144975 8.270599e-10 
104.5297576 2.569266e-10 
104.5300259 1.607157e-09 
107.2450157 5.344336e-11 
107.2452877 8.373897e-10 
109.9604095 1.084537e-10 
108.602893 5.127292e-10 
109.960679 7.792074e-10 
111.3181488 1.740188e-10 
111.3184128 1.036571e-09 
112.6759337 3.148289e-10 
114.0336671 4.863362e-10 
112.6761926 1.259474e-09 
115.3911858 2.281024e-10 
115.3914466 6.600125e-10 
116.7489171 2.867153e-10 
118.1066948 3.960418e-10 
116.7491725 8.226176e-10 
118.1069442 9.445608e-10 
119.4644194 5.25827e-10 
120.8219475 2.145534e-10 
122.1796691 3.046435e-10 
120.8221906 6.357893e-10 
122.1799074 7.545097e-10 
123.5374382 4.214392e-10 
123.5376703 8.105769e-10 
126.2527026 1.955853e-10 
124.8951532 5.622434e-10 
126.2529158 6.620472e-10 
127.6104141 3.496088e-10 
127.6106232 7.84146e-10 
128.968174 5.147875e-10 
130.3258791 6.921968e-10 
128.9683776 8.22807e-10 
131.6834593 5.788667e-10 
131.6836328 8.240002e-10 
133.0411601 7.540351e-10 
134.3989099 9.402904e-10 
133.0413307 9.645228e-10 
134.3990767 1.021397e-09 
135.7566045 1.102764e-09 
137.114215 1.119252e-09 
138.4719039 1.221238e-09 
137.1143484 1.237393e-09 
138.4720362 1.339778e-09 
139.829642 1.35167e-09 
139.8297726 1.382359e-09 
142.5449542 1.119729e-09 
141.187325 1.420631e-09 
142.5450573 1.495547e-09 
143.9026302 1.150506e-09 
143.9027335 1.497501e-09 
145.260355 1.227834e-09 
146.6180252 1.232758e-09 
145.2604584 1.474567e-09 
147.975659 6.987474e-10 
147.9757445 1.259525e-09 
149.3333222 7.463804e-10 
150.6910336 8.292162e-10 
149.3334081 1.199419e-09 
150.6911201 1.133115e-09 
152.0486915 8.470619e-10 
153.4063212 4.287104e-10 
154.7639735 5.186126e-10 
153.4063977 8.675887e-10 
154.7640491 8.151031e-10 
156.1216734 6.140012e-10 
156.1217485 7.48432e-10 
158.8369457 4.285565e-10 
157.4793207 6.534603e-10 
158.8370157 6.695109e-10 
160.1945897 5.310842e-10 
160.1946567 6.32879e-10 
161.5522806 6.159827e-10 
162.9099197 6.494218e-10 
161.5523451 5.737247e-10 
164.2675416 5.441816e-10 
164.2676057 6.505036e-10 
165.6251794 6.280985e-10 
166.9828632 6.808914e-10 
165.6252384 6.13428e-10 
166.9829179 5.587351e-10 
168.3404956 6.856841e-10 
169.698114 6.125372e-10 
171.0557463 6.478356e-10 
169.6981741 6.613694e-10 
171.0557998 6.096038e-10 
172.4134236 6.480803e-10 
172.413472 5.515042e-10 
175.1286622 5.566643e-10 
173.77105 6.114106e-10 
175.1287217 5.583734e-10 
176.486289 5.423898e-10 
176.4863415 4.919797e-10 
177.8439601 5.000612e-10 
179.2015811 4.417287e-10 
177.8440072 4.306234e-10 
180.559185 4.540012e-10 
180.5592467 3.795614e-10 
181.9168069 4.195303e-10 
183.2744725 3.640754e-10 
181.916862 3.215091e-10 
183.2745229 2.754893e-10 
184.6320896 3.145202e-10 
185.989685 3.748226e-10 
187.3473033 3.451302e-10 
185.9897509 2.64023e-10 
187.3473639 2.315565e-10 
188.704965 2.952564e-10 
188.7050221 2.081471e-10 
191.4201663 3.188641e-10 
190.0625804 2.683208e-10 
191.4202395 2.345528e-10 
192.7777822 3.055439e-10 
192.7778536 2.280673e-10 
194.1354408 2.680088e-10 
195.4930558 2.660631e-10 
194.1355117 2.216632e-10 
196.8506302 2.829493e-10 
196.8507124 2.475884e-10 
198.2082439 2.880441e-10 
199.5658983 2.607193e-10 
198.2083282 2.618473e-10 
199.5659833 2.643502e-10 
200.9235121 2.7638e-10 
202.2810774 2.883208e-10 
203.63869 2.99867e-10 
202.2811629 2.611275e-10 
203.6387787 2.8304e-10 
204.9963423 2.655119e-10 
204.9964248 2.7633e-10 
206.3539326 2.881365e-10 
108.6027578 1.249545e-10 
109.9605455 2.853667e-10 
108.6030246 1.152319e-09 
109.9608079 1.431966e-09 
111.3182826 4.924695e-10 
112.6757997 1.74905e-10 
114.0335353 2.340176e-10 
112.6760656 7.11228e-10 
114.0337957 9.160066e-10 
115.3913168 3.561875e-10 
115.3915716 1.085107e-09 
118.1065681 2.427162e-10 
116.749046 5.004066e-10 
118.1068215 6.365635e-10 
119.4642947 3.109694e-10 
119.4645429 7.705424e-10 
120.8220682 4.174812e-10 
122.179788 5.467908e-10 
120.8223102 8.542977e-10 
123.5373252 1.775053e-10 
123.5375549 6.443457e-10 
124.8950418 2.986149e-10 
126.2528064 4.369667e-10 
124.895267 7.603036e-10 
126.2530256 8.012164e-10 
127.6105165 5.968713e-10 
128.9680806 3.276716e-10 
130.3257868 5.037387e-10 
128.9682746 7.108056e-10 
130.3259774 8.443383e-10 
131.6835418 6.886563e-10 
131.6837276 8.909094e-10 
134.3988381 8.804173e-10 
133.0412418 8.702305e-10 
134.3989908 1.011967e-09 
135.756533 1.028192e-09 
135.7566838 1.144151e-09 
137.1142772 1.193547e-09 
138.4719662 1.314385e-09 
137.1144252 1.202142e-09 
139.8295879 1.204239e-09 
139.8297045 1.423337e-09 
141.1872704 1.261363e-09 
142.545002 1.35843e-09 
141.1873867 1.47777e-09 
142.5451176 1.489667e-09 
143.9026787 1.384924e-09 
145.2603118 9.20858e-10 
146.6179812 9.50599e-10 
145.2604046 1.430304e-09 
146.6180745 1.390903e-09 
147.9756992 1.025361e-09 
147.9757931 1.339597e-09 
150.6909954 5.248279e-10 
149.3333631 1.030836e-09 
150.6910757 1.051645e-09 
152.0486528 5.957142e-10 
152.0487331 9.906013e-10 
153.4063581 6.876746e-10 
154.7640104 7.19303e-10 
153.4064386 9.208895e-10 
156.1216375 4.037057e-10 
156.1217108 7.392828e-10 
157.4792853 5.039696e-10 
158.8369804 5.966741e-10 
157.4793567 6.965475e-10 
158.8370503 6.340981e-10 
160.1946234 6.363352e-10 
161.5522467 4.82144e-10 
162.9098875 5.793363e-10 
161.5523137 6.459222e-10 
162.9099503 6.110278e-10 
164.2675747 6.513214e-10 
164.2676341 5.54549e-10 
166.9828307 5.932819e-10 
165.6252103 6.732811e-10 
166.9828924 6.631907e-10 
168.3404658 6.555179e-10 
168.3405215 6.203685e-10 
169.6981462 6.831832e-10 
171.0557756 6.668347e-10 
169.6981972 5.653713e-10 
172.4133912 5.974375e-10 
172.4134506 6.272642e-10 
173.7710208 6.054589e-10 
175.1286949 5.812143e-10 
173.7710733 5.661936e-10 
175.128742 5.048241e-10 
176.4863186 5.295421e-10 
177.8439267 5.046912e-10 
179.2015509 4.76133e-10 
177.843987 4.686335e-10 
179.2016043 4.032295e-10 
180.5592191 4.237427e-10 
180.5592674 3.470428e-10 
183.2744375 4.10886e-10 
181.9168379 3.669948e-10 
183.2745011 3.091563e-10 
184.6320574 3.766241e-10 
184.6321149 2.631015e-10 
185.9897209 3.226462e-10 
187.3473368 2.837042e-10 
185.9897741 2.286055e-10 
188.7049278 3.4442e-10 
188.7049968 2.414027e-10 
190.0625448 3.222565e-10 
191.4202051 2.780377e-10 
190.06261 2.221739e-10 
191.4202679 2.08254e-10 
192.7778203 2.637224e-10 
194.1354004 2.980576e-10 
195.4930153 2.942795e-10 
194.1354786 2.383053e-10 
195.4930941 2.430168e-10 
196.8506718 2.631617e-10 
196.8507523 2.425264e-10 
199.5658557 2.777507e-10 
198.2082862 2.715715e-10 
199.5659401 2.571171e-10 
200.9234686 2.883103e-10 
200.9235554 2.778234e-10 
202.281121 2.610082e-10 
203.6387349 2.786544e-10 
202.2812051 2.783527e-10 
204.9962969 3.188332e-10 
204.9963847 2.559594e-10 
206.3538851 3.384897e-10 
206.3539782 2.789574e-10 
108.602893 5.126795e-10 
111.3181488 1.740084e-10 
111.3184128 1.036539e-09 
114.0336671 4.86206e-10 
116.7489171 2.866233e-10 
116.7491725 8.224395e-10 
119.4644194 5.254857e-10 
122.1796691 3.044363e-10 
122.1799074 7.544608e-10 
124.8951532 5.618583e-10 
127.6104141 3.493331e-10 
127.6106232 7.843662e-10 
130.3258791 6.920765e-10 
133.0411601 7.539792e-10 
133.0413307 9.645839e-10 
135.7566045 1.10281e-09 
138.4719039 1.221178e-09 
138.4720362 1.3399e-09 
141.1873249 1.420255e-09 
143.9026302 1.150251e-09 
143.9027335 1.49775e-09 
146.6180252 1.232817e-09 
149.3333222 7.461048e-10 
149.3334081 1.199599e-09 
152.0486915 8.471645e-10 
154.7639735 5.187103e-10 
154.7640492 8.153124e-10 
157.4793207 6.535477e-10 
160.1945897 5.311338e-10 
160.1946567 6.329055e-10 
162.9099197 6.495294e-10 
165.6251794 6.279518e-10 
165.6252384 6.134651e-10 
168.3404957 6.857004e-10 
171.0557463 6.475457e-10 
171.0557998 6.095729e-10 
173.77105 6.112659e-10 
176.486289 5.423968e-10 
176.4863415 4.920892e-10 
179.2015811 4.416149e-10 
181.9168069 4.196783e-10 
181.916862 3.215962e-10 
184.6320896 3.14695e-10 
187.3473033 3.453581e-10 
187.3473639 2.315263e-10 
190.0625804 2.684801e-10 
192.7777822 3.057158e-10 
192.7778536 2.280565e-10 
195.4930558 2.661401e-10 
198.2082439 2.881342e-10 
198.2083282 2.61879e-10 
200.9235121 2.765254e-10 
203.63869 2.999409e-10 
203.6387787 2.829618e-10 
206.3539326 2.880543e-10 
109.9604095 1.084944e-10 
108.6027578 1.249437e-10 
109.960679 7.791663e-10 
108.6030246 1.152325e-09 
111.3182826 4.924827e-10 
114.0335353 2.341325e-10 
112.6759337 3.148062e-10 
114.0337957 9.158131e-10 
112.6761926 1.259481e-09 
115.3911858 2.281578e-10 
115.3914466 6.596651e-10 
118.1066948 3.958291e-10 
116.749046 5.00112e-10 
118.1069442 9.446065e-10 
119.4642947 3.10903e-10 
119.4645429 7.70244e-10 
120.8219475 2.145522e-10 
122.179788 5.462313e-10 
120.8221906 6.354082e-10 
123.5374382 4.209223e-10 
123.5376703 8.106409e-10 
126.2527026 1.954727e-10 
124.8950418 2.983339e-10 
126.2529158 6.618444e-10 
124.895267 7.600749e-10 
127.6105165 5.963741e-10 
130.3257868 5.034384e-10 
128.968174 5.143267e-10 
130.3259773 8.442199e-10 
128.9683776 8.229204e-10 
131.6834593 5.788405e-10 
131.6836328 8.238429e-10 
134.3989099 9.400762e-10 
133.0412418 8.699112e-10 
134.3990767 1.021277e-09 
135.756533 1.028072e-09 
135.7566838 1.14406e-09 
137.114215 1.119507e-09 
138.4719662 1.313996e-09 
137.1143484 1.237336e-09 
139.829642 1.351261e-09 
139.8297726 1.382387e-09 
142.5449542 1.11967e-09 
141.1872704 1.261317e-09 
142.5450573 1.495449e-09 
141.1873867 1.477876e-09 
143.9026787 1.384813e-09 
146.6179812 9.505562e-10 
145.260355 1.227678e-09 
146.6180745 1.390937e-09 
145.2604584 1.474585e-09 
147.975659 6.984811e-10 
147.9757445 1.259774e-09 
150.6910336 8.292215e-10 
149.3333631 1.031325e-09 
150.6911201 1.13304e-09 
152.0486528 5.9579e-10 
152.0487331 9.906944e-10 
153.4063212 4.28813e-10 
154.7640104 7.194296e-10 
153.4063977 8.677217e-10 
156.1216733 6.141572e-10 
156.1217485 7.485838e-10 
158.8369456 4.286307e-10 
157.4792853 5.042289e-10 
158.8370157 6.696429e-10 
157.4793567 6.967074e-10 
160.1946234 6.364068e-10 
162.9098875 5.794526e-10 
161.5522806 6.160344e-10 
162.9099503 6.108846e-10 
161.5523451 5.736227e-10 
164.2675416 5.44194e-10 
164.2676057 6.506267e-10 
166.9828632 6.809489e-10 
165.6252103 6.73405e-10 
166.9829179 5.586805e-10 
168.3404658 6.556165e-10 
168.3405215 6.202692e-10 
169.698114 6.125027e-10 
171.0557757 6.667834e-10 
169.6981741 6.613775e-10 
172.4134236 6.47891e-10 
172.413472 5.514988e-10 
175.1286622 5.567668e-10 
173.7710208 6.054694e-10 
175.1287217 5.5844e-10 
173.7710733 5.661608e-10 
176.4863186 5.294644e-10 
179.2015509 4.762773e-10 
177.8439601 4.999072e-10 
179.2016043 4.032168e-10 
177.8440072 4.305369e-10 
180.559185 4.542662e-10 
180.5592467 3.796316e-10 
183.2744725 3.641842e-10 
181.9168379 3.669937e-10 
183.2745229 2.754391e-10 
184.6320574 3.769369e-10 
184.6321149 2.630997e-10 
185.989685 3.750483e-10 
187.3473368 2.837972e-10 
185.9897509 2.641203e-10 
188.704965 2.954891e-10 
188.7050221 2.080723e-10 
191.4201663 3.190242e-10 
190.0625448 3.22574e-10 
191.4202395 2.34604e-10 
190.06261 2.22119e-10 
192.7778203 2.638387e-10 
195.4930153 2.944298e-10 
194.1354408 2.682401e-10 
195.4930941 2.429409e-10 
194.1355117 2.215847e-10 
196.8506302 2.82972e-10 
196.8507124 2.476274e-10 
199.5658983 2.609186e-10 
198.2082862 2.717323e-10 
199.5659833 2.642643e-10 
200.9234686 2.883268e-10 
200.9235554 2.777861e-10 
202.2810774 2.882798e-10 
203.6387349 2.787339e-10 
202.2811629 2.611784e-10 
204.9963423 2.655706e-10 
204.9964248 2.762316e-10 
206.3538851 3.386024e-10 
206.3539782 2.789171e-10 
109.9605456 2.854185e-10 
109.9608079 1.431942e-09 
112.6757997 1.750739e-10 
112.6760656 7.111089e-10 
115.3913168 3.561628e-10 
115.3915716 1.085087e-09 
118.1065681 2.428089e-10 
118.1068215 6.361682e-10 
120.8220682 4.172055e-10 
120.8223102 8.54208e-10 
123.5373252 1.775231e-10 
123.5375549 6.439031e-10 
126.2528064 4.365049e-10 
126.2530256 8.009864e-10 
128.9680806 3.275835e-10 
128.9682746 7.103971e-10 
131.6835418 6.882301e-10 
131.6837276 8.906911e-10 
134.3988381 8.806359e-10 
134.3989908 1.011621e-09 
137.1142772 1.193033e-09 
137.1144252 1.20192e-09 
139.8295879 1.204539e-09 
139.8297045 1.423173e-09 
142.545002 1.358321e-09 
142.5451176 1.489453e-09 
145.2603118 9.208389e-10 
145.2604046 1.430204e-09 
147.9756992 1.025669e-09 
147.9757931 1.339214e-09 
150.6909954 5.248694e-10 
150.6910757 1.051897e-09 
153.4063581 6.878169e-10 
153.4064386 9.207347e-10 
156.1216375 4.039521e-10 
156.1217108 7.393995e-10 
158.8369804 5.967806e-10 
158.8370503 6.341347e-10 
161.5522467 4.82326e-10 
161.5523137 6.458805e-10 
164.2675746 6.515245e-10 
164.2676341 5.543907e-10 
166.9828307 5.934885e-10 
166.9828924 6.631519e-10 
169.6981462 6.832681e-10 
169.6981972 5.652847e-10 
172.4133912 5.976553e-10 
172.4134506 6.273419e-10 
175.1286949 5.811127e-10 
175.128742 5.045518e-10 
177.8439267 5.048923e-10 
177.843987 4.686354e-10 
180.5592191 4.23838e-10 
180.5592674 3.469122e-10 
183.2744375 4.111369e-10 
183.2745011 3.091057e-10 
185.9897209 3.227423e-10 
185.9897741 2.28577e-10 
188.7049278 3.446677e-10 
188.7049968 2.414603e-10 
191.4202051 2.782456e-10 
191.4202679 2.081185e-10 
194.1354004 2.980692e-10 
194.1354786 2.383459e-10 
196.8506718 2.633546e-10 
196.8507523 2.424577e-10 
199.5658557 2.776994e-10 
199.5659401 2.571207e-10 
202.281121 2.610734e-10 
202.2812051 2.782945e-10 
204.9962969 3.188803e-10 
204.9963847 2.560006e-10 
109.9604095 1.085752e-10 
108.602893 5.12757e-10 
109.960679 7.792169e-10 
111.3181488 1.741382e-10 
111.3184128 1.036448e-09 
112.6759337 3.148938e-10 
114.0336671 4.861438e-10 
112.6761926 1.259425e-09 
115.3911858 2.283784e-10 
115.3914466 6.595919e-10 
116.7489171 2.868454e-10 
118.1066948 3.958669e-10 
116.7491725 8.221652e-10 
118.1069442 9.444665e-10 
119.4644194 5.251321e-10 
120.8219475 2.146734e-10 
122.1796691 3.043784e-10 
120.8221906 6.35083e-10 
122.1799074 7.540319e-10 
123.5374382 4.208308e-10 
123.5376703 8.102875e-10 
126.2527026 1.954945e-10 
124.8951532 5.613303e-10 
126.2529158 6.613609e-10 
127.6104141 3.490901e-10 
127.6106232 7.838774e-10 
128.968174 5.140732e-10 
130.3258791 6.915548e-10 
128.9683776 8.224285e-10 
131.6834594 5.789226e-10 
131.6836328 8.233742e-10 
133.0411601 7.537414e-10 
134.3989099 9.395745e-10 
133.0413307 9.643429e-10 
134.3990767 1.021024e-09 
135.7566045 1.102227e-09 
137.1142151 1.119649e-09 
138.4719039 1.221044e-09 
137.1143484 1.236967e-09 
138.4720362 1.339746e-09 
139.829642 1.351068e-09 
139.8297726 1.382026e-09 
142.5449542 1.119904e-09 
141.1873249 1.420152e-09 
142.5450573 1.495353e-09 
143.9026302 1.150334e-09 
143.9027335 1.497667e-09 
145.260355 1.228026e-09 
146.6180252 1.233129e-09 
145.2604584 1.474048e-09 
147.975659 6.987632e-10 
147.9757445 1.259692e-09 
149.3333222 7.464353e-10 
150.6910336 8.296137e-10 
149.3334081 1.199527e-09 
150.6911201 1.132629e-09 
152.0486915 8.476042e-10 
153.4063212 4.28946e-10 
154.7639735 5.189151e-10 
153.4063977 8.679061e-10 
154.7640492 8.153416e-10 
156.1216733 6.142648e-10 
156.1217485 7.484172e-10 
158.8369456 4.288955e-10 
157.4793207 6.536018e-10 
158.8370157 6.695184e-10 
160.1945897 5.314333e-10 
160.1946567 6.328483e-10 
161.5522806 6.161969e-10 
162.9099197 6.495651e-10 
161.5523451 5.736241e-10 
164.2675416 5.445877e-10 
164.2676057 6.504134e-10 
165.6251794 6.283177e-10 
166.9828632 6.811503e-10 
165.6252384 6.13182e-10 
166.9829179 5.585301e-10 
168.3404957 6.857448e-10 
169.698114 6.1282e-10 
171.0557463 6.47846e-10 
169.6981741 6.614285e-10 
171.0557998 6.09526e-10 
172.4134236 6.480886e-10 
172.413472 5.512089e-10 
175.1286622 5.569839e-10 
173.7710501 6.112977e-10 
175.1287217 5.583932e-10 
176.486289 5.425296e-10 
176.4863415 4.919101e-10 
177.8439601 5.000856e-10 
179.2015811 4.416302e-10 
177.8440072 4.30232e-10 
180.5591849 4.544302e-10 
180.5592467 3.795144e-10 
181.9168069 4.199613e-10 
183.2744725 3.641977e-10 
181.916862 3.21499e-10 
183.2745229 2.754179e-10 
184.6320896 3.146159e-10 
185.9896849 3.75207e-10 
187.3473033 3.456401e-10 
185.9897509 2.640645e-10 
187.3473639 2.315192e-10 
188.704965 2.954977e-10 
188.7050222 2.080154e-10 
191.4201663 3.190969e-10 
190.0625804 2.685278e-10 
191.4202395 2.346035e-10 
192.7777822 3.05848e-10 
192.7778536 2.279562e-10 
194.1354408 2.68346e-10 
195.4930558 2.662269e-10 
194.1355117 2.214919e-10 
196.8506302 2.830072e-10 
196.8507124 2.475623e-10 
198.2082439 2.882231e-10 
199.5658983 2.610143e-10 
198.2083282 2.618098e-10 
199.5659833 2.642009e-10 
200.9235121 2.765663e-10 
202.2810774 2.882155e-10 
203.63869 2.999663e-10 
202.2811629 2.611899e-10 
203.6387787 2.829577e-10 
204.9963423 2.65564e-10 
204.9964248 2.762723e-10 
206.3539326 2.880691e-10 
108.6027578 1.249697e-10 
108.6030246 1.152435e-09 
111.3182826 4.925723e-10 
114.0335353 2.343704e-10 
114.0337957 9.157298e-10 
116.749046 5.00073e-10 
119.4642947 3.111364e-10 
119.4645429 7.699203e-10 
122.179788 5.461008e-10 
124.8950418 2.983746e-10 
124.895267 7.595443e-10 
127.6105165 5.959825e-10 
130.3257868 5.033287e-10 
130.3259773 8.436879e-10 
133.0412418 8.693887e-10 
135.756533 1.027904e-09 
135.7566838 1.143864e-09 
138.4719662 1.313762e-09 
141.1872704 1.261269e-09 
141.1873867 1.477584e-09 
143.9026787 1.385108e-09 
146.6179812 9.510471e-10 
146.6180745 1.390754e-09 
149.3333631 1.031578e-09 
152.0486528 5.961217e-10 
152.0487331 9.905604e-10 
154.7640104 7.197007e-10 
157.4792853 5.04386e-10 
157.4793567 6.965447e-10 
160.1946234 6.36324e-10 
162.9098875 5.799061e-10 
162.9099503 6.107181e-10 
165.6252103 6.733513e-10 
168.3404658 6.560251e-10 
168.3405215 6.201034e-10 
171.0557757 6.669507e-10 
173.7710208 6.057911e-10 
173.7710733 5.660054e-10 
176.4863186 5.295626e-10 
179.2015509 4.764983e-10 
179.2016043 4.029685e-10 
181.9168379 3.669069e-10 
184.6320574 3.770551e-10 
184.6321149 2.630741e-10 
187.3473368 2.836926e-10 
190.0625448 3.226225e-10 
190.06261 2.220849e-10 
192.7778203 2.637908e-10 
195.4930153 2.94555e-10 
195.4930941 2.428221e-10 
198.2082862 2.717405e-10 
200.9234686 2.883233e-10 
200.9235554 2.777201e-10 
203.6387349 2.787632e-10 
206.3538851 3.385874e-10 
206.3539782 2.789757e-10 
109.9605456 2.855187e-10 
108.602893 5.129176e-10 
109.9608079 1.431971e-09 
111.3181488 1.742343e-10 
111.3184128 1.036571e-09 
112.6757996 1.75165e-10 
114.0336671 4.86245e-10 
112.6760657 7.112327e-10 
115.3913168 3.562825e-10 
115.3915716 1.084998e-09 
118.1065681 2.429877e-10 
116.7489171 2.87033e-10 
118.1068215 6.362272e-10 
116.7491725 8.221325e-10 
119.4644194 5.253571e-10 
122.1796691 3.046262e-10 
120.8220682 4.174531e-10 
122.1799074 7.537551e-10 
120.8223102 8.538999e-10 
123.5373252 1.776413e-10 
123.5375549 6.436884e-10 
126.2528064 4.36699e-10 
124.8951532 5.614428e-10 
126.2530256 8.004983e-10 
127.6104141 3.492866e-10 
127.6106232 7.834503e-10 
128.9680806 3.276789e-10 
130.3258791 6.91313e-10 
128.9682746 7.099867e-10 
131.6835418 6.880513e-10 
131.6837276 8.902607e-10 
134.3988381 8.805896e-10 
133.0411601 7.53687e-10 
134.3989908 1.011277e-09 
133.0413307 9.639771e-10 
135.7566045 1.102113e-09 
138.4719039 1.221009e-09 
137.1142772 1.192883e-09 
138.4720362 1.339608e-09 
137.1144252 1.201761e-09 
139.8295879 1.204501e-09 
139.8297045 1.422985e-09 
142.545002 1.358566e-09 
141.187325 1.420289e-09 
142.5451176 1.488893e-09 
143.9026302 1.150754e-09 
143.9027335 1.497305e-09 
145.2603118 9.213851e-10 
146.6180252 1.233363e-09 
145.2604046 1.430153e-09 
147.9756992 1.026072e-09 
147.9757931 1.338757e-09 
150.6909954 5.251149e-10 
149.3333222 7.46829e-10 
150.6910757 1.051763e-09 
149.3334081 1.199301e-09 
152.0486915 8.476819e-10 
154.7639735 5.190066e-10 
153.4063581 6.880717e-10 
154.7640491 8.151016e-10 
153.4064386 9.204302e-10 
156.1216375 4.039897e-10 
156.1217107 7.393479e-10 
158.8369804 5.968141e-10 
157.4793207 6.536204e-10 
158.8370503 6.340503e-10 
160.1945897 5.316413e-10 
160.1946567 6.326783e-10 
161.5522467 4.827303e-10 
162.9099197 6.493524e-10 
161.5523137 6.455799e-10 
164.2675746 6.516106e-10 
164.2676341 5.544285e-10 
166.9828307 5.938474e-10 
165.6251794 6.28635e-10 
166.9828924 6.631226e-10 
165.6252384 6.131807e-10 
168.3404957 6.858563e-10 
171.0557463 6.481335e-10 
169.6981462 6.835415e-10 
171.0557998 6.093336e-10 
169.6981972 5.650144e-10 
172.4133912 5.977768e-10 
172.4134506 6.27315e-10 
175.1286949 5.815097e-10 
173.7710501 6.115214e-10 
175.128742 5.04299e-10 
176.486289 5.428491e-10 
176.4863415 4.917216e-10 
177.8439267 5.05093e-10 
179.2015811 4.415697e-10 
177.843987 4.684576e-10 
180.5592191 4.238488e-10 
180.5592674 3.468202e-10 
183.2744375 4.111845e-10 
181.9168069 4.199393e-10 
183.2745011 3.089973e-10 
181.916862 3.214085e-10 
184.6320896 3.14528e-10 
187.3473032 3.455248e-10 
185.9897209 3.226593e-10 
187.3473639 2.31479e-10 
185.9897741 2.285497e-10 
188.7049278 3.446478e-10 
188.7049968 2.413634e-10 
191.4202051 2.782097e-10 
190.0625804 2.683955e-10 
191.4202679 2.080953e-10 
192.7777822 3.058157e-10 
192.7778536 2.279157e-10 
194.1354004 2.98092e-10 
195.4930558 2.661449e-10 
194.1354786 2.382753e-10 
196.8506718 2.633527e-10 
196.8507523 2.42393e-10 
199.5658557 2.776391e-10 
198.2082439 2.881797e-10 
199.5659401 2.570864e-10 
198.2083282 2.617488e-10 
200.9235121 2.764723e-10 
203.63869 2.998884e-10 
202.281121 2.609815e-10 
203.6387787 2.830117e-10 
202.2812051 2.783787e-10 
204.9962969 3.187962e-10 
204.9963847 2.560748e-10 
206.3539326 2.88174e-10 
109.9604095 1.085329e-10 
109.960679 7.79398e-10 
112.6759337 3.149597e-10 
112.6761926 1.259462e-09 
115.3911858 2.283609e-10 
115.3914466 6.598201e-10 
118.1066948 3.960862e-10 
118.1069442 9.44351e-10 
120.8219475 2.147745e-10 
120.8221906 6.352911e-10 
123.5374382 4.212889e-10 
123.5376703 8.099737e-10 
126.2527026 1.956387e-10 
126.2529158 6.613031e-10 
128.968174 5.143751e-10 
128.9683776 8.221151e-10 
131.6834594 5.788861e-10 
131.6836328 8.23166e-10 
134.3989099 9.396294e-10 
134.3990767 1.020864e-09 
137.1142151 1.119414e-09 
137.1143484 1.236946e-09 
139.829642 1.351313e-09 
139.8297726 1.381898e-09 
142.5449543 1.120219e-09 
142.5450573 1.495236e-09 
145.260355 1.228364e-09 
145.2604584 1.473655e-09 
147.975659 6.991456e-10 
147.9757445 1.259588e-09 
150.6910336 8.298005e-10 
150.6911201 1.132382e-09 
153.4063212 4.289727e-10 
153.4063977 8.676746e-10 
156.1216733 6.142498e-10 
156.1217485 7.483249e-10 
158.8369456 4.289694e-10 
158.8370157 6.693223e-10 
161.5522806 6.161005e-10 
161.5523451 5.736377e-10 
164.2675416 5.448417e-10 
164.2676057 6.503303e-10 
166.9828632 6.812386e-10 
166.9829179 5.585098e-10 
169.698114 6.128617e-10 
169.6981741 6.614231e-10 
172.4134236 6.484511e-10 
172.413472 5.510434e-10 
175.1286621 5.570932e-10 
175.1287217 5.582453e-10 
177.8439601 5.002738e-10 
177.8440072 4.301993e-10 
180.5591849 4.544087e-10 
180.5592467 3.794314e-10 
183.2744725 3.64081e-10 
183.2745229 2.753754e-10 
185.9896849 3.750159e-10 
185.9897509 2.639649e-10 
188.704965 2.953726e-10 
188.7050221 2.080564e-10 
191.4201663 3.190005e-10 
191.4202395 2.345169e-10 
194.1354408 2.681443e-10 
194.1355117 2.215421e-10 
196.8506302 2.830381e-10 
196.8507124 2.474986e-10 
199.5658983 2.608575e-10 
199.5659833 2.642267e-10 
202.2810774 2.882126e-10 
202.2811629 2.611374e-10 
204.9963423 2.65502e-10 
204.9964248 2.763888e-10 
108.6027578 1.249658e-10 
109.9605456 2.854842e-10 
108.6030246 1.152437e-09 
109.9608079 1.43186e-09 
111.3182826 4.926697e-10 
112.6757997 1.750027e-10 
114.0335353 2.343625e-10 
112.6760656 7.114259e-10 
114.0337957 9.15912e-10 
115.3913168 3.563442e-10 
115.3915716 1.085089e-09 
118.1065681 2.428971e-10 
116.749046 5.003338e-10 
118.1068215 6.365609e-10 
119.4642947 3.112557e-10 
119.4645429 7.700317e-10 
120.8220682 4.177629e-10 
122.179788 5.465524e-10 
120.8223102 8.538601e-10 
123.5373252 1.776837e-10 
123.5375549 6.440434e-10 
124.8950418 2.986519e-10 
126.2528064 4.371889e-10 
124.895267 7.594714e-10 
126.2530256 8.004104e-10 
127.6105165 5.962375e-10 
128.9680806 3.277813e-10 
130.3257868 5.035846e-10 
128.9682746 7.100981e-10 
130.3259773 8.435205e-10 
131.6835418 6.884372e-10 
131.6837276 8.903152e-10 
134.3988381 8.803463e-10 
133.0412418 8.69505e-10 
134.3989908 1.011436e-09 
135.756533 1.027832e-09 
135.7566838 1.14373e-09 
137.1142772 1.193125e-09 
138.4719662 1.31396e-09 
137.1144252 1.201766e-09 
139.829588 1.20463e-09 
139.8297046 1.423088e-09 
141.1872704 1.261727e-09 
142.545002 1.358942e-09 
141.1873867 1.477516e-09 
142.5451176 1.489013e-09 
143.9026787 1.385185e-09 
145.2603118 9.215218e-10 
146.6179812 9.513333e-10 
145.2604046 1.429974e-09 
146.6180745 1.390377e-09 
147.9756992 1.026162e-09 
147.9757931 1.338637e-09 
150.6909954 5.251767e-10 
149.3333631 1.031637e-09 
150.6910757 1.051652e-09 
152.0486528 5.961221e-10 
152.0487331 9.903494e-10 
153.4063581 6.879006e-10 
154.7640104 7.194967e-10 
153.4064386 9.204683e-10 
156.1216376 4.039562e-10 
156.1217107 7.390887e-10 
157.4792854 5.043878e-10 
158.8369804 5.966273e-10 
157.4793567 6.964103e-10 
158.8370503 6.340654e-10 
160.1946234 6.36202e-10 
161.5522467 4.826136e-10 
162.9098875 5.79903e-10 
161.5523137 6.456196e-10 
162.9099503 6.107515e-10 
164.2675746 6.515202e-10 
164.2676341 5.544534e-10 
166.9828307 5.937646e-10 
165.6252103 6.733028e-10 
166.9828924 6.630655e-10 
168.3404657 6.561058e-10 
168.3405215 6.20128e-10 
169.6981462 6.836458e-10 
171.0557757 6.671267e-10 
169.6981972 5.65112e-10 
172.4133912 5.978158e-10 
172.4134506 6.27254e-10 
173.7710208 6.060193e-10 
175.1286949 5.816352e-10 
173.7710733 5.658873e-10 
175.1287421 5.043365e-10 
176.4863186 5.295922e-10 
177.8439266 5.049029e-10 
179.2015509 4.764907e-10 
177.843987 4.68484e-10 
179.2016043 4.029438e-10 
180.5592191 4.238372e-10 
180.5592674 3.469046e-10 
183.2744375 4.108924e-10 
181.9168379 3.668778e-10 
183.2745011 3.089067e-10 
184.6320574 3.767611e-10 
184.6321149 2.63015e-10 
185.9897209 3.224938e-10 
187.3473368 2.836132e-10 
185.9897741 2.285907e-10 
188.7049278 3.445008e-10 
188.7049968 2.412789e-10 
190.0625448 3.223968e-10 
191.4202051 2.77965e-10 
190.06261 2.221113e-10 
191.4202678 2.081987e-10 
192.7778203 2.636011e-10 
194.1354004 2.980558e-10 
195.4930153 2.944644e-10 
194.1354786 2.382266e-10 
195.4930941 2.42861e-10 
196.8506718 2.631633e-10 
196.8507523 2.424228e-10 
199.5658557 2.776493e-10 
198.2082862 2.715728e-10 
199.5659401 2.570372e-10 
200.9234686 2.882968e-10 
200.9235554 2.776928e-10 
202.281121 2.608648e-10 
203.6387349 2.786951e-10 
202.2812051 2.784954e-10 
204.9962969 3.187135e-10 
204.9963847 2.560766e-10 
206.3538851 3.384842e-10 
206.3539782 2.79042e-10 
108.602893 5.129195e-10 
111.3181488 1.741303e-10 
111.3184128 1.036589e-09 
114.0336671 4.863673e-10 
116.7489171 2.869259e-10 
116.7491725 8.224461e-10 
119.4644194 5.257337e-10 
122.1796691 3.047234e-10 
122.1799074 7.540846e-10 
124.8951532 5.619803e-10 
127.6104141 3.495709e-10 
127.6106232 7.836088e-10 
130.3258791 6.917352e-10 
133.0411601 7.538442e-10 
133.0413307 9.641198e-10 
135.7566046 1.102445e-09 
138.4719039 1.221196e-09 
138.4720362 1.339626e-09 
141.187325 1.420435e-09 
143.9026302 1.151057e-09 
143.9027335 1.497274e-09 
146.6180252 1.233248e-09 
149.3333222 7.466357e-10 
149.3334081 1.199064e-09 
152.0486915 8.474267e-10 
154.7639735 5.18879e-10 
154.7640491 8.150682e-10 
157.4793207 6.533633e-10 
160.1945897 5.313889e-10 
160.1946567 6.327486e-10 
162.9099197 6.494031e-10 
165.6251794 6.284208e-10 
165.6252384 6.132803e-10 
168.3404957 6.858033e-10 
171.0557463 6.481937e-10 
171.0557999 6.094192e-10 
173.77105 6.115511e-10 
176.486289 5.42702e-10 
176.4863415 4.917905e-10 
179.2015811 4.416444e-10 
181.9168069 4.196522e-10 
181.916862 3.214201e-10 
184.6320896 3.144791e-10 
187.3473032 3.452417e-10 
187.3473639 2.31492e-10 
190.0625804 2.682711e-10 
192.7777822 3.056322e-10 
192.7778536 2.280031e-10 
195.4930558 2.660405e-10 
198.2082439 2.880522e-10 
198.2083282 2.617649e-10 
200.9235121 2.763527e-10 
203.63869 2.998444e-10 
203.6387787 2.830555e-10 
206.3539326 2.882188e-10 
109.9604095 1.084662e-10 
108.6027578 1.249474e-10 
109.960679 7.793843e-10 
108.6030246 1.152328e-09 
111.3182826 4.926093e-10 
114.0335353 2.341641e-10 
112.6759337 3.148978e-10 
114.0337957 9.160295e-10 
112.6761926 1.259441e-09 
115.3911858 2.281631e-10 
115.3914466 6.600534e-10 
118.1066948 3.961591e-10 
116.749046 5.004945e-10 
118.1069442 9.445003e-10 
119.4642947 3.111356e-10 
119.4645429 7.704775e-10 
120.8219475 2.146618e-10 
122.179788 5.469177e-10 
120.8221906 6.357016e-10 
123.5374382 4.215861e-10 
123.5376703 8.101456e-10 
126.2527026 1.956708e-10 
124.8950418 2.987723e-10 
126.2529158 6.617355e-10 
124.895267 7.599216e-10 
127.6105165 5.968156e-10 
130.3257868 5.037521e-10 
128.968174 5.148076e-10 
130.3259774 8.43913e-10 
128.9683776 8.223556e-10 
131.6834593 5.788561e-10 
131.6836328 8.235261e-10 
134.3989099 9.400264e-10 
133.0412418 8.699165e-10 
134.3990767 1.021129e-09 
135.756533 1.028083e-09 
135.7566838 1.143996e-09 
137.1142151 1.119361e-09 
138.4719662 1.314305e-09 
137.1143485 1.23726e-09 
139.829642 1.351588e-09 
139.8297726 1.382081e-09 
142.5449543 1.120196e-09 
141.1872704 1.261668e-09 
142.5450573 1.495261e-09 
141.1873867 1.477542e-09 
143.9026787 1.385119e-09 
146.6179812 9.511062e-10 
145.260355 1.228456e-09 
146.6180745 1.390568e-09 
145.2604584 1.474066e-09 
147.975659 6.989692e-10 
147.9757445 1.25946e-09 
150.6910336 8.295024e-10 
149.3333631 1.031157e-09 
150.6911201 1.132556e-09 
152.0486528 5.958548e-10 
152.0487331 9.903163e-10 
153.4063212 4.289218e-10 
154.7640104 7.192741e-10 
153.4063977 8.675803e-10 
156.1216734 6.139738e-10 
156.1217485 7.484328e-10 
158.8369457 4.287761e-10 
157.4792854 5.040976e-10 
158.8370157 6.693188e-10 
157.4793567 6.965338e-10 
160.1946234 6.361921e-10 
162.9098875 5.795069e-10 
161.5522806 6.159933e-10 
162.9099503 6.108624e-10 
161.5523451 5.736483e-10 
164.2675416 5.444364e-10 
164.2676057 6.504051e-10 
166.9828632 6.811493e-10 
165.6252103 6.73335e-10 
166.9829179 5.58657e-10 
168.3404657 6.55931e-10 
168.3405215 6.202829e-10 
169.698114 6.128217e-10 
171.0557756 6.669119e-10 
169.6981741 6.613058e-10 
172.4134236 6.483141e-10 
172.413472 5.512718e-10 
175.1286621 5.569113e-10 
173.7710208 6.057702e-10 
175.1287217 5.583751e-10 
173.7710733 5.660997e-10 
176.4863186 5.2969e-10 
179.2015509 4.761721e-10 
177.8439601 5.002502e-10 
179.2016043 4.030328e-10 
177.8440072 4.303622e-10 
180.5591849 4.539786e-10 
180.5592467 3.794272e-10 
183.2744725 3.640482e-10 
181.9168379 3.669319e-10 
183.2745229 2.754845e-10 
184.6320574 3.765739e-10 
184.6321149 2.630524e-10 
185.989685 3.748489e-10 
187.3473368 2.835519e-10 
185.9897509 2.639095e-10 
188.704965 2.951591e-10 
188.7050221 2.081329e-10 
191.4201663 3.188721e-10 
190.0625448 3.221513e-10 
191.4202395 2.345338e-10 
190.06261 2.221891e-10 
192.7778203 2.636073e-10 
195.4930153 2.942757e-10 
194.1354408 2.679553e-10 
195.4930941 2.429617e-10 
194.1355117 2.216315e-10 
196.8506302 2.829586e-10 
196.8507124 2.475075e-10 
199.5658983 2.606841e-10 
198.2082862 2.714726e-10 
199.5659833 2.643316e-10 
200.9234686 2.882872e-10 
200.9235554 2.777686e-10 
202.2810774 2.88279e-10 
203.6387349 2.786201e-10 
202.2811629 2.610959e-10 
204.9963423 2.654707e-10 
204.9964248 2.764263e-10 
206.3538851 3.383985e-10 
206.3539782 2.790354e-10 
109.9605455 2.854201e-10 
109.9608079 1.431889e-09 
112.6757997 1.749154e-10 
112.6760656 7.114256e-10 
115.3913168 3.562834e-10 
115.3915716 1.085091e-09 
118.1065681 2.427301e-10 
118.1068215 6.367931e-10 
120.8220682 4.177887e-10 
120.8223102 8.541406e-10 
123.5373252 1.776142e-10 
123.5375549 6.444104e-10 
126.2528064 4.37375e-10 
126.2530256 8.008205e-10 
128.9680806 3.277433e-10 
128.9682746 7.106345e-10 
131.6835418 6.887339e-10 
131.6837276 8.90699e-10 
134.3988381 8.803993e-10 
134.3989908 1.011825e-09 
137.1142772 1.193525e-09 
137.1144252 1.202066e-09 
139.8295879 1.204355e-09 
139.8297046 1.423314e-09 
142.545002 1.358856e-09 
142.5451176 1.489366e-09 
145.2603118 9.212407e-10 
145.2604046 1.430058e-09 
147.9756992 1.02579e-09 
147.9757931 1.339297e-09 
150.6909954 5.249708e-10 
150.6910757 1.05155e-09 
153.4063581 6.876094e-10 
153.4064386 9.206483e-10 
156.1216376 4.037881e-10 
156.1217107 7.391793e-10 
158.8369804 5.965717e-10 
158.8370503 6.340946e-10 
161.5522467 4.822322e-10 
161.5523137 6.457134e-10 
164.2675746 6.514047e-10 
164.2676341 5.545562e-10 
166.9828307 5.934746e-10 
166.9828924 6.630774e-10 
169.6981462 6.833721e-10 
169.6981972 5.653222e-10 
172.4133912 5.976743e-10 
172.4134506 6.272508e-10 
175.1286949 5.814638e-10 
175.1287421 5.046287e-10 
177.8439267 5.045383e-10 
177.843987 4.686033e-10 
180.5592191 4.238244e-10 
180.5592674 3.47044e-10 
183.2744375 4.106991e-10 
183.2745011 3.089504e-10 
185.9897209 3.224393e-10 
185.9897741 2.286665e-10 
188.7049278 3.443855e-10 
188.7049968 2.413231e-10 
191.4202051 2.778337e-10 
191.4202678 2.082694e-10 
194.1354004 2.980036e-10 
194.1354786 2.382473e-10 
196.8506718 2.630781e-10 
196.8507523 2.425098e-10 
199.5658557 2.777037e-10 
199.5659401 2.570592e-10 
202.281121 2.608661e-10 
202.2812051 2.784931e-10 
204.9962969 3.187222e-10 
204.9963847 2.560128e-10 
