# c_kinat vs. Position.Y (3040 data points):
# Position.Y c_kinat
1.3479527 2.962913e-11 
-0.0098201 4.910357e-11 
-0.0093927 4.554517e-12 
1.3483658 6.037965e-12 
2.7056731 1.47878e-11 
2.7060874 2.055775e-11 
4.0630065 9.143072e-11 
5.4207521 7.142018e-11 
4.0634541 3.569344e-12 
5.4211805 2.567778e-12 
6.7785441 4.83989e-11 
6.7789587 1.113956e-11 
9.4936967 1.408445e-10 
8.136281 3.399873e-11 
9.4940655 2.560218e-11 
8.1366851 2.694789e-11 
10.8514225 1.157688e-10 
10.8517974 2.477851e-11 
12.2092 9.400951e-11 
13.5669292 7.995881e-11 
12.2095763 2.639279e-11 
13.567305 2.976707e-11 
14.9243363 1.75646e-10 
14.924707 6.742119e-11 
16.2820638 1.576438e-10 
17.6398406 1.375751e-10 
16.282436 5.826651e-11 
17.6402122 4.910407e-11 
18.9975697 1.21208e-10 
18.9979403 4.215493e-11 
20.354965 1.985872e-10 
21.7126962 1.824395e-10 
20.3553466 1.014992e-10 
21.7130756 8.386805e-11 
23.0704755 1.568311e-10 
24.4282065 1.322781e-10 
23.0708511 6.762833e-11 
24.4285791 5.598538e-11 
25.7855934 2.033047e-10 
25.7859843 1.052664e-10 
27.1433278 1.727959e-10 
28.5011091 1.352443e-10 
27.1437138 8.36543e-11 
28.5014891 7.059043e-11 
29.8588412 1.050749e-10 
29.8592169 6.609299e-11 
31.2162228 1.696398e-10 
32.5739586 1.26809e-10 
31.2166196 8.1293e-11 
32.5743493 6.790556e-11 
33.9317408 8.99976e-11 
33.9321249 6.400411e-11 
36.646852 1.201351e-10 
35.2894735 6.774638e-11 
36.6472526 5.194969e-11 
35.289853 6.339555e-11 
38.0045884 8.502499e-11 
38.0049833 4.193138e-11 
39.3623717 5.752193e-11 
40.7201058 4.126307e-11 
39.3627608 3.25411e-11 
40.7204913 2.484148e-11 
42.0774832 1.045452e-10 
42.0778876 2.554901e-11 
43.4352213 8.440933e-11 
44.7930075 6.891601e-11 
43.4356215 1.763413e-11 
44.793403 9.272403e-12 
46.1507453 6.754693e-11 
46.1511372 8.310727e-12 
47.5081237 1.750905e-10 
48.8658654 1.837084e-10 
47.5085316 6.479009e-11 
48.8662697 6.821535e-11 
50.2236561 1.921699e-10 
50.2240551 5.532131e-11 
52.9387807 3.826487e-10 
51.581398 2.012199e-10 
52.939188 1.859632e-10 
51.5817919 4.055655e-11 
54.2965258 3.90561e-10 
54.2969285 1.546131e-10 
55.6543195 3.737233e-10 
57.012063 3.241581e-10 
55.6547148 9.792099e-11 
57.0124508 4.797651e-11 
58.3694545 5.990322e-10 
58.3698532 2.476993e-10 
59.7272 5.233693e-10 
61.0849927 4.312583e-10 
59.7275924 1.614151e-10 
61.0853761 8.235184e-11 
62.442734 3.170017e-10 
62.443109 3.11788e-11 
63.8001381 6.31385e-10 
65.1578804 4.914188e-10 
63.8005209 2.165045e-10 
65.1582567 1.31457e-10 
66.5156688 3.830588e-10 
66.5160368 7.423796e-11 
69.2308246 5.612032e-10 
67.8734064 2.813188e-10 
69.2311895 2.163373e-10 
67.873767 3.898903e-11 
70.5885627 4.562996e-10 
70.5889228 1.668171e-10 
71.9463473 3.990456e-10 
73.3040825 3.574827e-10 
71.9467012 1.371151e-10 
73.3044305 1.134633e-10 
74.6615145 5.921051e-10 
74.6618642 3.417975e-10 
76.0192505 5.739784e-10 
77.377034 5.898608e-10 
76.0195969 3.303735e-10 
77.3773757 3.171873e-10 
78.734769 6.147689e-10 
78.7351051 2.941523e-10 
80.0922145 8.380764e-10 
81.4499508 9.187594e-10 
80.0925513 6.328453e-10 
81.450284 6.308468e-10 
82.8077352 9.865295e-10 
82.8080631 5.880671e-10 
85.5229304 1.320351e-09 
84.1654703 1.032472e-09 
85.5232526 1.013427e-09 
84.1657911 5.225493e-10 
86.880667 1.439947e-09 
86.8809835 9.551409e-10 
88.2384514 1.468013e-09 
89.5961844 1.444998e-09 
88.2387607 8.264522e-10 
89.5964845 6.814708e-10 
90.9536622 1.880545e-09 
90.9539642 1.318968e-09 
92.3113964 1.927122e-09 
93.6691781 1.834132e-09 
92.3116903 1.159303e-09 
93.6694625 9.439967e-10 
95.0269057 1.693105e-09 
95.0271797 7.352129e-10 
96.3844043 2.299229e-09 
97.7421329 2.215128e-09 
96.3846799 1.464894e-09 
97.7423986 1.227235e-09 
99.0999086 2.018185e-09 
99.1001636 9.723486e-10 
101.8151498 2.505324e-09 
100.4576283 1.786039e-09 
101.8153947 1.514905e-09 
100.4578727 7.382522e-10 
103.1728704 2.320798e-09 
103.1731047 1.241621e-09 
104.5306379 2.086754e-09 
105.8883486 1.809544e-09 
104.5308614 9.863479e-10 
105.888562 7.459042e-10 
107.2458931 2.522476e-09 
107.246106 1.541027e-09 
1.3477353 6.552056e-11 
-0.0096003 2.03048e-11 
1.3481626 5.39827e-12 
-0.0091918 1.75581e-11 
2.7054509 5.462183e-11 
2.7058842 3.130881e-13 
4.0632388 3.45825e-11 
5.4209696 1.953626e-11 
4.0636607 6.941548e-12 
5.4213841 2.458342e-11 
6.7783623 1.186733e-10 
6.7787536 1.038421e-11 
8.1360918 9.303105e-11 
9.4938738 6.969406e-11 
8.1364845 1.119757e-11 
9.4942639 1.780297e-11 
10.8516057 5.573403e-11 
10.8519922 2.792767e-11 
12.2090192 1.598311e-10 
13.5667453 1.380305e-10 
12.2093859 4.596014e-11 
13.5671161 4.118312e-11 
14.9245216 1.176368e-10 
14.9248933 3.703541e-11 
17.6396511 1.883771e-10 
16.2822503 1.028909e-10 
17.6400271 8.703247e-11 
16.2826217 3.468133e-11 
18.9973804 1.730727e-10 
18.997756 7.361129e-11 
20.3551583 1.51621e-10 
21.7128883 1.318217e-10 
20.3555316 6.021723e-11 
21.7132596 4.971705e-11 
23.0702791 2.046387e-10 
24.428012 1.829886e-10 
23.0706657 1.080559e-10 
24.428395 8.70728e-11 
25.7857925 1.513504e-10 
25.7861704 7.059846e-11 
28.5009081 1.914485e-10 
27.1435241 1.223867e-10 
28.5013023 9.505647e-11 
27.1438982 6.124931e-11 
29.8586433 1.523764e-10 
29.8590319 7.651652e-11 
31.2164252 1.128827e-10 
32.5741576 8.570379e-11 
31.2168073 6.883341e-11 
32.574535 6.855882e-11 
33.9315374 1.434004e-10 
33.9319362 6.683576e-11 
35.2892735 1.027591e-10 
36.6470561 7.086038e-11 
35.2896662 5.702642e-11 
36.6474425 5.203759e-11 
38.0047893 5.231017e-11 
38.0051715 4.714955e-11 
39.362167 1.055762e-10 
40.719904 7.706718e-11 
39.3625694 3.630867e-11 
40.7203015 2.523443e-11 
42.0776884 5.381336e-11 
42.0780808 1.401926e-11 
44.7928017 1.24366e-10 
43.4354242 4.233058e-11 
44.7932081 3.161206e-11 
43.4358131 8.736848e-12 
46.1505414 1.168546e-10 
46.1509442 3.112988e-11 
47.5083299 1.140073e-10 
48.8660699 1.237392e-10 
47.5087278 2.516395e-11 
48.8664636 2.256013e-11 
50.2234499 2.638577e-10 
50.2238583 1.222029e-10 
51.5811935 2.819457e-10 
52.9389861 2.877198e-10 
51.581598 1.160601e-10 
52.9393844 8.420974e-11 
54.2967293 2.763104e-10 
54.2971212 5.016916e-11 
55.6541158 5.054326e-10 
57.0118617 4.792938e-10 
55.6545199 2.323845e-10 
57.0122602 1.690569e-10 
58.3696554 4.236484e-10 
58.3700455 9.453714e-11 
61.0847956 6.400517e-10 
59.7273982 3.342959e-10 
61.085187 2.370697e-10 
59.7277801 3.913471e-11 
62.4425399 5.212e-10 
62.4429246 1.438063e-10 
63.8003306 4.101078e-10 
65.15807 2.919492e-10 
63.8007064 7.237949e-11 
65.1584377 2.982452e-11 
66.5154811 5.951323e-10 
66.5158549 2.047701e-10 
67.8732212 4.616304e-10 
69.2310075 3.741927e-10 
67.8735892 1.3652e-10 
69.2313682 9.364071e-11 
70.5887436 3.002365e-10 
70.5890976 6.420321e-11 
71.9461687 5.5524e-10 
73.3039055 4.903786e-10 
71.9465257 2.593441e-10 
73.3042584 2.293563e-10 
74.6616892 4.680471e-10 
74.6620369 2.111465e-10 
77.3768627 6.83597e-10 
76.0194241 4.610186e-10 
77.3772059 4.677987e-10 
76.0197663 1.913769e-10 
78.7345987 7.164771e-10 
78.7349387 4.679228e-10 
80.0923826 7.659519e-10 
81.4501178 8.111743e-10 
80.0927179 4.47742e-10 
81.4504468 4.100754e-10 
82.8075703 1.055335e-09 
82.8079003 8.217266e-10 
84.1653069 1.168216e-09 
85.5230916 1.229703e-09 
84.1656325 8.004826e-10 
85.523411 7.197191e-10 
86.880826 1.25232e-09 
86.8811372 6.160167e-10 
88.2382946 1.605987e-09 
89.5960304 1.702314e-09 
88.2386075 1.184865e-09 
89.5963364 1.077029e-09 
90.9538139 1.674683e-09 
90.9541114 9.00652e-10 
93.6690324 2.116743e-09 
92.3115445 1.592999e-09 
93.6693219 1.410154e-09 
92.3118322 7.190477e-10 
95.0267642 2.098334e-09 
95.0270445 1.205852e-09 
96.3845432 1.945622e-09 
97.7422671 1.753163e-09 
96.3848133 9.6428e-10 
97.7425266 7.387161e-10 
99.099777 2.426876e-09 
99.1000376 1.495712e-09 
100.4575018 2.286289e-09 
101.8152736 2.063173e-09 
100.457752 1.235609e-09 
101.8155129 9.776746e-10 
103.1729889 1.80315e-09 
103.1732179 7.397647e-10 
104.5305221 2.537953e-09 
105.8882382 2.321739e-09 
104.5307509 1.52999e-09 
105.8884564 1.249821e-09 
107.246001 2.087769e-09 
107.2462088 9.985293e-10 
-0.0098201 4.905197e-11 
-0.0093927 4.553703e-12 
2.7056731 1.479685e-11 
2.7060874 2.055658e-11 
5.4207521 7.146766e-11 
5.4211805 2.576016e-12 
8.136281 3.402478e-11 
8.1366851 2.697033e-11 
10.8514225 1.157198e-10 
10.8517974 2.481573e-11 
13.5669292 8.001333e-11 
13.567305 2.977665e-11 
16.2820638 1.576103e-10 
16.282436 5.832832e-11 
18.9975697 1.212878e-10 
18.9979403 4.211864e-11 
21.7126962 1.823584e-10 
21.7130756 8.39128e-11 
24.4282065 1.323483e-10 
24.4285791 5.593917e-11 
27.1433278 1.72776e-10 
27.1437138 8.362666e-11 
29.8588412 1.050938e-10 
29.8592169 6.605703e-11 
32.5739586 1.268072e-10 
32.5743493 6.781499e-11 
35.2894735 6.77316e-11 
35.289853 6.34105e-11 
38.0045884 8.506039e-11 
38.0049833 4.189422e-11 
40.7201058 4.125113e-11 
40.7204913 2.486066e-11 
43.4352213 8.441082e-11 
43.4356215 1.761869e-11 
46.1507453 6.749472e-11 
46.1511372 8.302155e-12 
48.8658654 1.836635e-10 
48.8662697 6.813974e-11 
51.581398 2.010419e-10 
51.5817919 4.053785e-11 
54.2965258 3.904525e-10 
54.2969285 1.545569e-10 
57.012063 3.240157e-10 
57.0124508 4.793415e-11 
59.7272 5.231976e-10 
59.7275924 1.613805e-10 
62.442734 3.169889e-10 
62.443109 3.113596e-11 
65.1578804 4.914399e-10 
65.1582567 1.313686e-10 
67.8734064 2.812814e-10 
67.873767 3.895295e-11 
70.5885627 4.56512e-10 
70.5889228 1.666636e-10 
73.3040825 3.573392e-10 
73.3044305 1.134474e-10 
76.0192505 5.740727e-10 
76.0195969 3.302608e-10 
78.7347691 6.145695e-10 
78.7351051 2.941787e-10 
81.4499508 9.185694e-10 
81.450284 6.308472e-10 
84.1654703 1.032297e-09 
84.1657911 5.226151e-10 
86.880667 1.439764e-09 
86.8809835 9.551765e-10 
89.5961844 1.444881e-09 
89.5964845 6.814694e-10 
92.3113964 1.927186e-09 
92.3116903 1.159245e-09 
95.0269057 1.693147e-09 
95.0271797 7.35107e-10 
97.7421329 2.215228e-09 
97.7423986 1.227068e-09 
100.4576283 1.786059e-09 
100.4578727 7.382226e-10 
103.1728704 2.320611e-09 
103.1731047 1.241666e-09 
105.8883486 1.809408e-09 
105.888562 7.459508e-10 
1.3479527 2.963705e-11 
-0.0096003 2.029211e-11 
1.3483658 6.031315e-12 
-0.0091918 1.756713e-11 
2.7054509 5.464549e-11 
2.7058842 3.135117e-13 
4.0630065 9.148223e-11 
5.4209696 1.954163e-11 
4.0634541 3.573734e-12 
5.4213841 2.45649e-11 
6.7785441 4.843646e-11 
6.7789587 1.114336e-11 
9.4936967 1.407852e-10 
8.1360918 9.305397e-11 
8.1364845 1.121435e-11 
9.4940655 2.562349e-11 
10.8516057 5.57653e-11 
10.8519922 2.792655e-11 
12.2092 9.402494e-11 
13.5667453 1.379699e-10 
13.5671161 4.123614e-11 
12.2095762 2.641796e-11 
14.9243363 1.755555e-10 
14.9247069 6.749107e-11 
17.6398406 1.376434e-10 
16.2822503 1.029893e-10 
17.6402122 4.909103e-11 
16.2826217 3.462646e-11 
18.9973804 1.730548e-10 
18.997756 7.3636e-11 
20.3549651 1.985108e-10 
21.7128883 1.318624e-10 
20.3553466 1.015764e-10 
21.7132596 4.966199e-11 
24.428012 1.829339e-10 
23.0704755 1.568712e-10 
24.428395 8.705788e-11 
23.0708511 6.758942e-11 
25.7855934 2.032363e-10 
25.7859843 1.052783e-10 
28.5011091 1.353001e-10 
27.1435241 1.22398e-10 
28.5014891 7.054905e-11 
27.1438982 6.123926e-11 
29.8586433 1.523506e-10 
29.8590319 7.64589e-11 
31.2162228 1.696275e-10 
32.5741576 8.564997e-11 
31.2166196 8.12038e-11 
32.574535 6.861665e-11 
33.9317408 8.999997e-11 
33.9321249 6.399918e-11 
36.646852 1.201463e-10 
35.2892735 1.027454e-10 
35.2896662 5.699731e-11 
36.6472526 5.188705e-11 
38.0047893 5.228081e-11 
38.0051715 4.720421e-11 
40.719904 7.706647e-11 
39.3623717 5.75308e-11 
40.7203015 2.523512e-11 
39.3627608 3.255058e-11 
42.0774832 1.045604e-10 
42.0778876 2.552404e-11 
44.7930075 6.888353e-11 
43.4354242 4.229729e-11 
44.7934029 9.266576e-12 
43.4358131 8.746018e-12 
46.1505415 1.168005e-10 
46.1509442 3.11053e-11 
47.5081237 1.750921e-10 
48.8660699 1.235779e-10 
47.5085316 6.469888e-11 
48.8664636 2.258089e-11 
50.2236561 1.920199e-10 
50.2240551 5.531645e-11 
52.9387807 3.826655e-10 
51.5811935 2.818401e-10 
52.939188 1.858235e-10 
51.581598 1.160273e-10 
54.2967293 2.76088e-10 
54.2971212 5.015568e-11 
57.0118617 4.790438e-10 
55.6543195 3.734727e-10 
57.0122602 1.690521e-10 
55.6547148 9.78983e-11 
58.3694545 5.989216e-10 
58.3698532 2.476623e-10 
61.0849926 4.311861e-10 
59.7273982 3.342568e-10 
61.0853761 8.228121e-11 
59.7277802 3.908506e-11 
62.4425399 5.210027e-10 
62.4429246 1.437469e-10 
63.8001381 6.312993e-10 
65.15807 2.918678e-10 
63.8005209 2.164109e-10 
65.1584377 2.979408e-11 
66.5156688 3.830864e-10 
66.5160369 7.416349e-11 
69.2308246 5.614497e-10 
67.8732212 4.616916e-10 
69.2311895 2.161637e-10 
67.8735892 1.364284e-10 
70.5887436 3.000545e-10 
70.5890976 6.417785e-11 
73.3039055 4.904021e-10 
71.9463473 3.989793e-10 
73.3042584 2.292427e-10 
71.9467012 1.370246e-10 
74.6615145 5.922499e-10 
74.6618642 3.416404e-10 
77.377034 5.897458e-10 
76.0194241 4.609294e-10 
77.3773757 3.171593e-10 
76.0197663 1.913694e-10 
78.7345987 7.16342e-10 
78.7349387 4.678843e-10 
80.0922145 8.379766e-10 
81.4501178 8.111272e-10 
80.0925513 6.327336e-10 
81.4504468 4.100754e-10 
82.8077352 9.862879e-10 
82.8080631 5.881832e-10 
85.5229304 1.320273e-09 
84.1653069 1.167928e-09 
85.5232526 1.013444e-09 
84.1656325 8.006543e-10 
86.880826 1.252282e-09 
86.8811372 6.1598e-10 
89.5960304 1.702118e-09 
88.2384514 1.467823e-09 
89.5963364 1.077105e-09 
88.2387607 8.264883e-10 
90.9536622 1.880549e-09 
90.9539642 1.318976e-09 
93.6691781 1.83433e-09 
92.3115445 1.593024e-09 
93.6694625 9.43871e-10 
92.3118322 7.190279e-10 
95.0267642 2.098562e-09 
95.0270446 1.205672e-09 
96.3844043 2.299331e-09 
97.7422671 1.753217e-09 
96.3846799 1.464783e-09 
97.7425266 7.387146e-10 
99.0999086 2.01841e-09 
99.1001636 9.722607e-10 
101.8151498 2.505395e-09 
100.4575018 2.286491e-09 
101.8153947 1.514925e-09 
100.457752 1.235531e-09 
103.1729889 1.803215e-09 
103.1732179 7.397748e-10 
105.8882382 2.321603e-09 
104.5306379 2.086617e-09 
105.8884564 1.250069e-09 
104.5308614 9.864557e-10 
107.2458931 2.522404e-09 
107.246106 1.541255e-09 
1.3477353 6.553667e-11 
1.3481626 5.396461e-12 
4.0632388 3.459296e-11 
4.0636607 6.934775e-12 
6.7783623 1.186735e-10 
6.7787536 1.039199e-11 
9.4938738 6.972502e-11 
9.4942639 1.78112e-11 
12.2090192 1.597639e-10 
12.2093859 4.59953e-11 
14.9245216 1.176684e-10 
14.9248933 3.701833e-11 
17.6396511 1.883279e-10 
17.6400271 8.708812e-11 
20.3551583 1.51679e-10 
20.3555316 6.016562e-11 
23.0702791 2.046168e-10 
23.0706657 1.080341e-10 
25.7857925 1.513487e-10 
25.7861704 7.056889e-11 
28.5009081 1.91452e-10 
28.5013023 9.498999e-11 
31.2164252 1.128506e-10 
31.2168073 6.885416e-11 
33.9315374 1.434116e-10 
33.9319362 6.674917e-11 
36.6470561 7.081878e-11 
36.6474425 5.208288e-11 
39.362167 1.055589e-10 
39.3625694 3.628041e-11 
42.0776884 5.379492e-11 
42.0780808 1.402824e-11 
44.7928017 1.243444e-10 
44.7932081 3.157742e-11 
47.5083299 1.138887e-10 
47.5087278 2.519153e-11 
50.2234499 2.638515e-10 
50.2238583 1.221056e-10 
52.9389861 2.874918e-10 
52.9393844 8.42589e-11 
55.6541158 5.053527e-10 
55.6545199 2.323281e-10 
58.3696554 4.234718e-10 
58.3700455 9.452001e-11 
61.0847956 6.398672e-10 
61.085187 2.370394e-10 
63.8003306 4.100095e-10 
63.8007064 7.234597e-11 
66.5154811 5.951352e-10 
66.5158549 2.046342e-10 
69.2310075 3.740448e-10 
69.2313682 9.362508e-11 
71.9461687 5.55356e-10 
71.9465257 2.592043e-10 
74.6616892 4.679145e-10 
74.6620369 2.111151e-10 
77.3768627 6.834542e-10 
77.3772059 4.677931e-10 
80.0923826 7.658709e-10 
80.0927179 4.477796e-10 
82.8075703 1.05498e-09 
82.8079003 8.218868e-10 
85.5230916 1.229514e-09 
85.523411 7.198325e-10 
88.2382946 1.605777e-09 
88.2386075 1.185033e-09 
90.9538139 1.674651e-09 
90.9541114 9.006543e-10 
93.6690324 2.11685e-09 
93.6693219 1.410042e-09 
96.3845432 1.945905e-09 
96.3848133 9.642202e-10 
99.099777 2.427108e-09 
99.1000376 1.495608e-09 
101.8152736 2.063386e-09 
101.8155129 9.776831e-10 
104.5305221 2.538033e-09 
104.5307509 1.530222e-09 
107.246001 2.087876e-09 
107.2462088 9.986095e-10 
1.3479527 2.962106e-11 
-0.0098201 4.904683e-11 
-0.0093927 4.561693e-12 
1.3483658 6.026093e-12 
2.7056731 1.47828e-11 
2.7060874 2.053938e-11 
4.0630065 9.146647e-11 
5.4207521 7.147068e-11 
4.0634541 3.570868e-12 
5.4211805 2.576644e-12 
6.7785441 4.845426e-11 
6.7789587 1.112764e-11 
9.4936967 1.407992e-10 
8.136281 3.404118e-11 
9.4940655 2.563355e-11 
8.1366851 2.693772e-11 
10.8514225 1.157151e-10 
10.8517974 2.484583e-11 
12.2092 9.403149e-11 
13.5669292 8.005486e-11 
12.2095762 2.640552e-11 
13.567305 2.971932e-11 
14.9243363 1.75529e-10 
14.9247069 6.748606e-11 
16.2820638 1.576201e-10 
17.6398406 1.376878e-10 
16.282436 5.83302e-11 
17.6402122 4.90544e-11 
18.9975697 1.213463e-10 
18.9979403 4.205891e-11 
20.3549651 1.985425e-10 
21.7126962 1.82329e-10 
20.3553466 1.015504e-10 
21.7130756 8.387568e-11 
23.0704755 1.56848e-10 
24.4282065 1.323134e-10 
23.0708511 6.754253e-11 
24.4285791 5.592921e-11 
25.7855934 2.032761e-10 
25.7859843 1.051955e-10 
27.1433278 1.727427e-10 
28.5011091 1.352319e-10 
27.1437138 8.36078e-11 
28.5014891 7.058227e-11 
29.8588412 1.050424e-10 
29.8592169 6.612612e-11 
31.2162228 1.696679e-10 
32.5739586 1.267765e-10 
31.2166196 8.114716e-11 
32.5743493 6.780885e-11 
33.9317408 8.992089e-11 
33.9321249 6.407128e-11 
36.646852 1.20124e-10 
35.2894735 6.766807e-11 
36.6472526 5.185559e-11 
35.289853 6.350927e-11 
38.0045884 8.503033e-11 
38.0049834 4.191869e-11 
39.3623717 5.74896e-11 
40.7201058 4.122629e-11 
39.3627608 3.258512e-11 
40.7204913 2.488571e-11 
42.0774832 1.045149e-10 
42.0778876 2.551722e-11 
43.4352213 8.43643e-11 
44.7930075 6.882628e-11 
43.4356215 1.763094e-11 
44.7934029 9.290189e-12 
46.1507453 6.741532e-11 
46.1511372 8.324334e-12 
47.5081237 1.750622e-10 
48.8658654 1.835816e-10 
47.5085316 6.467708e-11 
48.8662697 6.814531e-11 
50.2236561 1.918719e-10 
50.2240551 5.539986e-11 
52.9387807 3.826132e-10 
51.581398 2.008653e-10 
52.939188 1.858137e-10 
51.5817919 4.058501e-11 
54.2965258 3.902874e-10 
54.2969285 1.545857e-10 
55.6543195 3.733608e-10 
57.012063 3.239288e-10 
55.6547148 9.795186e-11 
57.0124508 4.791292e-11 
58.3694545 5.987945e-10 
58.3698532 2.476596e-10 
59.7272 5.229499e-10 
61.0849926 4.310486e-10 
59.7275924 1.613851e-10 
61.0853761 8.22978e-11 
62.442734 3.169486e-10 
62.443109 3.110633e-11 
63.8001381 6.311817e-10 
65.1578804 4.912966e-10 
63.8005209 2.16384e-10 
65.1582567 1.313305e-10 
66.5156688 3.828724e-10 
66.5160369 7.419413e-11 
69.2308246 5.613523e-10 
67.8734064 2.81108e-10 
69.2311895 2.160758e-10 
67.873767 3.894906e-11 
70.5885627 4.564318e-10 
70.5889228 1.66627e-10 
71.9463473 3.98813e-10 
73.3040825 3.572164e-10 
71.9467012 1.370856e-10 
73.3044305 1.13442e-10 
74.6615145 5.921575e-10 
74.6618642 3.416431e-10 
76.0192505 5.739358e-10 
77.377034 5.896816e-10 
76.0195969 3.30237e-10 
77.3773757 3.171755e-10 
78.7347691 6.146639e-10 
78.7351051 2.941359e-10 
80.0922145 8.376266e-10 
81.4499508 9.183427e-10 
80.0925513 6.330103e-10 
81.450284 6.309724e-10 
82.8077352 9.863098e-10 
82.8080631 5.88193e-10 
85.5229304 1.319771e-09 
84.1654703 1.032446e-09 
85.5232526 1.013757e-09 
84.1657911 5.225199e-10 
86.880667 1.439473e-09 
86.8809835 9.553896e-10 
88.2384514 1.467797e-09 
89.5961844 1.444963e-09 
88.2387607 8.265811e-10 
89.5964845 6.81438e-10 
90.9536622 1.880486e-09 
90.9539642 1.318991e-09 
92.3113964 1.927205e-09 
93.6691781 1.834355e-09 
92.3116903 1.159201e-09 
93.6694625 9.43931e-10 
95.0269057 1.693162e-09 
95.0271797 7.351833e-10 
96.3844043 2.2996e-09 
97.7421329 2.215569e-09 
96.3846799 1.464645e-09 
97.7423986 1.226948e-09 
99.0999086 2.018628e-09 
99.1001636 9.722746e-10 
101.8151498 2.505592e-09 
100.4576283 1.786141e-09 
101.8153947 1.515007e-09 
100.4578727 7.382548e-10 
103.1728704 2.320843e-09 
103.1731047 1.241764e-09 
104.5306379 2.086985e-09 
105.8883486 1.809697e-09 
104.5308614 9.864443e-10 
105.888562 7.459246e-10 
107.2458931 2.522488e-09 
107.246106 1.541519e-09 
-0.0096003 2.030886e-11 
-0.0091918 1.757922e-11 
2.7054509 5.46084e-11 
2.7058842 3.139314e-13 
5.4209696 1.953129e-11 
5.4213841 2.452353e-11 
8.1360918 9.308467e-11 
8.1364845 1.121065e-11 
10.8516057 5.576986e-11 
10.8519922 2.787452e-11 
13.5667453 1.379826e-10 
13.5671161 4.122742e-11 
16.2822503 1.029952e-10 
16.2826217 3.457484e-11 
18.9973804 1.731115e-10 
18.997756 7.358439e-11 
21.7128883 1.318367e-10 
21.7132596 4.964348e-11 
24.428012 1.829008e-10 
24.428395 8.700914e-11 
27.1435241 1.223244e-10 
27.1438982 6.129255e-11 
29.8586433 1.523536e-10 
29.8590319 7.649136e-11 
32.5741576 8.558173e-11 
32.574535 6.872516e-11 
35.2892735 1.026925e-10 
35.2896662 5.70488e-11 
38.0047893 5.225301e-11 
38.0051715 4.725588e-11 
40.719904 7.701536e-11 
40.7203015 2.526725e-11 
43.4354242 4.22707e-11 
43.4358131 8.751043e-12 
46.1505415 1.16756e-10 
46.1509442 3.113912e-11 
48.8660699 1.23508e-10 
48.8664636 2.263417e-11 
51.5811935 2.817572e-10 
51.581598 1.160904e-10 
54.2967293 2.760645e-10 
54.2971212 5.01925e-11 
57.0118617 4.789467e-10 
57.0122602 1.690946e-10 
59.7273982 3.34234e-10 
59.7277801 3.907906e-11 
62.4425399 5.208406e-10 
62.4429246 1.437795e-10 
65.15807 2.917868e-10 
65.1584377 2.979476e-11 
67.8732212 4.614655e-10 
67.8735892 1.364458e-10 
70.5887436 2.999461e-10 
70.5890976 6.421188e-11 
73.3039055 4.902541e-10 
73.3042584 2.29296e-10 
76.0194241 4.609632e-10 
76.0197663 1.913426e-10 
78.7345987 7.161704e-10 
78.7349387 4.679963e-10 
81.4501178 8.114472e-10 
81.4504468 4.099389e-10 
84.1653069 1.167713e-09 
84.1656325 8.007988e-10 
86.880826 1.252537e-09 
86.8811372 6.159007e-10 
89.5960304 1.70207e-09 
89.5963364 1.077191e-09 
92.3115445 1.593018e-09 
92.3118322 7.19108e-10 
95.0267642 2.098705e-09 
95.0270446 1.205659e-09 
97.7422671 1.753215e-09 
97.7425266 7.388156e-10 
100.4575018 2.286777e-09 
100.457752 1.235563e-09 
103.1729889 1.803455e-09 
103.1732179 7.397584e-10 
105.8882382 2.321965e-09 
105.8884564 1.250128e-09 
1.3477353 6.551829e-11 
-0.0098201 4.909619e-11 
1.3481626 5.392046e-12 
-0.0093927 4.567604e-12 
2.7056731 1.476504e-11 
2.7060874 2.052947e-11 
4.0632388 3.456172e-11 
5.4207521 7.142436e-11 
5.4211805 2.568679e-12 
4.0636607 6.925323e-12 
6.7783623 1.186852e-10 
6.7787536 1.038343e-11 
9.4938738 6.973443e-11 
8.136281 3.402588e-11 
9.4942639 1.779364e-11 
8.1366851 2.689522e-11 
10.8514225 1.157591e-10 
10.8517974 2.482737e-11 
12.2090192 1.598076e-10 
13.5669292 8.00243e-11 
12.2093859 4.597632e-11 
13.567305 2.967473e-11 
14.9245216 1.176463e-10 
14.9248933 3.698883e-11 
17.6396511 1.883711e-10 
16.2820638 1.576662e-10 
16.282436 5.826947e-11 
17.6400271 8.703124e-11 
18.9975697 1.213047e-10 
18.9979403 4.205874e-11 
20.3551583 1.516907e-10 
21.7126962 1.823899e-10 
21.7130756 8.380532e-11 
20.3555316 6.012937e-11 
23.0702791 2.047e-10 
24.4282065 1.322249e-10 
23.0706657 1.079386e-10 
24.4285791 5.596832e-11 
25.7857925 1.51251e-10 
25.7861704 7.057771e-11 
28.5009081 1.91538e-10 
27.1433278 1.727363e-10 
27.1437138 8.362621e-11 
28.5013023 9.494286e-11 
29.8588412 1.049901e-10 
29.8592169 6.620406e-11 
32.5739586 1.267673e-10 
31.2164252 1.127605e-10 
32.5743493 6.789622e-11 
31.2168073 6.894233e-11 
33.9315374 1.434113e-10 
33.9319362 6.675813e-11 
36.6470561 7.075432e-11 
35.2894735 6.764428e-11 
36.6474425 5.213501e-11 
35.289853 6.35545e-11 
38.0045884 8.49761e-11 
38.0049834 4.196959e-11 
39.362167 1.05508e-10 
40.7201059 4.122487e-11 
39.3625694 3.629422e-11 
40.7204913 2.488223e-11 
42.0776885 5.375853e-11 
42.0780808 1.403806e-11 
44.7928017 1.243006e-10 
43.4352213 8.432787e-11 
44.7932081 3.158916e-11 
43.4356215 1.765343e-11 
46.1507453 6.742201e-11 
46.1511372 8.347596e-12 
48.8658654 1.835763e-10 
47.5083299 1.138438e-10 
48.8662697 6.822392e-11 
47.5087278 2.525728e-11 
50.2234499 2.638074e-10 
50.2238583 1.221646e-10 
52.9389861 2.87478e-10 
51.581398 2.009341e-10 
52.9393844 8.434171e-11 
51.5817919 4.063087e-11 
54.2965258 3.903065e-10 
54.2969285 1.546533e-10 
55.6541158 5.053029e-10 
57.012063 3.240046e-10 
55.6545199 2.323853e-10 
57.0124508 4.794863e-11 
58.3696554 4.234728e-10 
58.3700455 9.45782e-11 
61.0847956 6.398086e-10 
59.7272 5.22983e-10 
61.085187 2.370615e-10 
59.7275924 1.614353e-10 
62.442734 3.169262e-10 
62.443109 3.112427e-11 
65.1578804 4.911166e-10 
63.8003306 4.098316e-10 
65.1582567 1.31399e-10 
63.8007064 7.240967e-11 
66.5154811 5.949529e-10 
66.5158549 2.046547e-10 
69.2310075 3.738426e-10 
67.8734064 2.810849e-10 
69.2313682 9.372743e-11 
67.873767 3.898472e-11 
70.5885627 4.562081e-10 
70.5889228 1.667256e-10 
71.9461687 5.551527e-10 
73.3040825 3.572381e-10 
71.9465257 2.592427e-10 
73.3044305 1.134754e-10 
74.6616892 4.678464e-10 
74.6620369 2.11212e-10 
77.3768627 6.832467e-10 
76.0192505 5.738148e-10 
77.3772059 4.680151e-10 
76.0195969 3.303803e-10 
78.7347691 6.148903e-10 
78.7351051 2.940428e-10 
81.4499508 9.182573e-10 
80.0923826 7.659718e-10 
81.450284 6.310606e-10 
80.0927179 4.4774e-10 
82.8075703 1.054546e-09 
82.8079003 8.222748e-10 
85.5230916 1.22969e-09 
84.1654703 1.032831e-09 
85.523411 7.198162e-10 
84.1657911 5.223973e-10 
86.880667 1.439512e-09 
86.8809835 9.55407e-10 
88.2382946 1.60548e-09 
89.5961844 1.445067e-09 
88.2386075 1.185179e-09 
89.5964845 6.814642e-10 
90.9538139 1.67463e-09 
90.9541114 9.007874e-10 
93.6690324 2.116981e-09 
92.3113964 1.927262e-09 
93.6693219 1.409966e-09 
92.3116903 1.15928e-09 
95.0269057 1.693075e-09 
95.0271797 7.353062e-10 
97.7421329 2.215595e-09 
96.3845432 1.945838e-09 
97.7423986 1.227054e-09 
96.3848133 9.64334e-10 
99.099777 2.427298e-09 
99.1000376 1.495618e-09 
101.8152736 2.063646e-09 
100.4576283 1.786237e-09 
101.8155129 9.776767e-10 
100.4578727 7.382966e-10 
103.1728704 2.321145e-09 
103.1731047 1.24176e-09 
104.530522 2.538165e-09 
105.8883486 1.809983e-09 
104.5307509 1.530333e-09 
105.888562 7.45872e-10 
107.246001 2.088403e-09 
107.2462088 9.985139e-10 
1.3479527 2.960361e-11 
1.3483658 6.029651e-12 
4.0630065 9.140316e-11 
4.0634541 3.564441e-12 
6.7785441 4.842795e-11 
6.7789587 1.111401e-11 
9.4936967 1.408681e-10 
9.4940655 2.561906e-11 
12.2092 9.401707e-11 
12.2095762 2.637262e-11 
14.9243363 1.756091e-10 
14.9247069 6.741259e-11 
17.6398406 1.376512e-10 
17.6402122 4.904591e-11 
20.354965 1.986304e-10 
20.3553466 1.014549e-10 
23.0704755 1.567969e-10 
23.0708511 6.75509e-11 
25.7855934 2.033705e-10 
25.7859843 1.051357e-10 
28.5011091 1.351268e-10 
28.5014891 7.064457e-11 
31.2162228 1.697147e-10 
31.2166196 8.120136e-11 
33.9317408 8.987593e-11 
33.9321249 6.412082e-11 
36.646852 1.200893e-10 
36.6472526 5.189749e-11 
39.3623717 5.745524e-11 
39.3627608 3.259644e-11 
42.0774832 1.044813e-10 
42.0778876 2.554055e-11 
44.7930075 6.882066e-11 
44.793403 9.309324e-12 
47.5081237 1.750143e-10 
47.5085316 6.474906e-11 
50.2236561 1.919536e-10 
50.2240551 5.546608e-11 
52.9387807 3.826119e-10 
52.939188 1.859404e-10 
55.6543195 3.734826e-10 
55.6547148 9.800049e-11 
58.3694545 5.988258e-10 
58.3698532 2.477305e-10 
61.0849927 4.310844e-10 
61.0853761 8.236768e-11 
63.8001381 6.310953e-10 
63.8005209 2.164223e-10 
66.5156688 3.827297e-10 
66.5160369 7.430773e-11 
69.2308246 5.611566e-10 
69.2311895 2.162011e-10 
71.9463473 3.987028e-10 
71.9467012 1.372012e-10 
74.6615145 5.919216e-10 
74.6618642 3.418394e-10 
77.377034 5.8982e-10 
77.3773757 3.171979e-10 
80.0922145 8.374363e-10 
80.0925513 6.332386e-10 
82.8077352 9.865755e-10 
82.8080631 5.881192e-10 
85.5229304 1.319631e-09 
85.5232526 1.013953e-09 
88.2384514 1.467905e-09 
88.2387607 8.265827e-10 
90.9536622 1.880422e-09 
90.9539642 1.319015e-09 
93.6691781 1.834216e-09 
93.6694625 9.440903e-10 
96.3844043 2.299623e-09 
96.3846799 1.464644e-09 
99.0999086 2.018545e-09 
99.1001636 9.723763e-10 
101.8151498 2.50565e-09 
101.8153947 1.51506e-09 
104.5306379 2.087309e-09 
104.5308614 9.863308e-10 
107.2458931 2.522667e-09 
107.246106 1.541439e-09 
1.3477353 6.549147e-11 
-0.0096003 2.03318e-11 
1.3481626 5.391311e-12 
-0.0091918 1.757749e-11 
2.7054509 5.45624e-11 
2.7058842 3.137765e-13 
4.0632388 3.453221e-11 
5.4209696 1.951889e-11 
4.0636607 6.926298e-12 
5.4213841 2.451596e-11 
6.7783623 1.186917e-10 
6.7787536 1.036959e-11 
8.1360918 9.308223e-11 
9.4938738 6.971105e-11 
8.1364845 1.119116e-11 
9.4942639 1.777455e-11 
10.8516057 5.574302e-11 
10.8519922 2.784316e-11 
12.2090192 1.598972e-10 
13.5667453 1.380455e-10 
12.2093859 4.593087e-11 
13.5671161 4.116975e-11 
14.9245216 1.175956e-10 
14.9248933 3.69875e-11 
17.6396511 1.88458e-10 
16.2822503 1.028982e-10 
17.6400271 8.6941e-11 
16.2826217 3.459767e-11 
18.9973804 1.731684e-10 
18.997756 7.352985e-11 
20.3551583 1.516387e-10 
21.7128883 1.317764e-10 
20.3555316 6.016119e-11 
21.7132596 4.968831e-11 
23.0702791 2.047678e-10 
24.428012 1.829427e-10 
23.0706657 1.078964e-10 
24.428395 8.699013e-11 
25.7857925 1.512023e-10 
25.7861704 7.061109e-11 
28.5009081 1.915811e-10 
27.1435241 1.222746e-10 
28.5013023 9.498382e-11 
27.1438982 6.133567e-11 
29.8586433 1.523675e-10 
29.8590319 7.656952e-11 
31.2164252 1.127263e-10 
32.5741576 8.55912e-11 
31.2168073 6.897499e-11 
32.574535 6.873246e-11 
33.9315374 1.434138e-10 
33.9319362 6.685134e-11 
35.2892735 1.026781e-10 
36.6470561 7.07542e-11 
35.2896662 5.711283e-11 
36.6474425 5.212395e-11 
38.0047893 5.225949e-11 
38.0051715 4.723462e-11 
39.362167 1.054889e-10 
40.719904 7.699275e-11 
39.3625694 3.632609e-11 
40.7203015 2.528501e-11 
42.0776885 5.376133e-11 
42.0780808 1.403591e-11 
44.7928017 1.242898e-10 
43.4354242 4.229488e-11 
44.7932081 3.163434e-11 
43.4358131 8.745175e-12 
46.1505415 1.167598e-10 
46.1509442 3.117796e-11 
47.5083299 1.139338e-10 
48.8660699 1.236307e-10 
47.5087278 2.526938e-11 
48.8664636 2.265115e-11 
50.2234499 2.637918e-10 
50.2238583 1.222909e-10 
51.5811935 2.818552e-10 
52.9389861 2.876809e-10 
51.581598 1.161736e-10 
52.9393844 8.435462e-11 
54.2967293 2.762292e-10 
54.2971212 5.021826e-11 
55.6541158 5.053887e-10 
57.0118617 4.790995e-10 
55.6545199 2.324998e-10 
57.0122602 1.69134e-10 
58.3696554 4.236441e-10 
58.3700455 9.460575e-11 
61.0847956 6.398553e-10 
59.7273982 3.343207e-10 
61.085187 2.371001e-10 
59.7277801 3.912715e-11 
62.4425399 5.209128e-10 
62.4429246 1.43827e-10 
63.8003306 4.09901e-10 
65.15807 2.917955e-10 
63.8007064 7.249578e-11 
65.1584377 2.983443e-11 
66.5154811 5.94906e-10 
66.5158549 2.047568e-10 
67.8732212 4.613396e-10 
69.2310075 3.737811e-10 
67.8735892 1.365744e-10 
69.2313682 9.382756e-11 
70.5887436 3.000231e-10 
70.5890976 6.424198e-11 
71.9461687 5.549701e-10 
73.3039055 4.900718e-10 
71.9465257 2.594798e-10 
73.3042584 2.294473e-10 
74.6616892 4.679259e-10 
74.6620369 2.112402e-10 
77.3768627 6.831034e-10 
76.0194241 4.611408e-10 
77.3772059 4.681365e-10 
76.0197663 1.913405e-10 
78.7345987 7.161996e-10 
78.7349387 4.6806e-10 
80.0923826 7.662615e-10 
81.4501178 8.116583e-10 
80.0927179 4.477212e-10 
81.4504468 4.098775e-10 
82.8075703 1.054732e-09 
82.8079003 8.222506e-10 
84.1653069 1.167934e-09 
85.5230916 1.229855e-09 
84.1656325 8.007516e-10 
85.523411 7.1974e-10 
86.880826 1.252708e-09 
86.8811372 6.158596e-10 
88.2382946 1.605599e-09 
89.5960304 1.702167e-09 
88.2386075 1.185231e-09 
89.5963364 1.077181e-09 
90.9538139 1.674599e-09 
90.9541114 9.007892e-10 
93.6690324 2.116821e-09 
92.3115445 1.593012e-09 
93.6693219 1.410014e-09 
92.3118322 7.19178e-10 
95.0267642 2.09859e-09 
95.0270446 1.205814e-09 
96.3845432 1.945642e-09 
97.7422671 1.753158e-09 
96.3848133 9.644945e-10 
97.7425266 7.388999e-10 
99.099777 2.42717e-09 
99.1000376 1.495658e-09 
100.4575018 2.286747e-09 
101.8152736 2.063576e-09 
100.457752 1.235646e-09 
101.8155129 9.776679e-10 
103.1729889 1.803569e-09 
103.1732179 7.397265e-10 
104.530522 2.5382e-09 
105.8882382 2.322279e-09 
104.5307509 1.530239e-09 
105.8884564 1.24994e-09 
107.246001 2.08853e-09 
107.2462088 9.983629e-10 
-0.0098201 4.913098e-11 
-0.0093927 4.563101e-12 
2.7056731 1.476792e-11 
2.7060874 2.054089e-11 
5.4207521 7.139493e-11 
5.4211805 2.56321e-12 
8.136281 3.399942e-11 
8.1366851 2.69012e-11 
10.8514225 1.157911e-10 
10.8517974 2.478537e-11 
13.5669292 7.996632e-11 
13.567305 2.970411e-11 
16.2820638 1.576765e-10 
16.282436 5.823151e-11 
18.9975697 1.212153e-10 
18.9979403 4.211806e-11 
21.7126962 1.824651e-10 
21.7130756 8.380095e-11 
24.4282065 1.322032e-10 
24.4285791 5.600429e-11 
27.1433278 1.72769e-10 
27.1437138 8.365226e-11 
29.8588412 1.05014e-10 
29.8592169 6.618321e-11 
32.5739586 1.267781e-10 
32.5743493 6.79579e-11 
35.2894735 6.768806e-11 
35.289853 6.348387e-11 
38.0045884 8.498177e-11 
38.0049834 4.197781e-11 
40.7201059 4.12464e-11 
40.7204913 2.485617e-11 
43.4352213 8.435156e-11 
43.4356215 1.765444e-11 
46.1507453 6.751204e-11 
46.1511372 8.339673e-12 
48.8658654 1.836547e-10 
48.8662697 6.826346e-11 
51.581398 2.011331e-10 
51.5817919 4.061391e-11 
54.2965258 3.904936e-10 
54.2969285 1.546887e-10 
57.012063 3.241559e-10 
57.0124508 4.797908e-11 
59.7272 5.231867e-10 
59.7275924 1.614338e-10 
62.442734 3.169911e-10 
62.443109 3.117848e-11 
65.1578804 4.912572e-10 
65.1582567 1.314726e-10 
67.8734064 2.811579e-10 
67.873767 3.9007e-11 
70.5885627 4.561159e-10 
70.5889228 1.668759e-10 
73.3040825 3.574371e-10 
73.3044305 1.13471e-10 
76.0192505 5.737743e-10 
76.0195969 3.304253e-10 
78.7347691 6.149893e-10 
78.7351051 2.940865e-10 
81.4499508 9.186133e-10 
81.450284 6.309744e-10 
84.1654703 1.032764e-09 
84.1657911 5.224102e-10 
86.880667 1.439781e-09 
86.8809835 9.55308e-10 
89.5961844 1.445125e-09 
89.5964845 6.814535e-10 
92.3113964 1.927147e-09 
92.3116903 1.159318e-09 
95.0269057 1.693061e-09 
95.0271797 7.353476e-10 
97.7421329 2.21538e-09 
97.7423986 1.227215e-09 
100.4576283 1.786161e-09 
100.4578727 7.383025e-10 
103.1728704 2.321095e-09 
103.1731047 1.241678e-09 
105.8883486 1.8099e-09 
105.888562 7.458409e-10 
1.3479527 2.960826e-11 
-0.0096003 2.03297e-11 
1.3483658 6.036897e-12 
-0.0091918 1.756459e-11 
2.7054509 5.457082e-11 
2.7058842 3.132391e-13 
4.0630065 9.138264e-11 
5.4209696 1.952166e-11 
4.0634541 3.563454e-12 
5.4213841 2.455316e-11 
6.7785441 4.839437e-11 
6.7789587 1.112158e-11 
9.4936967 1.408927e-10 
8.1360918 9.305058e-11 
8.1364845 1.118314e-11 
9.4940655 2.559918e-11 
10.8516057 5.572112e-11 
10.8519922 2.787595e-11 
12.2092 9.400407e-11 
13.5667453 1.380737e-10 
13.5671161 4.114189e-11 
12.2095763 2.636458e-11 
14.9243363 1.756811e-10 
14.9247069 6.737419e-11 
17.6398406 1.375757e-10 
16.2822503 1.028346e-10 
17.6402122 4.907697e-11 
16.2826217 3.466317e-11 
18.9973804 1.731414e-10 
18.997756 7.354759e-11 
20.354965 1.986662e-10 
21.7128883 1.317642e-10 
20.3553466 1.014221e-10 
21.7132596 4.97339e-11 
24.428012 1.830018e-10 
23.0704755 1.567897e-10 
24.428395 8.702967e-11 
23.0708511 6.760523e-11 
25.7855934 2.033785e-10 
25.7859843 1.051772e-10 
28.5011091 1.351377e-10 
27.1435241 1.223132e-10 
28.5014891 7.064788e-11 
27.1438982 6.130962e-11 
29.8586433 1.523801e-10 
29.8590319 7.658369e-11 
31.2162228 1.696995e-10 
32.5741576 8.566749e-11 
31.2166196 8.129463e-11 
32.574535 6.863029e-11 
33.9317408 8.991377e-11 
33.9321249 6.408008e-11 
36.646852 1.201029e-10 
35.2892735 1.027156e-10 
36.6472526 5.195397e-11 
35.2896662 5.709942e-11 
38.0047893 5.229346e-11 
38.0051715 4.716914e-11 
40.719904 7.702786e-11 
39.3623717 5.74797e-11 
40.7203015 2.52651e-11 
39.3627608 3.257043e-11 
42.0774832 1.044916e-10 
42.0778876 2.55581e-11 
44.7930075 6.887743e-11 
43.4354242 4.233036e-11 
44.793403 9.297563e-12 
43.4358131 8.73584e-12 
46.1505414 1.168232e-10 
46.1509442 3.117289e-11 
47.5081237 1.750398e-10 
48.8660699 1.237724e-10 
47.5085316 6.482207e-11 
48.8664636 2.26061e-11 
50.2236561 1.921291e-10 
50.2240551 5.541877e-11 
52.9387807 3.826366e-10 
51.5811935 2.819686e-10 
52.939188 1.860338e-10 
51.581598 1.161561e-10 
54.2967293 2.763824e-10 
54.2971212 5.020198e-11 
57.0118617 4.792996e-10 
55.6543195 3.737075e-10 
57.0122602 1.691122e-10 
55.6547148 9.797986e-11 
58.3694545 5.989538e-10 
58.3698532 2.477607e-10 
61.0849927 4.312341e-10 
59.7273982 3.34374e-10 
61.0853761 8.239498e-11 
59.7277801 3.916066e-11 
62.4425399 5.211544e-10 
62.4429246 1.438315e-10 
63.8001381 6.312216e-10 
65.15807 2.918788e-10 
63.8005209 2.164805e-10 
65.1584377 2.985758e-11 
66.5156688 3.828434e-10 
66.5160368 7.434792e-11 
69.2308246 5.611053e-10 
67.8732212 4.614681e-10 
69.2311895 2.163678e-10 
67.8735892 1.366345e-10 
70.5887436 3.001928e-10 
70.5890976 6.422594e-11 
73.3039055 4.900911e-10 
71.9463473 3.988127e-10 
73.3042584 2.294867e-10 
71.9467012 1.372094e-10 
74.6615145 5.91849e-10 
74.6618642 3.419636e-10 
77.377034 5.899775e-10 
76.0194241 4.612234e-10 
77.3773757 3.171873e-10 
76.0197663 1.913644e-10 
78.7345987 7.164213e-10 
78.7349387 4.679765e-10 
80.0922145 8.376965e-10 
81.4501178 8.114475e-10 
80.0925513 6.330842e-10 
81.4504468 4.09988e-10 
82.8077352 9.867238e-10 
82.8080631 5.88085e-10 
85.5229304 1.32007e-09 
84.1653069 1.168305e-09 
85.5232526 1.013756e-09 
84.1656325 8.005946e-10 
86.880826 1.252541e-09 
86.8811372 6.159018e-10 
89.5960304 1.702233e-09 
88.2384514 1.467961e-09 
89.5963364 1.077093e-09 
88.2387607 8.264837e-10 
90.9536622 1.880424e-09 
90.9539642 1.319055e-09 
93.6691781 1.834118e-09 
92.3115445 1.593068e-09 
93.6694625 9.441129e-10 
92.3118322 7.191393e-10 
95.0267642 2.098362e-09 
95.0270445 1.205899e-09 
96.3844043 2.29936e-09 
97.7422671 1.753105e-09 
96.3846799 1.46475e-09 
97.7425266 7.388556e-10 
99.0999086 2.018311e-09 
99.1001636 9.724448e-10 
101.8151498 2.505484e-09 
100.4575018 2.286498e-09 
101.8153947 1.514996e-09 
100.457752 1.235689e-09 
103.1729889 1.803364e-09 
103.1732179 7.397269e-10 
105.8882382 2.322115e-09 
104.5306379 2.08713e-09 
105.8884564 1.249748e-09 
104.5308614 9.862547e-10 
107.2458931 2.522692e-09 
107.246106 1.541173e-09 
1.3477353 6.549388e-11 
1.3481626 5.395232e-12 
4.0632388 3.454424e-11 
4.0636607 6.936335e-12 
6.7783623 1.186853e-10 
6.7787536 1.036994e-11 
9.4938738 6.96873e-11 
9.4942639 1.778055e-11 
12.2090192 1.599088e-10 
12.2093859 4.592058e-11 
14.9245216 1.175902e-10 
14.9248933 3.701565e-11 
17.6396511 1.884613e-10 
17.6400271 8.69431e-11 
20.3551583 1.515911e-10 
20.3555316 6.021571e-11 
23.0702791 2.047364e-10 
23.0706657 1.079685e-10 
25.7857925 1.51266e-10 
25.7861704 7.062464e-11 
28.5009081 1.91517e-10 
28.5013023 9.505215e-11 
31.2164252 1.128027e-10 
31.2168073 6.890698e-11 
33.9315374 1.434105e-10 
33.9319362 6.690053e-11 
36.6470561 7.081591e-11 
36.6474425 5.206471e-11 
39.362167 1.055303e-10 
39.3625694 3.633506e-11 
42.0776884 5.379948e-11 
42.0780808 1.402383e-11 
44.7928017 1.243317e-10 
44.7932081 3.164594e-11 
47.5083299 1.140246e-10 
47.5087278 2.521115e-11 
50.2234499 2.638341e-10 
50.2238583 1.223266e-10 
52.9389861 2.878403e-10 
52.9393844 8.426715e-11 
55.6541158 5.054186e-10 
55.6545199 2.324822e-10 
58.3696554 4.237715e-10 
58.3700455 9.459289e-11 
61.0847956 6.40074e-10 
61.085187 2.371061e-10 
63.8003306 4.100243e-10 
63.8007064 7.247151e-11 
66.5154812 5.950015e-10 
66.5158549 2.048495e-10 
69.2310075 3.740339e-10 
69.2313682 9.376647e-11 
71.9461687 5.549776e-10 
71.9465257 2.595158e-10 
74.6616892 4.680586e-10 
74.6620369 2.112187e-10 
77.3768627 6.833861e-10 
77.3772059 4.680106e-10 
80.0923826 7.662011e-10 
80.0927179 4.477093e-10 
82.8075703 1.0552e-09 
82.8079003 8.219343e-10 
85.5230916 1.229903e-09 
85.523411 7.196726e-10 
88.2382946 1.605879e-09 
88.2386075 1.185006e-09 
90.9538139 1.674637e-09 
90.9541114 9.007203e-10 
93.6690324 2.116707e-09 
93.6693219 1.410141e-09 
96.3845432 1.945482e-09 
96.3848133 9.644547e-10 
99.099777 2.426923e-09 
99.1000376 1.495717e-09 
101.8152736 2.063302e-09 
101.8155129 9.776689e-10 
104.530522 2.538038e-09 
104.5307509 1.530017e-09 
107.246001 2.088142e-09 
107.2462088 9.983628e-10 
108.6036047 2.28699e-09 
109.9613627 2.058675e-09 
108.6038071 1.256713e-09 
109.9615552 1.007514e-09 
111.3190642 1.768058e-09 
111.3192474 7.598201e-10 
112.6766289 2.31531e-09 
114.0343313 2.067707e-09 
112.6768123 1.511387e-09 
114.0345045 1.222176e-09 
115.3920794 1.849309e-09 
115.3922439 9.701246e-10 
118.1073513 1.821884e-09 
116.7497718 1.562e-09 
118.1075104 1.308259e-09 
116.7499279 7.175386e-10 
119.4650445 1.589883e-09 
119.4651937 1.028424e-09 
120.8227825 1.380411e-09 
122.1804657 1.126136e-09 
120.8229243 7.804281e-10 
122.1805998 5.477056e-10 
123.5380534 1.1717e-09 
123.5381945 8.942133e-10 
124.8957373 9.852313e-10 
126.2534653 8.094496e-10 
124.8958689 6.644027e-10 
126.2535903 4.557262e-10 
127.6111391 6.261707e-10 
127.6112573 2.877921e-10 
128.9687311 6.618432e-10 
130.3264056 5.322009e-10 
128.9688584 4.53316e-10 
130.3265237 3.083761e-10 
131.6841243 4.108683e-10 
131.6842363 1.749603e-10 
134.3993863 4.441186e-10 
133.041789 2.997347e-10 
134.3994996 1.964172e-10 
133.0418948 9.422511e-11 
135.7570518 3.536357e-10 
135.7571562 1.22013e-10 
137.1147625 2.707472e-10 
138.4724187 1.971123e-10 
137.114861 5.604162e-11 
138.4725116 3.104676e-11 
139.8300264 4.665553e-10 
139.830122 1.295629e-10 
141.1876837 3.893234e-10 
142.5453873 3.107023e-10 
141.1877709 8.01887e-11 
142.5454693 3.782151e-11 
143.9030359 2.400976e-10 
143.9031132 2.070937e-11 
145.2606576 5.923465e-10 
146.6183067 4.905856e-10 
145.260733 1.693363e-10 
146.6183754 1.116608e-10 
147.9760036 3.866845e-10 
147.9760688 5.852946e-11 
150.6912776 5.448262e-10 
149.333645 2.916652e-10 
150.6913367 1.990661e-10 
149.3337071 2.714898e-11 
152.0489183 4.09724e-10 
152.048973 1.239319e-10 
153.4066083 2.893411e-10 
154.7642427 1.871214e-10 
153.4066619 6.100839e-11 
154.7642951 2.364228e-11 
156.1218779 2.810614e-10 
156.1219288 1.031584e-10 
157.4795103 1.733846e-10 
158.8371934 9.331141e-11 
157.4795592 4.535371e-11 
158.8372437 1.055431e-11 
160.1948212 3.906964e-11 
160.1948718 1.96783e-12 
161.5524525 9.116906e-11 
162.9100777 4.488585e-11 
161.5525019 8.484792e-12 
162.9101271 2.044378e-12 
164.2677548 2.005463e-11 
164.2678073 1.381565e-11 
166.9830038 5.684979e-11 
165.6253772 1.49257e-11 
166.9830537 2.42605e-11 
165.6254308 3.95072e-11 
168.3406237 4.115023e-11 
168.3406747 4.299289e-11 
169.6982966 3.831869e-11 
171.0559152 4.500276e-11 
169.6983516 6.93257e-11 
171.0559712 9.321628e-11 
172.4135398 8.871701e-11 
172.4135888 5.917607e-11 
173.7711559 7.768717e-11 
175.1288261 7.515296e-11 
173.7712065 7.122008e-11 
175.128881 8.621119e-11 
176.4864416 7.643792e-11 
176.4864974 9.167826e-11 
177.8440662 1.384962e-10 
179.2016791 1.232937e-10 
177.8441129 8.118254e-11 
179.2017274 7.949835e-11 
180.5593466 1.128146e-10 
180.5593995 8.045034e-11 
183.2745828 1.547151e-10 
181.9169586 1.025999e-10 
183.2746271 9.494016e-11 
181.9170121 7.308156e-11 
184.6321919 1.375144e-10 
184.6322372 8.117265e-11 
185.989856 1.218754e-10 
187.347463 1.038042e-10 
185.9899061 7.348504e-11 
187.347514 6.233244e-11 
188.7050868 1.468401e-10 
188.7051274 9.06969e-11 
190.0626904 1.302222e-10 
191.4203496 1.148246e-10 
190.0627316 7.285625e-11 
191.420397 6.711537e-11 
192.7779491 9.117178e-11 
192.7780002 6.252575e-11 
194.135576 1.499837e-10 
195.4931697 1.230372e-10 
194.135609 7.736434e-11 
195.4932078 5.883449e-11 
196.8508219 1.019717e-10 
196.8508739 5.937753e-11 
199.5660435 1.53367e-10 
198.2084136 6.742349e-11 
199.5660776 5.033271e-11 
198.2084771 6.454621e-11 
200.9236194 1.079129e-10 
200.923681 3.401097e-11 
202.2812826 7.315321e-11 
203.6388894 3.164644e-11 
202.2813545 4.397203e-11 
203.6389597 6.384071e-11 
204.9964764 1.482644e-10 
204.9965446 1.855577e-11 
109.9612623 2.451729e-09 
108.6037071 1.801328e-09 
109.96146 1.539878e-09 
108.6039052 7.548359e-10 
111.3189693 2.206739e-09 
111.3191565 1.252401e-09 
112.6767224 1.984785e-09 
114.0344193 1.693746e-09 
112.6769003 1.002433e-09 
114.0345884 7.509063e-10 
115.3919922 2.103387e-09 
115.3921627 1.438712e-09 
116.7496901 1.859658e-09 
118.1074331 1.644108e-09 
116.7498505 1.150763e-09 
118.1075855 8.979482e-10 
119.4651209 1.368004e-09 
119.4652652 6.503495e-10 
120.8227053 1.498233e-09 
122.1803938 1.28612e-09 
120.8228546 1.120464e-09 
122.1805335 8.593956e-10 
123.5381267 1.089421e-09 
123.5382595 6.25562e-10 
126.2533954 8.829307e-10 
124.8958053 8.672526e-10 
126.2535293 6.608152e-10 
124.8959307 4.198048e-10 
127.6110745 7.253736e-10 
127.6111991 4.71701e-10 
128.9687977 5.762697e-10 
130.326467 4.321855e-10 
128.968916 2.980654e-10 
130.3265787 1.74196e-10 
131.6840611 5.181977e-10 
131.6841818 2.962269e-10 
134.3994456 3.125991e-10 
133.041731 4.110451e-10 
133.0418426 1.91675e-10 
134.3995511 9.649015e-11 
135.7571059 2.248887e-10 
135.7572055 5.008505e-11 
137.1147077 4.306562e-10 
138.4723691 3.508207e-10 
137.1148127 1.448019e-10 
138.4724653 8.833322e-11 
139.8300761 2.745048e-10 
139.8301667 3.991422e-11 
142.5453431 5.315752e-10 
141.1877284 2.064549e-10 
142.5454285 1.413292e-10 
141.1878138 2.366278e-11 
143.9029962 4.471613e-10 
143.903074 9.069865e-11 
145.2606965 3.586578e-10 
146.6183415 2.780546e-10 
145.2607698 4.540468e-11 
146.6184108 2.202203e-11 
147.9759695 6.04979e-10 
147.9760359 1.96405e-10 
149.3336144 4.821963e-10 
150.6913079 3.645667e-10 
149.3336751 1.288184e-10 
150.6913663 6.782133e-11 
152.0489458 2.596403e-10 
152.0490021 3.013502e-11 
153.4065808 4.232472e-10 
154.7642173 2.927863e-10 
153.4066347 1.645185e-10 
154.764268 9.153067e-11 
156.1219037 1.856834e-10 
156.1219547 3.733117e-11 
158.8371685 1.636361e-10 
157.4795347 1.021737e-10 
158.837218 4.244274e-11 
157.4795854 1.008e-11 
160.1947971 8.762125e-11 
160.1948458 1.00661e-11 
161.552477 3.779005e-11 
162.9101019 1.24199e-11 
161.552528 1.221308e-13 
162.9101537 1.178005e-11 
164.2677306 6.079858e-11 
164.2677803 6.717918e-12 
165.6253529 3.476769e-11 
166.9830277 2.507537e-11 
165.6254032 1.838868e-11 
166.9830817 4.259794e-11 
168.340648 2.944302e-11 
168.3407031 7.184443e-11 
169.6982733 6.788774e-11 
171.0558911 5.619462e-11 
169.6983229 4.421037e-11 
171.0559422 6.162135e-11 
172.4135625 5.511723e-11 
172.4136178 8.345094e-11 
175.1288041 1.149918e-10 
173.7711795 6.024872e-11 
175.128852 7.068832e-11 
173.7712358 9.803213e-11 
176.4864186 1.023135e-10 
176.4864682 7.60434e-11 
177.8440874 9.619461e-11 
179.2017013 9.191656e-11 
177.8441416 8.381433e-11 
179.2017562 8.189322e-11 
180.5593259 1.52195e-10 
180.5593714 9.015119e-11 
181.916937 1.352858e-10 
183.2746029 1.211923e-10 
181.9169839 8.174101e-11 
183.2746546 7.721983e-11 
184.6322127 1.061814e-10 
184.6322649 6.664629e-11 
185.9898366 1.505092e-10 
187.3474432 1.341749e-10 
185.9898793 9.457269e-11 
187.3474867 7.768325e-11 
188.7051051 1.187513e-10 
188.7051537 6.972646e-11 
191.4203333 1.47134e-10 
190.0627087 9.837961e-11 
191.4203707 8.506825e-11 
190.062759 6.095044e-11 
192.7779329 1.270915e-10 
192.7779718 6.702138e-11 
194.1355889 1.098518e-10 
195.4931839 8.114644e-11 
194.1356364 6.446731e-11 
195.4932388 6.461559e-11 
196.8508138 1.526358e-10 
196.8508431 6.586585e-11 
198.2083987 1.167504e-10 
199.5660488 9.043554e-11 
198.2084427 4.713302e-11 
199.5661127 5.127664e-11 
200.9236455 5.018764e-11 
200.923717 6.277954e-11 
202.2812578 1.538795e-10 
203.6388528 9.197917e-11 
202.2813187 3.33168e-11 
203.6389246 2.455875e-11 
204.9965143 5.085252e-11 
204.9965772 4.465124e-11 
108.6036047 2.286658e-09 
108.6038071 1.256981e-09 
111.3190642 1.768186e-09 
111.3192474 7.597606e-10 
114.0343313 2.067681e-09 
114.0345045 1.222217e-09 
116.7497718 1.562376e-09 
116.7499279 7.173671e-10 
119.4650445 1.59014e-09 
119.4651937 1.028317e-09 
122.1804657 1.126161e-09 
122.1805998 5.476438e-10 
124.8957373 9.854695e-10 
124.8958689 6.644294e-10 
127.6111391 6.260224e-10 
127.6112573 2.878825e-10 
130.3264056 5.322728e-10 
130.3265237 3.08413e-10 
133.041789 2.996867e-10 
133.0418948 9.429145e-11 
135.7570518 3.537065e-10 
135.7571562 1.220046e-10 
138.4724187 1.971059e-10 
138.4725116 3.106525e-11 
141.1876837 3.894081e-10 
141.1877709 8.016705e-11 
143.9030359 2.401704e-10 
143.9031132 2.070841e-11 
146.6183067 4.905112e-10 
146.6183754 1.117074e-10 
149.3336451 2.917111e-10 
149.3337071 2.716666e-11 
152.0489183 4.096935e-10 
152.048973 1.240439e-10 
154.7642427 1.870866e-10 
154.7642951 2.368866e-11 
157.4795103 1.733999e-10 
157.4795592 4.540692e-11 
160.1948212 3.903634e-11 
160.1948718 1.952979e-12 
162.9100777 4.49322e-11 
162.9101271 2.033947e-12 
165.6253772 1.493038e-11 
165.6254308 3.941663e-11 
168.3406237 4.12157e-11 
168.3406747 4.294903e-11 
171.0559152 4.498615e-11 
171.0559712 9.315628e-11 
173.7711559 7.773086e-11 
173.7712065 7.119732e-11 
176.4864416 7.641563e-11 
176.4864974 9.169361e-11 
179.2016791 1.232979e-10 
179.2017274 7.949098e-11 
181.9169586 1.025829e-10 
181.9170121 7.309568e-11 
184.6321919 1.375472e-10 
184.6322372 8.115753e-11 
187.347463 1.038098e-10 
187.347514 6.23395e-11 
190.0626904 1.302964e-10 
190.0627316 7.283209e-11 
192.7779491 9.11284e-11 
192.7780002 6.25421e-11 
195.4931697 1.231187e-10 
195.4932078 5.880723e-11 
198.2084136 6.739005e-11 
198.2084771 6.448672e-11 
200.9236194 1.078907e-10 
200.923681 3.400322e-11 
203.6388894 3.161224e-11 
203.6389597 6.379579e-11 
109.9613627 2.058629e-09 
108.6037071 1.801505e-09 
109.9615552 1.00762e-09 
108.6039052 7.548211e-10 
111.3189693 2.206658e-09 
111.3191565 1.25267e-09 
112.6766289 2.315084e-09 
114.0344193 1.694122e-09 
112.6768123 1.51161e-09 
114.0345884 7.508597e-10 
115.3920794 1.849626e-09 
115.3922439 9.700004e-10 
118.1073513 1.821916e-09 
116.7496901 1.859817e-09 
118.1075104 1.308368e-09 
116.7498505 1.150775e-09 
119.4651209 1.36824e-09 
119.4652652 6.503453e-10 
122.1803938 1.286248e-09 
120.8227825 1.3805e-09 
122.1805335 8.594302e-10 
120.8229243 7.803619e-10 
123.5380534 1.172023e-09 
123.5381945 8.941961e-10 
126.2534653 8.093415e-10 
124.8958053 8.671714e-10 
126.2535903 4.558761e-10 
124.8959307 4.198774e-10 
127.6110745 7.254331e-10 
127.6111991 4.718101e-10 
128.9687311 6.619892e-10 
130.326467 4.321267e-10 
128.9688584 4.532713e-10 
130.3265787 1.742833e-10 
131.6841243 4.107946e-10 
131.6842363 1.750785e-10 
134.3993863 4.442156e-10 
133.041731 4.110294e-10 
134.3994996 1.964063e-10 
133.0418426 1.91725e-10 
135.7571059 2.248916e-10 
135.7572055 5.011384e-11 
137.1147625 2.707201e-10 
138.4723691 3.507828e-10 
138.4724653 8.835583e-11 
137.114861 5.608144e-11 
139.8300264 4.665698e-10 
139.830122 1.295459e-10 
142.5453873 3.107406e-10 
141.1877284 2.064613e-10 
142.5454693 3.783416e-11 
141.1878138 2.365275e-11 
143.9029962 4.471428e-10 
143.903074 9.071436e-11 
145.2606576 5.922317e-10 
146.6183415 2.780774e-10 
145.2607331 1.693582e-10 
146.6184108 2.201686e-11 
147.9760036 3.866191e-10 
147.9760688 5.858752e-11 
150.6912776 5.448123e-10 
149.3336144 4.821697e-10 
150.6913367 1.99097e-10 
149.3336751 1.288426e-10 
152.0489458 2.595977e-10 
152.0490021 3.015934e-11 
154.7642173 2.928332e-10 
153.4066083 2.892541e-10 
154.764268 9.156399e-11 
153.406662 6.113258e-11 
156.1218779 2.81084e-10 
156.1219288 1.031372e-10 
158.8371934 9.325897e-11 
157.4795347 1.020956e-10 
158.8372437 1.060682e-11 
157.4795854 1.010304e-11 
160.1947971 8.763525e-11 
160.1948458 1.007802e-11 
161.5524525 9.124867e-11 
162.9101019 1.240211e-11 
161.5525019 8.476654e-12 
162.9101537 1.17213e-11 
164.2677548 2.006849e-11 
164.2678073 1.37629e-11 
166.9830038 5.69267e-11 
165.6253529 3.480799e-11 
166.9830537 2.426957e-11 
165.6254032 1.834916e-11 
168.340648 2.943544e-11 
168.3407031 7.173749e-11 
171.0558911 5.623498e-11 
169.6982966 3.834998e-11 
171.0559422 6.15686e-11 
169.6983516 6.92375e-11 
172.4135398 8.877279e-11 
172.4135888 5.91889e-11 
175.128826 7.514598e-11 
173.7711795 6.021553e-11 
175.128881 8.618962e-11 
173.7712358 9.79813e-11 
176.4864186 1.022799e-10 
176.4864682 7.606046e-11 
177.8440662 1.384923e-10 
179.2017013 9.190557e-11 
177.8441129 8.123326e-11 
179.2017562 8.187547e-11 
180.5593466 1.127681e-10 
180.5593995 8.045537e-11 
183.2745828 1.546862e-10 
181.916937 1.352133e-10 
183.2746271 9.501447e-11 
181.9169839 8.178305e-11 
184.6322127 1.06237e-10 
184.6322649 6.663158e-11 
187.3474432 1.34189e-10 
185.989856 1.219066e-10 
187.3474867 7.768754e-11 
185.9899061 7.347618e-11 
188.7050868 1.468684e-10 
188.7051274 9.072961e-11 
191.4203496 1.14873e-10 
190.0627087 9.840087e-11 
191.420397 6.711834e-11 
190.062759 6.094592e-11 
192.7779329 1.271673e-10 
192.7779718 6.698643e-11 
194.1355759 1.500782e-10 
195.4931839 8.112385e-11 
194.135609 7.734572e-11 
195.4932388 6.455702e-11 
196.8508219 1.019811e-10 
196.8508739 5.934128e-11 
199.5660435 1.534689e-10 
198.2083987 1.167896e-10 
198.2084427 4.712515e-11 
199.5660776 5.031048e-11 
200.9236455 5.013936e-11 
200.923717 6.270088e-11 
203.6388529 9.190805e-11 
202.2812826 7.308184e-11 
203.6389246 2.454304e-11 
202.2813545 4.392799e-11 
204.9964764 1.481574e-10 
204.9965446 1.853209e-11 
109.9612623 2.45172e-09 
109.96146 1.540188e-09 
112.6767224 1.985035e-09 
112.6769003 1.002496e-09 
115.3919922 2.103319e-09 
115.3921627 1.438865e-09 
118.1074331 1.644263e-09 
118.1075855 8.979879e-10 
120.8227053 1.498263e-09 
120.8228546 1.120568e-09 
123.5381267 1.089286e-09 
123.5382595 6.256872e-10 
126.2533954 8.830272e-10 
126.2535293 6.608635e-10 
128.9687977 5.761855e-10 
128.968916 2.982156e-10 
131.6840611 5.181769e-10 
131.6841818 2.962459e-10 
134.3994456 3.125393e-10 
134.3995511 9.655673e-11 
137.1147077 4.306537e-10 
137.1148127 1.448366e-10 
139.8300761 2.744209e-10 
139.8301667 3.993081e-11 
142.5453431 5.31561e-10 
142.5454285 1.413357e-10 
145.2606965 3.586141e-10 
145.2607698 4.542116e-11 
147.9759695 6.050034e-10 
147.9760359 1.963725e-10 
150.6913079 3.644872e-10 
150.6913663 6.787049e-11 
153.4065808 4.233815e-10 
153.4066347 1.644601e-10 
156.1219037 1.856123e-10 
156.1219547 3.739458e-11 
158.8371685 1.636933e-10 
158.837218 4.240427e-11 
161.552477 3.775199e-11 
161.552528 1.179196e-13 
164.2677306 6.085791e-11 
164.2677803 6.719627e-12 
166.9830277 2.509014e-11 
166.9830817 4.250651e-11 
169.6982733 6.793584e-11 
169.6983229 4.419737e-11 
172.4135625 5.511208e-11 
172.4136179 8.337914e-11 
175.1288041 1.149939e-10 
175.128852 7.071924e-11 
177.8440874 9.61097e-11 
177.8441416 8.382978e-11 
180.5593259 1.521055e-10 
180.5593714 9.025568e-11 
183.2746029 1.21159e-10 
183.2746546 7.724343e-11 
185.9898366 1.504231e-10 
185.9898793 9.467279e-11 
188.7051051 1.18802e-10 
188.7051537 6.972684e-11 
191.4203333 1.471226e-10 
191.4203707 8.509714e-11 
194.1355889 1.098893e-10 
194.1356364 6.443897e-11 
196.8508138 1.527252e-10 
196.8508431 6.586513e-11 
199.5660488 9.042379e-11 
199.5661127 5.12333e-11 
202.2812578 1.539651e-10 
202.2813187 3.329972e-11 
204.9965143 5.086346e-11 
204.9965772 4.460756e-11 
108.6036047 2.286721e-09 
109.9613627 2.058975e-09 
108.6038071 1.257212e-09 
109.9615552 1.00764e-09 
111.3190642 1.768557e-09 
111.3192474 7.597588e-10 
112.6766289 2.315214e-09 
114.0343313 2.067763e-09 
112.6768123 1.511789e-09 
114.0345045 1.222403e-09 
115.3920794 1.849683e-09 
115.3922439 9.701795e-10 
118.1073513 1.82188e-09 
116.7497718 1.562568e-09 
118.1075104 1.308457e-09 
116.7499279 7.174667e-10 
119.4650445 1.590191e-09 
119.4651937 1.028418e-09 
120.8227825 1.380386e-09 
122.1804657 1.126199e-09 
120.8229243 7.805704e-10 
122.1805998 5.477775e-10 
123.5380534 1.171829e-09 
123.5381945 8.943156e-10 
124.8957373 9.853841e-10 
126.2534653 8.092609e-10 
124.8958689 6.64532e-10 
126.2535903 4.559736e-10 
127.6111391 6.260347e-10 
127.6112573 2.879443e-10 
128.9687311 6.618782e-10 
130.3264056 5.322078e-10 
128.9688584 4.533685e-10 
130.3265237 3.08513e-10 
131.6841243 4.107594e-10 
131.6842363 1.751332e-10 
134.3993863 4.441057e-10 
133.041789 2.997019e-10 
134.3994996 1.964672e-10 
133.0418948 9.431587e-11 
135.7570518 3.535938e-10 
135.7571562 1.220703e-10 
137.1147625 2.706236e-10 
138.4724187 1.971134e-10 
137.114861 5.610305e-11 
138.4725116 3.105644e-11 
139.8300264 4.665417e-10 
139.830122 1.295999e-10 
141.1876837 3.8928e-10 
142.5453873 3.106007e-10 
141.1877709 8.021261e-11 
142.5454693 3.783726e-11 
143.9030359 2.401339e-10 
143.9031132 2.068852e-11 
145.2606576 5.923317e-10 
146.6183067 4.905327e-10 
145.260733 1.693152e-10 
146.6183754 1.116917e-10 
147.9760036 3.865957e-10 
147.9760688 5.857858e-11 
150.6912776 5.449765e-10 
149.333645 2.916627e-10 
150.6913367 1.989862e-10 
149.3337071 2.716245e-11 
152.0489183 4.097581e-10 
152.048973 1.239815e-10 
153.4066083 2.892152e-10 
154.7642427 1.870022e-10 
153.406662 6.1114e-11 
154.7642951 2.369826e-11 
156.1218779 2.81219e-10 
156.1219288 1.030669e-10 
157.4795103 1.734291e-10 
158.8371934 9.320567e-11 
157.4795592 4.539365e-11 
158.8372437 1.061178e-11 
160.1948212 3.898644e-11 
160.1948718 1.945475e-12 
161.5524525 9.125985e-11 
162.9100777 4.492258e-11 
161.5525019 8.47058e-12 
162.9101271 2.031515e-12 
164.2677548 2.004734e-11 
164.2678073 1.373423e-11 
166.9830038 5.694295e-11 
165.6253772 1.492289e-11 
166.9830538 2.424694e-11 
165.6254308 3.935514e-11 
168.3406237 4.12326e-11 
168.3406747 4.28906e-11 
169.6982966 3.83435e-11 
171.0559152 4.496786e-11 
169.6983516 6.915681e-11 
171.0559712 9.306715e-11 
172.4135398 8.877056e-11 
172.4135888 5.91827e-11 
173.7711559 7.769881e-11 
175.128826 7.507274e-11 
173.7712065 7.11981e-11 
175.128881 8.618299e-11 
176.4864416 7.638483e-11 
176.4864974 9.164899e-11 
177.8440662 1.384168e-10 
179.2016791 1.231781e-10 
177.8441129 8.129026e-11 
179.2017274 7.955521e-11 
180.5593466 1.126945e-10 
180.5593995 8.049438e-11 
183.2745828 1.545405e-10 
181.9169586 1.026405e-10 
183.2746271 9.512666e-11 
181.9170121 7.305296e-11 
184.6321919 1.374609e-10 
184.6322373 8.121661e-11 
185.989856 1.219027e-10 
187.347463 1.038906e-10 
185.9899061 7.349908e-11 
187.347514 6.231092e-11 
188.7050868 1.467505e-10 
188.7051274 9.081628e-11 
190.0626904 1.30306e-10 
191.4203496 1.148795e-10 
190.0627316 7.282844e-11 
191.420397 6.711337e-11 
192.7779491 9.113872e-11 
192.7780002 6.250847e-11 
194.1355759 1.500475e-10 
195.4931697 1.231651e-10 
194.135609 7.736954e-11 
195.4932078 5.877309e-11 
196.8508219 1.01978e-10 
196.8508739 5.929459e-11 
199.5660435 1.535413e-10 
198.2084136 6.736423e-11 
199.5660776 5.031664e-11 
198.2084771 6.440194e-11 
200.9236194 1.079146e-10 
200.923681 3.400592e-11 
202.2812826 7.306018e-11 
203.6388894 3.155678e-11 
202.2813545 4.390662e-11 
203.6389597 6.376549e-11 
204.9964764 1.482107e-10 
204.9965446 1.849662e-11 
108.6037071 1.801899e-09 
108.6039052 7.548016e-10 
111.3189693 2.206844e-09 
111.3191565 1.252757e-09 
114.0344193 1.694256e-09 
114.0345884 7.509786e-10 
116.7496901 1.85977e-09 
116.7498505 1.150987e-09 
119.4651209 1.368145e-09 
119.4652652 6.505564e-10 
122.1803938 1.286094e-09 
122.1805335 8.595624e-10 
124.8958053 8.672637e-10 
124.8959307 4.19977e-10 
127.6110745 7.252511e-10 
127.6111991 4.718577e-10 
130.326467 4.322311e-10 
130.3265787 1.742602e-10 
133.041731 4.10894e-10 
133.0418426 1.91812e-10 
135.7571059 2.249013e-10 
135.7572055 5.009351e-11 
138.4723691 3.506123e-10 
138.4724653 8.842868e-11 
141.1877284 2.064316e-10 
141.1878138 2.36342e-11 
143.9029962 4.47058e-10 
143.903074 9.072795e-11 
146.6183415 2.779911e-10 
146.6184108 2.199857e-11 
149.3336144 4.822919e-10 
149.3336751 1.287386e-10 
152.0489458 2.59526e-10 
152.0490021 3.014207e-11 
154.7642173 2.92882e-10 
154.764268 9.146133e-11 
157.4795347 1.020493e-10 
157.4795854 1.009267e-11 
160.1947971 8.76067e-11 
160.1948458 1.007154e-11 
162.9101019 1.238857e-11 
162.9101537 1.172634e-11 
165.6253529 3.478541e-11 
165.6254032 1.833832e-11 
168.340648 2.942301e-11 
168.3407031 7.170485e-11 
171.0558911 5.619821e-11 
171.0559422 6.154914e-11 
173.7711795 6.020067e-11 
173.7712358 9.792492e-11 
176.4864186 1.021777e-10 
176.4864682 7.610763e-11 
179.2017013 9.192566e-11 
179.2017562 8.182314e-11 
181.916937 1.350971e-10 
181.9169839 8.185875e-11 
184.6322127 1.063224e-10 
184.6322649 6.659078e-11 
187.3474432 1.34111e-10 
187.3474867 7.773149e-11 
190.0627087 9.845924e-11 
190.062759 6.090946e-11 
192.7779329 1.27138e-10 
192.7779718 6.698156e-11 
195.4931839 8.113449e-11 
195.4932388 6.45059e-11 
198.2083987 1.167968e-10 
198.2084427 4.71269e-11 
200.9236455 5.011414e-11 
200.923717 6.26878e-11 
203.6388529 9.193913e-11 
203.6389246 2.453091e-11 
109.9612622 2.451894e-09 
108.6036047 2.287166e-09 
109.96146 1.540257e-09 
108.6038071 1.25709e-09 
111.3190642 1.76866e-09 
111.3192474 7.598332e-10 
114.0343313 2.067798e-09 
112.6767224 1.98516e-09 
114.0345045 1.222453e-09 
112.6769003 1.00258e-09 
115.3919922 2.103486e-09 
115.3921627 1.438917e-09 
118.1074331 1.643973e-09 
116.7497718 1.562348e-09 
118.1075855 8.983028e-10 
116.7499279 7.176762e-10 
119.4650445 1.589915e-09 
119.4651937 1.028633e-09 
120.8227053 1.498032e-09 
122.1804657 1.126129e-09 
120.8228546 1.120634e-09 
122.1805998 5.479169e-10 
123.5381267 1.089245e-09 
123.5382595 6.25825e-10 
126.2533954 8.826575e-10 
124.8957373 9.851875e-10 
126.2535293 6.60983e-10 
124.8958689 6.645571e-10 
127.6111391 6.262221e-10 
127.6112573 2.879191e-10 
130.3264056 5.320392e-10 
128.9687977 5.762219e-10 
130.3265237 3.085105e-10 
128.968916 2.981704e-10 
131.6840611 5.180173e-10 
131.6841818 2.963574e-10 
134.3994456 3.124812e-10 
133.041789 2.997784e-10 
134.3995511 9.65503e-11 
133.0418948 9.425032e-11 
135.7570519 3.534476e-10 
135.7571562 1.221456e-10 
137.1147077 4.305444e-10 
138.4724187 1.970872e-10 
137.1148127 1.44904e-10 
138.4725116 3.103324e-11 
139.8300761 2.74298e-10 
139.8301667 3.993198e-11 
142.5453431 5.316151e-10 
141.1876837 3.891619e-10 
142.5454285 1.413475e-10 
141.1877709 8.025237e-11 
143.9030359 2.400697e-10 
143.9031132 2.067962e-11 
146.6183067 4.905647e-10 
145.2606965 3.585226e-10 
146.6183754 1.116313e-10 
145.2607698 4.540064e-11 
147.9759695 6.052151e-10 
147.9760359 1.962643e-10 
150.6913079 3.645318e-10 
149.333645 2.915732e-10 
150.6913663 6.779257e-11 
149.3337071 2.713794e-11 
152.0489183 4.098729e-10 
152.048973 1.2384e-10 
153.4065808 4.235361e-10 
154.7642427 1.86984e-10 
153.4066347 1.643536e-10 
154.7642951 2.366077e-11 
156.1219037 1.856046e-10 
156.1219547 3.732249e-11 
158.8371685 1.637192e-10 
157.4795103 1.734026e-10 
158.837218 4.238709e-11 
157.4795592 4.532613e-11 
160.1948212 3.899713e-11 
160.1948718 1.95545e-12 
162.9100777 4.487588e-11 
161.552477 3.772456e-11 
162.9101271 2.039915e-12 
161.552528 1.19059e-13 
164.2677306 6.081617e-11 
164.2677803 6.71115e-12 
166.9830277 2.506217e-11 
165.6253772 1.490974e-11 
166.9830817 4.24933e-11 
165.6254308 3.940532e-11 
168.3406237 4.118612e-11 
168.3406747 4.290396e-11 
169.6982733 6.791827e-11 
171.0559152 4.49693e-11 
169.698323 4.416732e-11 
171.0559712 9.306866e-11 
172.4135625 5.506202e-11 
172.4136178 8.336113e-11 
175.1288041 1.149249e-10 
173.7711559 7.761108e-11 
175.128852 7.07239e-11 
173.7712065 7.122177e-11 
176.4864416 7.639706e-11 
176.4864974 9.161184e-11 
179.201679 1.231162e-10 
177.8440874 9.605385e-11 
179.2017274 7.959604e-11 
177.8441416 8.385608e-11 
180.5593259 1.520095e-10 
180.5593714 9.03028e-11 
183.2746029 1.211194e-10 
181.9169586 1.026829e-10 
183.2746546 7.728137e-11 
181.9170121 7.301225e-11 
184.6321919 1.37379e-10 
184.6322373 8.127369e-11 
185.9898366 1.503076e-10 
187.347463 1.039357e-10 
185.9898793 9.474931e-11 
187.347514 6.228477e-11 
188.7051051 1.187818e-10 
188.7051537 6.97384e-11 
191.4203333 1.469849e-10 
190.0626904 1.302238e-10 
191.4203707 8.515564e-11 
190.0627316 7.284966e-11 
192.7779491 9.119322e-11 
192.7780002 6.247163e-11 
195.4931697 1.231168e-10 
194.1355889 1.09888e-10 
195.4932078 5.877838e-11 
194.1356364 6.442024e-11 
196.8508138 1.526695e-10 
196.8508431 6.589525e-11 
199.5660488 9.043922e-11 
198.2084136 6.73797e-11 
199.5661127 5.12393e-11 
198.2084771 6.440857e-11 
200.9236194 1.079519e-10 
200.923681 3.401601e-11 
202.2812578 1.539822e-10 
203.6388894 3.155722e-11 
202.2813187 3.331766e-11 
203.6389597 6.379179e-11 
204.9965143 5.089975e-11 
204.9965772 4.456644e-11 
109.9613627 2.059277e-09 
109.9615552 1.007559e-09 
112.6766289 2.315424e-09 
112.6768123 1.511664e-09 
115.3920794 1.849404e-09 
115.3922439 9.703806e-10 
118.1073513 1.82185e-09 
118.1075104 1.308464e-09 
120.8227825 1.380144e-09 
120.8229243 7.807836e-10 
123.5380535 1.171457e-09 
123.5381945 8.94362e-10 
126.2534653 8.094046e-10 
126.2535903 4.55906e-10 
128.9687311 6.615657e-10 
128.9688584 4.534579e-10 
131.6841243 4.107931e-10 
131.6842363 1.750239e-10 
134.3993863 4.440039e-10 
134.3994996 1.965533e-10 
137.1147625 2.705556e-10 
137.114861 5.608398e-11 
139.8300264 4.664974e-10 
139.830122 1.296255e-10 
142.5453873 3.105359e-10 
142.5454693 3.782796e-11 
145.2606576 5.924737e-10 
145.260733 1.692736e-10 
147.9760036 3.865972e-10 
147.9760688 5.850871e-11 
150.6912776 5.451554e-10 
150.6913367 1.988939e-10 
153.4066083 2.892999e-10 
153.406662 6.098457e-11 
156.1218779 2.812254e-10 
156.1219288 1.030364e-10 
158.8371934 9.322587e-11 
158.8372437 1.055998e-11 
161.5524525 9.120682e-11 
161.5525019 8.477608e-12 
164.2677548 2.001803e-11 
164.2678073 1.376682e-11 
166.9830038 5.688392e-11 
166.9830538 2.42271e-11 
169.6982966 3.830328e-11 
169.6983516 6.919496e-11 
172.4135398 8.870255e-11 
172.4135888 5.916865e-11 
175.128826 7.50363e-11 
175.128881 8.620309e-11 
177.8440662 1.383694e-10 
177.8441129 8.126847e-11 
180.5593466 1.127005e-10 
180.5593995 8.051385e-11 
183.2745828 1.544944e-10 
183.2746271 9.512061e-11 
185.989856 1.218584e-10 
185.9899061 7.352173e-11 
188.7050868 1.46647e-10 
188.7051274 9.084211e-11 
191.4203496 1.14838e-10 
191.420397 6.710607e-11 
194.1355759 1.499279e-10 
194.135609 7.740163e-11 
196.8508219 1.019669e-10 
196.8508739 5.930196e-11 
199.5660435 1.534913e-10 
199.5660776 5.034372e-11 
202.2812826 7.311544e-11 
202.2813545 4.393748e-11 
204.9964764 1.483511e-10 
204.9965446 1.849876e-11 
109.9612622 2.452111e-09 
108.6037071 1.801909e-09 
109.96146 1.539978e-09 
108.6039052 7.54789e-10 
111.3189693 2.207131e-09 
111.3191565 1.25256e-09 
112.6767224 1.985046e-09 
114.0344193 1.693957e-09 
112.6769003 1.002604e-09 
114.0345884 7.511316e-10 
115.3919922 2.103529e-09 
115.3921627 1.438738e-09 
116.7496901 1.859552e-09 
118.1074331 1.643696e-09 
116.7498505 1.151045e-09 
118.1075855 8.984184e-10 
119.4651209 1.36793e-09 
119.4652652 6.506777e-10 
120.8227053 1.497847e-09 
122.1803938 1.285798e-09 
120.8228546 1.120638e-09 
122.1805335 8.596461e-10 
123.5381267 1.089252e-09 
123.5382595 6.257855e-10 
126.2533954 8.824253e-10 
124.8958053 8.673333e-10 
126.2535293 6.609879e-10 
124.8959307 4.199472e-10 
127.6110745 7.25166e-10 
127.6111991 4.717876e-10 
128.9687977 5.763772e-10 
130.326467 4.323589e-10 
128.968916 2.980195e-10 
130.3265787 1.741812e-10 
131.6840611 5.178681e-10 
131.6841818 2.963858e-10 
134.3994456 3.12502e-10 
133.0417311 4.107903e-10 
133.0418426 1.91792e-10 
134.3995511 9.646367e-11 
135.7571059 2.249252e-10 
135.7572055 5.004562e-11 
137.1147077 4.305212e-10 
138.4723691 3.505385e-10 
137.1148127 1.44935e-10 
138.4724653 8.846597e-11 
139.8300761 2.742886e-10 
139.8301667 3.992026e-11 
142.5453431 5.31632e-10 
141.1877284 2.063827e-10 
142.5454285 1.413261e-10 
141.1878138 2.363198e-11 
143.9029962 4.470549e-10 
143.903074 9.071082e-11 
145.2606965 3.585454e-10 
146.6183415 2.779382e-10 
145.2607698 4.537136e-11 
146.6184108 2.199443e-11 
147.9759695 6.05322e-10 
147.9760359 1.962493e-10 
149.3336144 4.823428e-10 
150.6913079 3.645799e-10 
149.3336751 1.286572e-10 
150.6913663 6.769214e-11 
152.0489458 2.594964e-10 
152.0490021 3.010348e-11 
153.4065808 4.235399e-10 
154.7642173 2.929091e-10 
153.4066346 1.643391e-10 
154.764268 9.136809e-11 
156.1219037 1.857113e-10 
156.1219547 3.72216e-11 
158.8371685 1.636354e-10 
157.4795347 1.021077e-10 
158.837218 4.240655e-11 
157.4795854 1.006623e-11 
160.1947971 8.756209e-11 
160.1948458 1.005025e-11 
161.552477 3.774017e-11 
162.9101019 1.23991e-11 
161.552528 1.244556e-13 
162.9101537 1.179066e-11 
164.2677306 6.075089e-11 
164.2677803 6.704555e-12 
165.6253529 3.47339e-11 
166.9830277 2.502844e-11 
165.6254032 1.836641e-11 
166.9830817 4.257255e-11 
168.340648 2.942473e-11 
168.3407031 7.179265e-11 
169.6982733 6.784599e-11 
171.0558911 5.61317e-11 
169.6983229 4.416706e-11 
171.0559422 6.15932e-11 
172.4135625 5.504697e-11 
172.4136178 8.341794e-11 
175.1288041 1.148852e-10 
173.7711795 6.022912e-11 
175.128852 7.069251e-11 
173.7712358 9.793402e-11 
176.4864186 1.02144e-10 
176.4864682 7.611886e-11 
177.8440874 9.609399e-11 
179.2017013 9.194484e-11 
177.8441416 8.386291e-11 
179.2017562 8.181317e-11 
180.5593259 1.520451e-10 
180.5593714 9.023081e-11 
181.916937 1.351099e-10 
183.2746029 1.211297e-10 
181.9169839 8.186385e-11 
183.2746546 7.727761e-11 
184.6322127 1.06315e-10 
184.6322649 6.65795e-11 
185.9898366 1.503109e-10 
187.3474432 1.34039e-10 
185.9898793 9.469514e-11 
187.3474867 7.775494e-11 
188.7051051 1.187239e-10 
188.7051537 6.974515e-11 
191.4203333 1.469189e-10 
190.0627087 9.847987e-11 
191.4203707 8.516112e-11 
190.062759 6.089073e-11 
192.7779329 1.27044e-10 
192.7779718 6.701225e-11 
194.1355889 1.098474e-10 
195.4931839 8.116282e-11 
194.1356364 6.443778e-11 
195.4932388 6.453238e-11 
196.8508138 1.525473e-10 
196.8508431 6.59154e-11 
198.2083987 1.167647e-10 
199.5660488 9.045978e-11 
198.2084427 4.713634e-11 
199.5661127 5.128674e-11 
200.9236455 5.014611e-11 
200.923717 6.275858e-11 
202.2812578 1.539046e-10 
203.6388528 9.202574e-11 
202.2813187 3.334543e-11 
203.6389246 2.453905e-11 
204.9965143 5.091304e-11 
204.9965772 4.458437e-11 
108.6036047 2.287317e-09 
108.6038071 1.256805e-09 
111.3190642 1.768309e-09 
111.3192474 7.598721e-10 
114.0343313 2.067824e-09 
114.0345045 1.222301e-09 
116.7497718 1.562027e-09 
116.7499279 7.177441e-10 
119.4650445 1.589674e-09 
119.4651937 1.028605e-09 
122.1804657 1.126118e-09 
122.1805998 5.478521e-10 
124.8957373 9.850791e-10 
124.8958689 6.645126e-10 
127.6111391 6.262583e-10 
127.6112573 2.878236e-10 
130.3264056 5.320807e-10 
130.3265237 3.084192e-10 
133.041789 2.998154e-10 
133.0418948 9.420359e-11 
135.7570519 3.534426e-10 
135.7571562 1.221011e-10 
138.4724187 1.970915e-10 
138.4725116 3.102364e-11 
141.1876837 3.892002e-10 
141.1877709 8.02455e-11 
143.9030359 2.40036e-10 
143.9031132 2.069311e-11 
146.6183067 4.905963e-10 
146.6183753 1.116068e-10 
149.333645 2.91583e-10 
149.3337071 2.712954e-11 
152.0489183 4.098395e-10 
152.048973 1.238169e-10 
154.7642427 1.870446e-10 
154.7642951 2.362624e-11 
157.4795103 1.733962e-10 
157.4795592 4.529731e-11 
160.1948212 3.905461e-11 
160.1948718 1.969054e-12 
162.9100777 4.48461e-11 
162.9101271 2.048181e-12 
165.6253772 1.491161e-11 
165.6254308 3.950454e-11 
168.3406237 4.113382e-11 
168.3406747 4.296223e-11 
171.0559152 4.499403e-11 
171.0559712 9.31569e-11 
173.7711559 7.760745e-11 
173.7712065 7.123811e-11 
176.4864416 7.642872e-11 
176.4864974 9.162845e-11 
179.2016791 1.231872e-10 
179.2017274 7.956163e-11 
181.9169586 1.026561e-10 
181.9170121 7.303143e-11 
184.6321919 1.374108e-10 
184.6322372 8.124567e-11 
187.347463 1.038841e-10 
187.347514 6.229744e-11 
190.0626904 1.301723e-10 
190.0627316 7.286647e-11 
192.7779491 9.121374e-11 
192.7780002 6.248201e-11 
195.4931697 1.230386e-10 
195.4932078 5.881661e-11 
198.2084136 6.741588e-11 
198.2084771 6.449772e-11 
200.9236194 1.079495e-10 
200.923681 3.40191e-11 
203.6388894 3.161275e-11 
203.6389597 6.383864e-11 
109.9613627 2.059052e-09 
108.6037071 1.801581e-09 
109.9615552 1.007491e-09 
108.6039052 7.548017e-10 
111.3189693 2.207039e-09 
111.3191565 1.252352e-09 
112.6766289 2.315522e-09 
114.0344193 1.693612e-09 
112.6768123 1.511379e-09 
114.0345884 7.51086e-10 
115.3920794 1.849241e-09 
115.3922439 9.703602e-10 
118.1073513 1.821756e-09 
116.7496901 1.859542e-09 
116.7498505 1.150901e-09 
118.1075104 1.308328e-09 
119.4651209 1.367859e-09 
119.4652652 6.505685e-10 
122.1803938 1.285781e-09 
120.8227825 1.380155e-09 
122.1805335 8.595197e-10 
120.8229243 7.806637e-10 
123.5380535 1.171417e-09 
123.5381945 8.943446e-10 
126.2534653 8.094674e-10 
124.8958053 8.673491e-10 
126.2535903 4.557666e-10 
124.8959307 4.198247e-10 
127.6110745 7.25224e-10 
127.6111991 4.717188e-10 
128.9687311 6.615723e-10 
130.326467 4.322959e-10 
128.9688584 4.533993e-10 
130.3265787 1.741403e-10 
131.6841243 4.108999e-10 
131.6842363 1.749251e-10 
134.3993863 4.439703e-10 
133.041731 4.109251e-10 
134.3994996 1.965192e-10 
133.0418426 1.917004e-10 
135.7571059 2.249347e-10 
135.7572055 5.004619e-11 
137.1147625 2.706203e-10 
138.4723691 3.506337e-10 
138.4724653 8.839977e-11 
137.114861 5.603853e-11 
139.8300264 4.665371e-10 
139.830122 1.296117e-10 
142.5453873 3.105967e-10 
141.1877284 2.064e-10 
142.5454693 3.782204e-11 
141.1878138 2.364706e-11 
143.9029962 4.471326e-10 
143.903074 9.070356e-11 
145.2606576 5.924529e-10 
146.6183415 2.779616e-10 
145.260733 1.692766e-10 
146.6184108 2.201021e-11 
147.9760036 3.866551e-10 
147.9760688 5.847595e-11 
150.6912776 5.450856e-10 
149.3336144 4.822863e-10 
149.3336751 1.286987e-10 
150.6913367 1.989554e-10 
152.0489458 2.595839e-10 
152.0490021 3.009932e-11 
154.7642173 2.928402e-10 
153.4066083 2.893629e-10 
154.764268 9.1414e-11 
153.4066619 6.092169e-11 
156.1218779 2.811274e-10 
156.1219288 1.030812e-10 
158.8371934 9.330821e-11 
157.4795347 1.021734e-10 
158.8372437 1.052497e-11 
157.4795854 1.005799e-11 
160.1947971 8.758543e-11 
160.1948458 1.00468e-11 
161.5524525 9.114312e-11 
162.9101019 1.241987e-11 
161.5525019 8.487819e-12 
162.9101537 1.182307e-11 
164.2677548 2.001616e-11 
164.2678073 1.382005e-11 
166.9830038 5.682726e-11 
165.6253529 3.471241e-11 
166.9830537 2.423496e-11 
165.6254032 1.839829e-11 
168.340648 2.944087e-11 
168.3407031 7.18831e-11 
171.0558911 5.613675e-11 
169.6982966 3.829464e-11 
171.0559422 6.163266e-11 
169.6983516 6.929302e-11 
172.4135398 8.866495e-11 
172.4135888 5.916437e-11 
175.1288261 7.508606e-11 
173.7711795 6.025494e-11 
175.128881 8.622303e-11 
173.7712358 9.799783e-11 
176.4864186 1.022341e-10 
176.4864682 7.608381e-11 
177.8440662 1.384309e-10 
179.2017013 9.193999e-11 
177.8441129 8.120413e-11 
179.2017562 8.185446e-11 
180.5593466 1.127672e-10 
180.5593995 8.048655e-11 
183.2745828 1.545895e-10 
181.916937 1.352129e-10 
183.2746271 9.500683e-11 
181.9169839 8.179051e-11 
184.6322127 1.062331e-10 
184.6322649 6.661497e-11 
187.3474432 1.340865e-10 
185.989856 1.218505e-10 
187.3474867 7.772279e-11 
185.9899061 7.351141e-11 
188.7050868 1.467029e-10 
188.7051274 9.076474e-11 
191.4203496 1.148034e-10 
190.0627087 9.84268e-11 
191.420397 6.710835e-11 
190.062759 6.091583e-11 
192.7779329 1.270178e-10 
192.7779718 6.703813e-11 
194.1355759 1.498957e-10 
195.4931839 8.116982e-11 
194.135609 7.739862e-11 
195.4932388 6.460052e-11 
196.8508219 1.019616e-10 
196.8508739 5.935362e-11 
199.5660435 1.533789e-10 
198.2083987 1.167328e-10 
199.5660776 5.035367e-11 
198.2084427 4.714014e-11 
200.9236455 5.019233e-11 
200.923717 6.28154e-11 
203.6388528 9.205263e-11 
202.2812826 7.317464e-11 
203.6389246 2.455617e-11 
202.2813545 4.39782e-11 
204.9964764 1.483834e-10 
204.9965446 1.853522e-11 
109.9612622 2.452016e-09 
109.96146 1.539766e-09 
112.6767224 1.984778e-09 
112.6769003 1.00252e-09 
115.3919922 2.103524e-09 
115.3921627 1.438588e-09 
118.1074331 1.643827e-09 
118.1075855 8.982126e-10 
120.8227053 1.4979e-09 
120.8228546 1.120521e-09 
123.5381267 1.089358e-09 
123.5382595 6.255975e-10 
126.2533954 8.826256e-10 
126.2535293 6.609228e-10 
128.9687977 5.76366e-10 
128.968916 2.97963e-10 
131.6840611 5.179966e-10 
131.6841818 2.962833e-10 
134.3994456 3.126156e-10 
134.3995511 9.64322e-11 
137.1147077 4.305473e-10 
137.1148127 1.448695e-10 
139.8300761 2.743962e-10 
139.8301667 3.990337e-11 
142.5453431 5.316566e-10 
142.5454285 1.413287e-10 
145.2606965 3.586232e-10 
145.2607698 4.537851e-11 
147.9759695 6.051386e-10 
147.9760359 1.963212e-10 
150.6913079 3.646225e-10 
150.6913663 6.770803e-11 
153.4065808 4.233723e-10 
153.4066347 1.6445e-10 
156.1219037 1.857419e-10 
156.1219547 3.722697e-11 
158.8371685 1.635944e-10 
158.837218 4.243784e-11 
161.552477 3.778648e-11 
161.552528 1.263323e-13 
164.2677306 6.07268e-11 
164.2677803 6.709483e-12 
166.9830277 2.503785e-11 
166.9830817 4.264039e-11 
169.6982733 6.783019e-11 
169.6983229 4.419025e-11 
172.4135625 5.508345e-11 
172.4136178 8.347064e-11 
175.1288041 1.149327e-10 
175.128852 7.067155e-11 
177.8440874 9.617609e-11 
177.8441416 8.383708e-11 
180.5593259 1.521562e-10 
180.5593714 9.014133e-11 
183.2746029 1.211783e-10 
183.2746546 7.723909e-11 
185.9898366 1.504281e-10 
185.9898793 9.458272e-11 
188.7051051 1.187082e-10 
188.7051537 6.973862e-11 
191.4203333 1.470179e-10 
191.4203707 8.510622e-11 
194.1355889 1.098224e-10 
194.1356364 6.446735e-11 
196.8508138 1.525255e-10 
196.8508431 6.589778e-11 
199.5660488 9.045983e-11 
199.5661127 5.131013e-11 
202.2812578 1.538394e-10 
202.2813187 3.334441e-11 
204.9965143 5.088421e-11 
204.9965772 4.463685e-11 
