# c_kinat vs. Position.Y (3040 data points):
# Position.Y c_kinat
-0.0082963 3.528745e-10 
1.349438 3.294763e-10 
1.3497378 2.405072e-10 
-0.0079903 3.231929e-10 
2.7068237 2.856657e-10 
2.7071464 2.969122e-10 
4.064579 2.82105e-10 
5.4222898 2.621692e-10 
4.0648948 2.411159e-10 
5.4226027 1.826397e-10 
6.7800429 2.244357e-10 
6.7803506 1.290079e-10 
8.1374246 2.067555e-10 
9.4951827 1.878508e-10 
8.1377539 1.861939e-10 
9.4955061 1.501762e-10 
10.8528975 1.693218e-10 
10.853218 1.236233e-10 
13.568035 1.345679e-10 
12.2106543 1.531939e-10 
13.5683694 1.446668e-10 
12.2109693 1.070627e-10 
14.9257966 1.362159e-10 
14.9261248 1.439187e-10 
16.2835151 1.445676e-10 
17.6412747 1.621706e-10 
16.2838396 1.512503e-10 
17.6415926 1.676503e-10 
18.998657 1.258351e-10 
18.9989921 1.884874e-10 
20.3564205 1.575677e-10 
21.7141406 1.987679e-10 
20.3567489 2.245551e-10 
21.7144643 2.673488e-10 
24.4292866 1.838919e-10 
23.0719009 2.521331e-10 
24.4296187 3.116746e-10 
23.0722173 3.156635e-10 
25.78705 2.44626e-10 
25.7873752 3.746564e-10 
27.1447701 3.104275e-10 
28.50253 3.795585e-10 
28.5028424 4.944476e-10 
27.1450901 4.361438e-10 
29.8599194 2.692039e-10 
29.8602474 4.464338e-10 
31.2176825 3.314055e-10 
32.5754024 3.936502e-10 
31.2180033 5.11484e-10 
32.5757175 5.80272e-10 
33.933162 4.585431e-10 
33.9334686 6.524236e-10 
36.6483188 3.532608e-10 
35.2905555 2.983066e-10 
35.2908789 5.309822e-10 
36.648634 6.148484e-10 
38.0060385 4.215502e-10 
38.0063465 7.218365e-10 
40.7211962 2.845954e-10 
39.3637975 5.099036e-10 
40.7215128 6.282004e-10 
39.3640954 8.47563e-10 
42.0789592 3.665876e-10 
42.0792655 7.742946e-10 
43.4366774 4.834297e-10 
44.7944339 6.359298e-10 
44.7947197 1.134282e-09 
43.4369746 9.518448e-10 
46.1518399 3.200942e-10 
46.1521456 8.266029e-10 
47.5096004 4.623292e-10 
48.867315 6.462329e-10 
47.5098943 1.028831e-09 
48.867599 1.229196e-09 
50.2250674 8.498425e-10 
50.2253406 1.385708e-09 
52.9402384 6.267316e-10 
51.582482 4.418244e-10 
51.5827747 1.057694e-09 
52.9405198 1.227271e-09 
54.2979486 8.218308e-10 
54.2982212 1.344833e-09 
57.0131202 5.550357e-10 
55.6556975 9.87973e-10 
57.0134018 1.110347e-09 
55.6559614 1.390551e-09 
58.3708733 7.015231e-10 
58.3711456 1.172393e-09 
59.7285808 8.153384e-10 
61.0863286 8.864855e-10 
61.0865874 1.149667e-09 
59.7288461 1.180415e-09 
62.4437574 5.032191e-10 
62.4440321 9.121038e-10 
63.8015097 5.716431e-10 
65.1592167 6.053144e-10 
63.8017771 9.119109e-10 
65.1594781 8.87611e-10 
66.5169657 6.303185e-10 
66.5172211 8.678943e-10 
69.2321527 3.496505e-10 
67.8743991 3.156072e-10 
67.8746696 6.352842e-10 
69.2324162 6.500139e-10 
70.5898599 3.709956e-10 
70.5901171 6.568759e-10 
73.3050484 1.504393e-10 
71.9476103 4.071788e-10 
73.3053138 4.408859e-10 
71.947861 6.809078e-10 
74.6628031 1.885495e-10 
74.6630608 4.898314e-10 
76.0205096 2.287218e-10 
77.3782599 2.860552e-10 
77.3785028 5.994655e-10 
76.02076 5.404719e-10 
78.7357041 7.087243e-11 
78.7359613 3.503582e-10 
80.0934581 1.138133e-10 
81.451162 1.703891e-10 
80.0937067 4.237774e-10 
81.4514028 5.016235e-10 
82.8089103 2.391003e-10 
82.8091431 5.767147e-10 
85.5241136 8.645835e-11 
84.1663622 4.368981e-11 
84.1666081 3.20539e-10 
85.5243506 4.037289e-10 
86.8818134 1.503667e-10 
86.8820427 4.928798e-10 
89.5970192 3.295354e-11 
88.2395583 2.232604e-10 
89.5972518 3.113284e-10 
88.2397799 5.698816e-10 
90.9547665 7.623256e-11 
90.9549909 3.956399e-10 
92.3124616 1.423685e-10 
93.6702025 2.163717e-10 
93.670413 5.601259e-10 
92.3126789 4.854702e-10 
95.0276726 2.765589e-11 
95.0278916 3.03916e-10 
96.3854154 7.202503e-11 
97.7431057 1.376937e-10 
96.3856273 3.878412e-10 
97.7433112 4.744218e-10 
99.1008427 2.126117e-10 
99.1010424 5.500376e-10 
101.8160604 7.147797e-11 
100.458322 2.567096e-11 
100.4585275 2.981094e-10 
101.8162599 3.837656e-10 
103.1737458 1.36237e-10 
103.1739397 4.697441e-10 
105.8889672 2.600867e-11 
104.5314791 2.142024e-10 
105.8891594 2.995097e-10 
104.5316681 5.495617e-10 
107.2467014 7.42123e-11 
107.2468887 3.905777e-10 
1.3492783 3.128077e-10 
-0.00846 3.085251e-10 
-0.00814 3.593906e-10 
1.3495908 3.045826e-10 
2.7069886 3.114428e-10 
2.7072977 2.438597e-10 
5.4221235 2.52551e-10 
4.0647403 2.800758e-10 
5.4224493 2.367921e-10 
4.0650437 1.738589e-10 
6.7798799 2.349639e-10 
6.7801995 1.859018e-10 
8.1375925 2.096605e-10 
9.4953474 1.795417e-10 
8.1379095 1.417808e-10 
9.4956592 1.074673e-10 
10.8527283 1.640614e-10 
10.8530606 1.547957e-10 
12.2104882 1.534706e-10 
13.5682051 1.471272e-10 
12.2108146 1.362466e-10 
13.5685282 1.268629e-10 
14.9259635 1.472806e-10 
14.9262806 1.265423e-10 
16.2833447 1.215505e-10 
17.6411075 1.375525e-10 
16.2836801 1.558673e-10 
17.6414364 1.73141e-10 
18.9988271 1.619451e-10 
18.9991517 1.982417e-10 
21.7139712 1.472492e-10 
20.3565873 1.976615e-10 
21.7143051 2.423366e-10 
20.3569049 2.322616e-10 
23.0717348 1.949077e-10 
24.429455 2.51734e-10 
23.0720618 2.953007e-10 
24.4297771 3.509481e-10 
25.7872151 3.174041e-10 
25.7875297 4.069712e-10 
27.1446027 2.287854e-10 
28.5023659 2.946215e-10 
27.1449328 3.840951e-10 
28.502689 4.492606e-10 
29.8600858 3.607444e-10 
29.8604036 5.130837e-10 
32.5752369 2.930972e-10 
31.2178456 4.269272e-10 
32.5755627 4.940598e-10 
31.2181553 5.75119e-10 
33.9330001 3.492979e-10 
33.9333184 5.6337e-10 
35.2907199 4.109511e-10 
36.6484794 4.813043e-10 
35.2910319 6.447812e-10 
36.6487821 7.393337e-10 
38.0058752 2.914154e-10 
38.0061957 5.70363e-10 
39.3636386 3.541072e-10 
40.7213578 4.415529e-10 
39.3639498 6.815213e-10 
40.7216609 8.229751e-10 
42.0791158 5.586137e-10 
42.079408 9.826528e-10 
43.436518 2.915083e-10 
44.79428 4.011272e-10 
43.4368296 7.138486e-10 
44.7945804 8.951075e-10 
46.1519966 5.53422e-10 
46.1522873 1.095514e-09 
48.8671614 3.727716e-10 
47.5097511 7.388285e-10 
48.8674606 9.49831e-10 
47.5100305 1.278509e-09 
50.2249199 5.431676e-10 
50.2252073 1.150081e-09 
51.5826323 7.443164e-10 
52.9403827 9.430575e-10 
51.5829101 1.321787e-09 
52.9406507 1.426501e-09 
54.2978015 5.105548e-10 
54.2980882 1.118357e-09 
55.655556 6.877588e-10 
57.0132646 8.496468e-10 
55.6558323 1.235375e-09 
57.013533 1.292995e-09 
58.3710126 9.675533e-10 
58.3712735 1.289774e-09 
59.7284385 5.534955e-10 
61.0861909 6.595078e-10 
59.7287162 1.035452e-09 
61.0864604 1.055079e-09 
62.443898 7.264314e-10 
62.4441611 1.03511e-09 
65.1590773 4.16347e-10 
63.8016462 7.64578e-10 
65.1593499 7.696531e-10 
63.8019033 1.001545e-09 
66.5168302 4.598581e-10 
66.5170957 7.71131e-10 
67.8745374 4.798989e-10 
69.2322872 5.070608e-10 
67.8747968 7.583618e-10 
69.2325405 7.597751e-10 
70.5897228 2.227944e-10 
70.5899911 5.239266e-10 
71.947477 2.572259e-10 
73.3051841 2.869639e-10 
71.947738 5.557563e-10 
73.3054383 5.854744e-10 
74.6629348 3.342149e-10 
74.6631819 6.295567e-10 
76.0203756 1.009411e-10 
77.3781303 1.423602e-10 
76.0206374 3.847285e-10 
77.3783838 4.48032e-10 
78.7358357 1.919258e-10 
78.7360816 5.148532e-10 
81.4510331 5.366052e-11 
81.451285 3.308564e-10 
80.0935852 2.564459e-10 
80.0938233 5.838574e-10 
82.808786 9.666757e-11 
82.8090291 4.106651e-10 
84.166488 1.578131e-10 
85.5242347 2.290694e-10 
84.1667232 4.9566e-10 
85.524462 5.732042e-10 
86.881691 3.731877e-11 
86.8819304 3.149536e-10 
88.2394405 8.018737e-11 
89.597138 1.456093e-10 
88.2396713 3.993221e-10 
89.5973613 4.899988e-10 
90.9548809 2.193241e-10 
90.9550969 5.655582e-10 
92.3123464 2.982873e-11 
93.6700915 7.359376e-11 
92.3125722 3.076517e-10 
93.6703096 3.917422e-10 
95.0277841 1.397261e-10 
95.0279955 4.797594e-10 
97.7429978 2.632386e-11 
96.3855231 2.139283e-10 
97.74321 3.003466e-10 
96.3857281 5.545887e-10 
99.1007384 7.135298e-11 
99.100944 3.846838e-10 
100.4584262 1.363301e-10 
101.8161614 2.125014e-10 
100.458626 4.708202e-10 
101.8163557 5.481557e-10 
103.1736451 2.559652e-11 
103.173844 2.976161e-10 
104.5313814 7.23656e-11 
105.8890643 1.374393e-10 
104.5315747 3.857619e-10 
105.8892525 4.717979e-10 
107.2467959 2.176182e-10 
107.2469795 5.543342e-10 
-0.0082963 3.52835e-10 
-0.0079903 3.231774e-10 
2.7068237 2.857147e-10 
2.7071464 2.96879e-10 
5.4222898 2.622017e-10 
5.4226027 1.82588e-10 
8.1374246 2.068387e-10 
8.1377539 1.861547e-10 
10.8528975 1.693465e-10 
10.853218 1.23584e-10 
13.568035 1.346187e-10 
13.5683694 1.446457e-10 
16.2835151 1.445828e-10 
16.2838396 1.512578e-10 
18.998657 1.258414e-10 
18.9989921 1.884797e-10 
21.7141406 1.987192e-10 
21.7144643 2.674545e-10 
24.4292866 1.838168e-10 
24.4296187 3.117403e-10 
27.1447701 3.10381e-10 
27.1450901 4.36292e-10 
29.8599194 2.691053e-10 
29.8602474 4.46499e-10 
32.5754024 3.936631e-10 
32.5757175 5.803468e-10 
35.2905555 2.982678e-10 
35.2908789 5.309648e-10 
38.0060385 4.216102e-10 
38.0063465 7.218296e-10 
40.7211962 2.846149e-10 
40.7215128 6.281224e-10 
43.4366774 4.834591e-10 
43.4369746 9.518544e-10 
46.1518399 3.200741e-10 
46.1521456 8.265638e-10 
48.867315 6.46187e-10 
48.867599 1.229294e-09 
51.582482 4.41689e-10 
51.5827747 1.057755e-09 
54.2979487 8.217046e-10 
54.2982212 1.344965e-09 
57.0131202 5.548049e-10 
57.0134018 1.110438e-09 
59.7285808 8.152136e-10 
59.7288461 1.180453e-09 
62.4437574 5.03021e-10 
62.4440321 9.120737e-10 
65.1592167 6.052299e-10 
65.1594781 8.875807e-10 
67.8743991 3.155093e-10 
67.8746696 6.351475e-10 
70.5898599 3.708914e-10 
70.5901171 6.568659e-10 
73.3050484 1.503782e-10 
73.3053138 4.407749e-10 
76.0205096 2.286062e-10 
76.02076 5.40479e-10 
78.7357041 7.080054e-11 
78.7359613 3.50302e-10 
81.451162 1.703109e-10 
81.4514028 5.016118e-10 
84.1663622 4.363587e-11 
84.1666081 3.204664e-10 
86.8818134 1.503038e-10 
86.8820427 4.928622e-10 
89.5970192 3.294111e-11 
89.5972518 3.111983e-10 
92.3124616 1.422776e-10 
92.3126789 4.854828e-10 
95.0276726 2.766744e-11 
95.0278916 3.037595e-10 
97.7431057 1.375885e-10 
97.7433112 4.744645e-10 
100.458322 2.567949e-11 
100.4585275 2.979773e-10 
103.1737458 1.361686e-10 
103.1739397 4.697721e-10 
105.8889672 2.600645e-11 
105.8891594 2.99441e-10 
-0.00846 3.084729e-10 
1.349438 3.294207e-10 
-0.00814 3.593268e-10 
1.3497378 2.405127e-10 
2.7069886 3.114589e-10 
2.7072977 2.438468e-10 
4.064579 2.821931e-10 
5.4221235 2.526727e-10 
5.4224493 2.367461e-10 
4.0648948 2.410643e-10 
6.7800429 2.24418e-10 
6.7803506 1.289662e-10 
9.4951827 1.879349e-10 
8.1375925 2.097026e-10 
9.4955061 1.501167e-10 
8.1379095 1.417325e-10 
10.8527283 1.641644e-10 
10.8530606 1.54748e-10 
13.5682051 1.471858e-10 
12.2106543 1.531896e-10 
12.2109693 1.07043e-10 
13.5685282 1.268428e-10 
14.9257966 1.362742e-10 
14.9261248 1.439076e-10 
16.2833447 1.216065e-10 
16.2836801 1.558539e-10 
17.6412747 1.621784e-10 
17.6415926 1.676581e-10 
18.9988271 1.619843e-10 
18.9991517 1.982569e-10 
20.3564205 1.575569e-10 
21.7139712 1.471968e-10 
21.7143051 2.423989e-10 
20.3567489 2.246187e-10 
24.429455 2.517634e-10 
23.0719009 2.521713e-10 
24.4297771 3.510391e-10 
23.0722173 3.157279e-10 
25.7870501 2.445859e-10 
25.7873752 3.74777e-10 
27.1446027 2.28689e-10 
27.1449328 3.841989e-10 
28.50253 3.796064e-10 
28.5028424 4.945621e-10 
29.8600858 3.607593e-10 
29.8604036 5.131977e-10 
31.2176825 3.313971e-10 
32.5752369 2.930429e-10 
32.5755627 4.940641e-10 
31.2180033 5.115324e-10 
33.933162 4.585423e-10 
33.9334686 6.525661e-10 
36.6483188 3.532736e-10 
35.2907199 4.109481e-10 
36.648634 6.147884e-10 
35.2910319 6.448603e-10 
38.0058752 2.914254e-10 
38.0061957 5.702495e-10 
40.7213578 4.415226e-10 
39.3637975 5.098457e-10 
40.7216609 8.230042e-10 
39.3640954 8.477215e-10 
42.0789592 3.665747e-10 
42.0792655 7.742172e-10 
43.436518 2.915083e-10 
43.4368296 7.137257e-10 
44.7944339 6.358444e-10 
44.7947197 1.134417e-09 
46.1519966 5.533601e-10 
46.1522873 1.09552e-09 
47.5096004 4.622472e-10 
48.8671614 3.727099e-10 
48.8674606 9.498061e-10 
47.5098943 1.028826e-09 
50.2250674 8.497947e-10 
50.2253406 1.385775e-09 
52.9402384 6.265923e-10 
51.5826323 7.442397e-10 
52.9405198 1.227311e-09 
51.5829101 1.321781e-09 
54.2978015 5.104197e-10 
54.2980882 1.118402e-09 
57.0132646 8.495891e-10 
55.6556975 9.879627e-10 
57.013533 1.292975e-09 
55.6559614 1.390574e-09 
58.3708733 7.014135e-10 
58.3711456 1.172376e-09 
59.7284385 5.533856e-10 
59.7287162 1.035437e-09 
61.0863286 8.864453e-10 
61.0865874 1.149693e-09 
62.443898 7.263771e-10 
62.4441611 1.035056e-09 
63.8015097 5.715851e-10 
65.1590773 4.163058e-10 
65.1593499 7.695484e-10 
63.8017771 9.117961e-10 
66.5169657 6.302377e-10 
66.5172211 8.67942e-10 
69.2321527 3.496014e-10 
67.8745374 4.798483e-10 
69.2324162 6.498882e-10 
67.8747968 7.582923e-10 
70.5897228 2.227763e-10 
70.5899911 5.238078e-10 
73.3051841 2.869192e-10 
71.9476103 4.070982e-10 
73.3054383 5.854126e-10 
71.947861 6.809385e-10 
74.6628031 1.884839e-10 
74.6630608 4.897673e-10 
76.0203756 1.009158e-10 
76.0206374 3.84674e-10 
77.3782599 2.860132e-10 
77.3785028 5.994594e-10 
78.7358357 1.919022e-10 
78.7360816 5.147915e-10 
80.0934581 1.137472e-10 
81.4510331 5.362101e-11 
81.451285 3.308486e-10 
80.0937067 4.237468e-10 
82.8089103 2.390756e-10 
82.8091431 5.767133e-10 
85.5241136 8.641314e-11 
84.166488 1.578057e-10 
85.5243506 4.036911e-10 
84.1667232 4.95618e-10 
86.881691 3.728823e-11 
86.8819304 3.149318e-10 
89.597138 1.455655e-10 
88.2395583 2.23191e-10 
89.5973613 4.900146e-10 
88.2397799 5.699326e-10 
90.9547665 7.619873e-11 
90.9549909 3.955938e-10 
92.3123464 2.981854e-11 
92.3125722 3.075884e-10 
93.6702025 2.162439e-10 
93.670413 5.602393e-10 
95.0277841 1.396357e-10 
95.0279955 4.798314e-10 
96.3854154 7.199426e-11 
97.7429978 2.632944e-11 
97.74321 3.00242e-10 
96.3856273 3.877942e-10 
99.1008427 2.124706e-10 
99.1010424 5.501771e-10 
101.8160604 7.145617e-11 
100.4584262 1.362503e-10 
101.8162599 3.83728e-10 
100.458626 4.708988e-10 
103.1736451 2.560462e-11 
103.173844 2.975146e-10 
105.8890643 1.374116e-10 
104.5314791 2.141131e-10 
105.8892525 4.718249e-10 
104.5316681 5.49647e-10 
107.2467014 7.419659e-11 
107.2468887 3.905611e-10 
1.3492783 3.128196e-10 
1.3495908 3.045669e-10 
4.0647403 2.800728e-10 
4.0650437 1.738605e-10 
6.7798799 2.350641e-10 
6.7801995 1.858459e-10 
9.4953474 1.795207e-10 
9.4956592 1.074612e-10 
12.2104882 1.535579e-10 
12.2108146 1.362126e-10 
14.9259635 1.473068e-10 
14.9262806 1.265314e-10 
17.6411075 1.376108e-10 
17.6414364 1.731297e-10 
20.3565873 1.977348e-10 
20.3569049 2.322592e-10 
23.0717348 1.949215e-10 
23.0720618 2.953552e-10 
25.7872151 3.17506e-10 
25.7875297 4.070112e-10 
28.5023659 2.946333e-10 
28.502689 4.493174e-10 
31.2178456 4.269386e-10 
31.2181553 5.752576e-10 
33.9330001 3.493026e-10 
33.9333184 5.633525e-10 
36.6484794 4.812011e-10 
36.6487821 7.395405e-10 
39.3636386 3.540661e-10 
39.3639498 6.814559e-10 
42.0791158 5.584859e-10 
42.079408 9.828047e-10 
44.79428 4.010431e-10 
44.7945804 8.950448e-10 
47.5097511 7.387524e-10 
47.5100305 1.278512e-09 
50.2249199 5.430855e-10 
50.2252073 1.150024e-09 
52.9403827 9.43048e-10 
52.9406507 1.426408e-09 
55.655556 6.877373e-10 
55.6558323 1.235291e-09 
58.3710126 9.675406e-10 
58.3712735 1.289715e-09 
61.0861909 6.595553e-10 
61.0864604 1.054971e-09 
63.8016462 7.645208e-10 
63.8019033 1.00153e-09 
66.5168302 4.598912e-10 
66.5170957 7.710267e-10 
69.2322872 5.07028e-10 
69.2325405 7.597373e-10 
71.947477 2.572411e-10 
71.947738 5.556672e-10 
74.6629348 3.342328e-10 
74.6631819 6.29473e-10 
77.3781303 1.423743e-10 
77.3783838 4.479765e-10 
80.0935852 2.564926e-10 
80.0938233 5.837647e-10 
82.808786 9.666999e-11 
82.8090291 4.106546e-10 
85.5242347 2.291038e-10 
85.524462 5.731555e-10 
88.2394405 8.016075e-11 
88.2396713 3.993549e-10 
90.9548809 2.193078e-10 
90.9550969 5.655935e-10 
93.6700915 7.355173e-11 
93.6703096 3.917812e-10 
96.3855231 2.138499e-10 
96.3857281 5.547148e-10 
99.1007384 7.133234e-11 
99.100944 3.846904e-10 
101.8161614 2.124092e-10 
101.8163557 5.483009e-10 
104.5313814 7.236719e-11 
104.5315747 3.857427e-10 
107.2467959 2.17586e-10 
107.2469795 5.544045e-10 
-0.0082963 3.52763e-10 
1.349438 3.29422e-10 
1.3497378 2.405494e-10 
-0.0079903 3.231625e-10 
2.7068237 2.857611e-10 
2.7071464 2.96853e-10 
4.064579 2.822504e-10 
5.4222898 2.622382e-10 
4.0648948 2.410608e-10 
5.4226027 1.825753e-10 
6.7800429 2.244029e-10 
6.7803506 1.289907e-10 
8.1374246 2.069505e-10 
9.4951827 1.879938e-10 
8.1377539 1.860982e-10 
9.4955061 1.500916e-10 
10.8528975 1.69389e-10 
10.853218 1.235734e-10 
13.568035 1.346963e-10 
12.2106543 1.531945e-10 
13.5683694 1.446263e-10 
12.2109693 1.070594e-10 
14.9257966 1.363488e-10 
14.9261248 1.43879e-10 
16.2835151 1.446658e-10 
17.6412747 1.622417e-10 
16.2838396 1.512294e-10 
17.6415926 1.676345e-10 
18.998657 1.258441e-10 
18.9989921 1.885048e-10 
20.3564205 1.576118e-10 
21.7141406 1.988145e-10 
20.3567489 2.245953e-10 
21.7144643 2.674443e-10 
24.4292866 1.837583e-10 
24.4296187 3.118406e-10 
23.0719009 2.523e-10 
23.0722173 3.156742e-10 
25.7870501 2.446414e-10 
25.7873752 3.747628e-10 
27.1447701 3.104632e-10 
28.50253 3.796733e-10 
27.1450901 4.363201e-10 
28.5028424 4.945901e-10 
29.8599194 2.690635e-10 
29.8602474 4.465419e-10 
31.2176825 3.314325e-10 
32.5754024 3.936605e-10 
31.2180033 5.11519e-10 
32.5757175 5.804397e-10 
33.933162 4.584513e-10 
33.9334686 6.527232e-10 
35.2905555 2.982787e-10 
36.6483188 3.532338e-10 
35.2908789 5.308814e-10 
36.648634 6.147739e-10 
38.0060385 4.215273e-10 
38.0063465 7.219185e-10 
40.7211962 2.846205e-10 
40.7215128 6.279815e-10 
39.3637975 5.097008e-10 
39.3640954 8.478766e-10 
42.0789592 3.664802e-10 
42.0792655 7.741802e-10 
43.4366774 4.833531e-10 
44.7944339 6.357542e-10 
43.4369746 9.518684e-10 
44.7947197 1.134417e-09 
46.1518399 3.20048e-10 
46.1521456 8.264722e-10 
47.5096004 4.621835e-10 
48.867315 6.461188e-10 
47.5098943 1.02874e-09 
48.867599 1.229195e-09 
50.2250674 8.497787e-10 
50.2253406 1.385608e-09 
51.582482 4.416605e-10 
52.9402384 6.266376e-10 
51.5827747 1.057728e-09 
52.9405198 1.227162e-09 
54.2979486 8.217139e-10 
54.2982212 1.344819e-09 
57.0131202 5.548184e-10 
57.0134018 1.1104e-09 
55.6556975 9.879728e-10 
55.6559614 1.39041e-09 
58.3708733 7.015549e-10 
58.3711456 1.172235e-09 
59.7285808 8.152503e-10 
61.0863286 8.864249e-10 
59.7288461 1.180352e-09 
61.0865874 1.149618e-09 
62.4437574 5.030925e-10 
62.4440321 9.119978e-10 
63.8015097 5.717187e-10 
65.1592167 6.052351e-10 
63.8017771 9.117326e-10 
65.1594781 8.875062e-10 
66.5169657 6.302319e-10 
66.5172211 8.678656e-10 
67.8743991 3.15572e-10 
69.2321527 3.496889e-10 
67.8746696 6.350784e-10 
69.2324162 6.498555e-10 
70.5898599 3.709133e-10 
70.5901171 6.567709e-10 
73.3050484 1.504114e-10 
73.3053138 4.407425e-10 
71.9476103 4.071653e-10 
71.9478609 6.808047e-10 
74.6628031 1.885698e-10 
74.6630608 4.897133e-10 
76.0205096 2.286613e-10 
77.3782599 2.861179e-10 
76.02076 5.403696e-10 
77.3785028 5.993112e-10 
78.7357041 7.081408e-11 
78.7359613 3.503191e-10 
80.0934581 1.138304e-10 
81.451162 1.703747e-10 
80.0937067 4.237195e-10 
81.4514028 5.015326e-10 
82.8089103 2.391745e-10 
82.8091431 5.765922e-10 
84.1663622 4.362916e-11 
85.5241136 8.644242e-11 
84.1666081 3.20523e-10 
85.5243506 4.037514e-10 
86.8818134 1.503334e-10 
86.8820427 4.928543e-10 
89.5970192 3.292156e-11 
89.5972518 3.112635e-10 
88.2395583 2.232792e-10 
88.2397799 5.698634e-10 
90.9547665 7.616858e-11 
90.9549909 3.957094e-10 
92.3124616 1.422525e-10 
93.6702025 2.162936e-10 
92.3126789 4.855458e-10 
93.670413 5.602617e-10 
95.0276726 2.765303e-11 
95.0278916 3.037763e-10 
96.3854154 7.19688e-11 
97.7431057 1.375439e-10 
96.3856273 3.878805e-10 
97.7433112 4.745576e-10 
99.1008427 2.124581e-10 
99.1010424 5.502805e-10 
100.458322 2.568547e-11 
101.8160604 7.1468e-11 
100.4585275 2.979276e-10 
101.8162599 3.837487e-10 
103.1737458 1.361482e-10 
103.1739397 4.698368e-10 
105.8889672 2.601405e-11 
105.8891594 2.99394e-10 
104.5314791 2.140916e-10 
104.5316681 5.497472e-10 
107.2467014 7.421129e-11 
107.2468887 3.905526e-10 
-0.00846 3.084525e-10 
-0.00814 3.592781e-10 
2.7069886 3.114744e-10 
2.7072977 2.43872e-10 
5.4221235 2.527239e-10 
5.4224493 2.367245e-10 
8.1375925 2.097175e-10 
8.1379095 1.417518e-10 
10.8527283 1.642182e-10 
10.8530606 1.547299e-10 
13.5682051 1.472403e-10 
13.5685282 1.268361e-10 
16.2833447 1.216356e-10 
16.2836801 1.558587e-10 
18.9988271 1.620799e-10 
18.9991517 1.98203e-10 
21.7139712 1.471819e-10 
21.7143051 2.424547e-10 
24.429455 2.51897e-10 
24.4297771 3.509521e-10 
27.1446027 2.286852e-10 
27.1449328 3.84238e-10 
29.8600858 3.608189e-10 
29.8604036 5.131866e-10 
32.5752369 2.930778e-10 
32.5755627 4.940248e-10 
35.2907199 4.108745e-10 
35.2910319 6.449453e-10 
38.0058752 2.914451e-10 
38.0061957 5.701571e-10 
40.7213578 4.413839e-10 
40.7216609 8.230712e-10 
43.4365179 2.914874e-10 
43.4368296 7.136487e-10 
46.1519966 5.532723e-10 
46.1522873 1.095441e-09 
48.8671614 3.727193e-10 
48.8674606 9.497403e-10 
51.5826323 7.442669e-10 
51.5829101 1.321569e-09 
54.2978015 5.105347e-10 
54.2980882 1.118322e-09 
57.0132646 8.497007e-10 
57.013533 1.292784e-09 
59.7284385 5.535706e-10 
59.7287162 1.035356e-09 
62.443898 7.264657e-10 
62.4441611 1.034979e-09 
65.1590774 4.164646e-10 
65.1593499 7.695248e-10 
67.8745374 4.79912e-10 
67.8747968 7.582311e-10 
70.5897228 2.228731e-10 
70.5899911 5.238397e-10 
73.3051841 2.870251e-10 
73.3054383 5.853015e-10 
76.0203756 1.009787e-10 
76.0206374 3.847187e-10 
78.7358357 1.920313e-10 
78.7360816 5.146887e-10 
81.4510331 5.366396e-11 
81.451285 3.309175e-10 
84.166488 1.578986e-10 
84.1667232 4.955867e-10 
86.881691 3.72968e-11 
86.8819304 3.150619e-10 
89.597138 1.456087e-10 
89.5973613 4.900482e-10 
92.3123464 2.979564e-11 
92.3125722 3.077318e-10 
95.0277841 1.3966e-10 
95.0279955 4.798958e-10 
97.7429978 2.631684e-11 
97.74321 3.003123e-10 
100.4584262 1.362728e-10 
100.458626 4.709596e-10 
103.1736451 2.561355e-11 
103.173844 2.975198e-10 
105.8890643 1.374296e-10 
105.8892525 4.718599e-10 
1.3492783 3.12813e-10 
-0.0082963 3.527579e-10 
1.3495908 3.046048e-10 
-0.0079903 3.231686e-10 
2.7068237 2.857414e-10 
2.7071464 2.968702e-10 
5.4222898 2.622282e-10 
4.0647403 2.800829e-10 
4.0650437 1.739116e-10 
5.4226027 1.82619e-10 
6.7798799 2.350615e-10 
6.7801995 1.858671e-10 
8.1374246 2.069362e-10 
8.1377539 1.861027e-10 
9.4953474 1.795107e-10 
9.4956592 1.075093e-10 
10.8528975 1.693909e-10 
10.853218 1.23606e-10 
12.2104882 1.535782e-10 
13.568035 1.346933e-10 
13.5683694 1.446354e-10 
12.2108146 1.362155e-10 
14.9259635 1.473378e-10 
14.9262806 1.265317e-10 
17.6411075 1.376586e-10 
16.2835151 1.447021e-10 
17.6414364 1.730889e-10 
16.2838396 1.512045e-10 
18.998657 1.258399e-10 
18.9989921 1.885277e-10 
21.7141406 1.989217e-10 
20.3565873 1.978279e-10 
20.3569049 2.32189e-10 
21.7144643 2.673327e-10 
23.0717348 1.950005e-10 
24.4292866 1.837972e-10 
24.4296187 3.118365e-10 
23.0720618 2.952669e-10 
25.7872151 3.175898e-10 
25.7875297 4.069308e-10 
28.5023659 2.947026e-10 
27.1447701 3.105603e-10 
28.502689 4.492464e-10 
27.1450901 4.361882e-10 
29.8599194 2.691359e-10 
29.8602474 4.465034e-10 
32.5754024 3.936464e-10 
31.2178456 4.269061e-10 
31.2181553 5.752731e-10 
32.5757175 5.804216e-10 
33.9330001 3.492955e-10 
33.9333184 5.633476e-10 
35.2905555 2.983239e-10 
36.6484794 4.810888e-10 
35.2908789 5.308464e-10 
36.6487821 7.396252e-10 
38.0060385 4.214168e-10 
38.0063465 7.219812e-10 
39.3636386 3.539904e-10 
40.7211962 2.846066e-10 
40.7215128 6.279736e-10 
39.3639498 6.814809e-10 
42.0791158 5.584043e-10 
42.079408 9.828043e-10 
44.79428 4.009784e-10 
43.4366774 4.832558e-10 
44.7945804 8.950208e-10 
43.4369746 9.51865e-10 
46.1518399 3.200485e-10 
46.1521456 8.264561e-10 
48.867315 6.461295e-10 
47.5097511 7.387508e-10 
47.5100305 1.278348e-09 
48.867599 1.229036e-09 
50.2249199 5.431415e-10 
50.2252073 1.149882e-09 
51.582482 4.417783e-10 
52.9403827 9.430688e-10 
51.5827747 1.057643e-09 
52.9406507 1.426199e-09 
54.2979486 8.21841e-10 
54.2982212 1.344602e-09 
55.655556 6.87928e-10 
57.0131202 5.550681e-10 
57.0134018 1.110293e-09 
55.6558323 1.23512e-09 
58.3710126 9.675455e-10 
58.3712735 1.289587e-09 
61.0861909 6.597527e-10 
59.7285808 8.153909e-10 
61.0864604 1.054912e-09 
59.7288461 1.180244e-09 
62.4437574 5.033196e-10 
62.4440321 9.119815e-10 
65.1592167 6.053364e-10 
63.8016462 7.645385e-10 
63.8019033 1.001445e-09 
65.1594781 8.874929e-10 
66.5168302 4.600277e-10 
66.5170957 7.710701e-10 
67.8743991 3.15712e-10 
69.2322872 5.071118e-10 
67.8746696 6.351648e-10 
69.2325405 7.596044e-10 
70.5898599 3.71024e-10 
70.5901171 6.567252e-10 
71.947477 2.573594e-10 
73.3050484 1.504998e-10 
73.3053138 4.408398e-10 
71.947738 5.556849e-10 
74.6629348 3.343639e-10 
74.6631819 6.293175e-10 
77.3781303 1.425067e-10 
76.0205096 2.288087e-10 
77.3783838 4.479514e-10 
76.02076 5.402897e-10 
78.7357041 7.088879e-11 
78.7359613 3.503854e-10 
81.451162 1.704987e-10 
80.0935852 2.566139e-10 
80.0938233 5.83634e-10 
81.4514028 5.014968e-10 
82.808786 9.676622e-11 
82.8090291 4.106866e-10 
84.1663622 4.368058e-11 
85.5242347 2.292232e-10 
84.1666081 3.206264e-10 
85.524462 5.730437e-10 
86.8818134 1.50411e-10 
86.8820427 4.9287e-10 
88.2394405 8.017874e-11 
89.5970192 3.292338e-11 
89.5972518 3.11438e-10 
88.2396713 3.994795e-10 
90.9548809 2.194446e-10 
90.9550969 5.655136e-10 
93.6700915 7.35353e-11 
92.3124616 1.423262e-10 
93.6703096 3.919216e-10 
92.3126789 4.855695e-10 
95.0276726 2.763077e-11 
95.0278916 3.039433e-10 
97.7431057 1.376244e-10 
96.3855231 2.139547e-10 
96.3857281 5.547025e-10 
97.7433112 4.745729e-10 
99.1007384 7.134306e-11 
99.100944 3.847696e-10 
100.458322 2.568049e-11 
101.8161614 2.124593e-10 
100.4585275 2.980269e-10 
101.8163557 5.483379e-10 
103.1737458 1.36204e-10 
103.1739397 4.698498e-10 
104.5313814 7.239745e-11 
105.8889672 2.602159e-11 
105.8891594 2.994351e-10 
104.5315747 3.857583e-10 
107.2467959 2.176097e-10 
107.2469795 5.544609e-10 
1.349438 3.294785e-10 
1.3497378 2.405668e-10 
4.064579 2.821975e-10 
4.0648948 2.411104e-10 
6.7800429 2.244114e-10 
6.7803506 1.290477e-10 
9.4951827 1.87946e-10 
9.4955061 1.501358e-10 
12.2106543 1.532021e-10 
12.2109693 1.070892e-10 
14.9257966 1.363363e-10 
14.9261248 1.438727e-10 
17.6412747 1.622729e-10 
17.6415926 1.676121e-10 
20.3564205 1.576568e-10 
20.3567489 2.245169e-10 
23.0719009 2.523412e-10 
23.0722173 3.155773e-10 
25.7870501 2.447166e-10 
25.7873752 3.74633e-10 
28.50253 3.796657e-10 
28.5028424 4.944922e-10 
31.2176825 3.314623e-10 
31.2180033 5.114635e-10 
33.933162 4.58397e-10 
33.9334686 6.526768e-10 
36.6483188 3.531941e-10 
36.648634 6.148224e-10 
39.3637975 5.096701e-10 
39.3640954 8.478172e-10 
42.0789592 3.664402e-10 
42.0792655 7.742355e-10 
44.7944339 6.357789e-10 
44.7947197 1.134281e-09 
47.5096004 4.622234e-10 
47.5098943 1.028695e-09 
50.2250674 8.498239e-10 
50.2253406 1.385435e-09 
52.9402384 6.267984e-10 
52.9405198 1.227023e-09 
55.6556975 9.879907e-10 
55.6559614 1.390293e-09 
58.3708733 7.017661e-10 
58.3711456 1.172168e-09 
61.0863286 8.864424e-10 
61.0865874 1.149543e-09 
63.8015097 5.718529e-10 
63.8017771 9.118122e-10 
66.5169657 6.303173e-10 
66.5172211 8.677697e-10 
69.2321527 3.497877e-10 
69.2324162 6.499548e-10 
71.9476103 4.072871e-10 
71.9478609 6.806945e-10 
74.6628031 1.88695e-10 
74.6630608 4.897459e-10 
77.3782599 2.862198e-10 
77.3785028 5.99224e-10 
80.0934581 1.139459e-10 
80.0937067 4.237353e-10 
82.8089103 2.392633e-10 
82.8091431 5.765178e-10 
85.5241136 8.65039e-11 
85.5243506 4.038234e-10 
88.2395583 2.234039e-10 
88.2397799 5.697709e-10 
90.9547665 7.618586e-11 
90.9549909 3.958279e-10 
93.6702025 2.164497e-10 
93.670413 5.60162e-10 
96.3854154 7.198344e-11 
96.3856273 3.879823e-10 
99.1008427 2.125922e-10 
99.1010424 5.502046e-10 
101.8160604 7.149664e-11 
101.8162599 3.837976e-10 
104.5314791 2.141688e-10 
104.5316681 5.497243e-10 
107.2467014 7.423585e-11 
107.2468887 3.905638e-10 
1.3492783 3.127969e-10 
-0.00846 3.084923e-10 
-0.00814 3.59312e-10 
1.3495908 3.046438e-10 
2.7069886 3.114678e-10 
2.7072977 2.439004e-10 
5.4221235 2.526341e-10 
4.0647403 2.800924e-10 
5.4224493 2.367567e-10 
4.0650437 1.739416e-10 
6.7798799 2.349597e-10 
6.7801995 1.859363e-10 
8.1375925 2.096846e-10 
9.4953474 1.795248e-10 
8.1379095 1.418122e-10 
9.4956592 1.075451e-10 
10.8527283 1.641482e-10 
10.8530606 1.547661e-10 
12.2104882 1.535036e-10 
13.5682051 1.472156e-10 
12.2108146 1.362513e-10 
13.5685282 1.268521e-10 
14.9259635 1.47331e-10 
14.9262806 1.265431e-10 
16.2833447 1.215971e-10 
17.6411075 1.376291e-10 
16.2836801 1.558754e-10 
17.6414364 1.73075e-10 
18.9988271 1.620998e-10 
18.9991517 1.981543e-10 
21.7139712 1.472254e-10 
20.3565873 1.978127e-10 
21.7143051 2.424271e-10 
20.3569049 2.32148e-10 
23.0717348 1.950359e-10 
24.429455 2.519502e-10 
23.0720618 2.951581e-10 
24.4297771 3.508079e-10 
25.7872151 3.17539e-10 
25.7875297 4.068415e-10 
27.1446027 2.2878e-10 
28.5023659 2.947347e-10 
27.1449328 3.841578e-10 
28.502689 4.491458e-10 
29.8600858 3.608403e-10 
29.8604036 5.130653e-10 
32.5752369 2.931541e-10 
31.2178456 4.268742e-10 
32.5755627 4.939989e-10 
31.2181553 5.75143e-10 
33.9330001 3.492839e-10 
33.9333184 5.633629e-10 
35.2907199 4.108308e-10 
36.6484794 4.811242e-10 
35.2910319 6.44917e-10 
36.6487821 7.394693e-10 
38.0058752 2.914444e-10 
38.0061957 5.702125e-10 
39.3636386 3.539843e-10 
40.7213578 4.413317e-10 
39.3639498 6.815588e-10 
40.7216609 8.230865e-10 
42.0791158 5.584795e-10 
42.079408 9.826561e-10 
43.4365179 2.914777e-10 
44.79428 4.010298e-10 
43.4368296 7.137202e-10 
44.7945804 8.950721e-10 
46.1519966 5.532748e-10 
46.1522873 1.095388e-09 
48.8671614 3.727893e-10 
47.5097511 7.388203e-10 
48.8674606 9.497321e-10 
47.5100305 1.278239e-09 
50.2249199 5.432459e-10 
50.2252073 1.149854e-09 
51.5826323 7.44361e-10 
52.9403827 9.43105e-10 
51.5829101 1.321437e-09 
52.9406507 1.426162e-09 
54.2978015 5.107291e-10 
54.2980882 1.118224e-09 
55.655556 6.880686e-10 
57.0132646 8.498368e-10 
55.6558323 1.235087e-09 
57.013533 1.292693e-09 
58.3710126 9.675535e-10 
58.3712735 1.289574e-09 
59.7284385 5.538057e-10 
61.0861909 6.598457e-10 
59.7287162 1.035315e-09 
61.0864604 1.054992e-09 
62.443898 7.265647e-10 
62.4441611 1.034986e-09 
65.1590773 4.166067e-10 
63.8016462 7.645975e-10 
65.1593499 7.69623e-10 
63.8019033 1.001399e-09 
66.5168302 4.600596e-10 
66.5170957 7.712041e-10 
67.8745374 4.800031e-10 
69.2322872 5.072104e-10 
67.8747968 7.582582e-10 
69.2325405 7.595612e-10 
70.5897228 2.229434e-10 
70.5899911 5.239753e-10 
71.947477 2.574197e-10 
73.3051841 2.871403e-10 
71.947738 5.557749e-10 
73.3054383 5.852982e-10 
74.6629348 3.344217e-10 
74.6631819 6.293101e-10 
76.0203756 1.010462e-10 
77.3781303 1.425827e-10 
76.0206374 3.847981e-10 
77.3783838 4.479973e-10 
78.7358357 1.921315e-10 
78.7360816 5.146875e-10 
81.4510331 5.373114e-11 
80.0935852 2.566369e-10 
81.451285 3.309713e-10 
80.0938233 5.836411e-10 
82.808786 9.681695e-11 
82.8090291 4.107189e-10 
84.166488 1.579631e-10 
85.5242347 2.292694e-10 
84.1667232 4.95607e-10 
85.524462 5.730236e-10 
86.881691 3.733117e-11 
86.8819304 3.151627e-10 
88.2394405 8.021687e-11 
89.597138 1.456819e-10 
88.2396713 3.995185e-10 
89.5973613 4.900541e-10 
90.9548809 2.195444e-10 
90.9550969 5.654329e-10 
92.3123464 2.979169e-11 
93.6700915 7.357001e-11 
92.3125722 3.078826e-10 
93.6703096 3.919715e-10 
95.0277841 1.397637e-10 
95.0279955 4.798634e-10 
97.7429978 2.630447e-11 
96.3855231 2.140947e-10 
97.74321 3.004622e-10 
96.3857281 5.545661e-10 
99.1007384 7.136882e-11 
99.100944 3.848147e-10 
100.4584262 1.36366e-10 
101.8161614 2.125837e-10 
100.458626 4.709185e-10 
101.8163557 5.482151e-10 
103.1736451 2.561041e-11 
103.173844 2.97623e-10 
104.5313814 7.241464e-11 
105.8890643 1.374705e-10 
104.5315747 3.857842e-10 
105.8892525 4.718542e-10 
107.2467959 2.176585e-10 
107.2469795 5.544275e-10 
-0.0082963 3.528267e-10 
-0.0079903 3.231875e-10 
2.7068237 2.856819e-10 
2.7071464 2.969066e-10 
5.4222898 2.621856e-10 
5.4226027 1.826589e-10 
8.1374246 2.068157e-10 
8.1377539 1.861618e-10 
10.8528975 1.693492e-10 
10.853218 1.236369e-10 
13.568035 1.346136e-10 
13.5683694 1.446603e-10 
16.2835151 1.446415e-10 
16.2838396 1.512173e-10 
18.998657 1.258343e-10 
18.9989921 1.885174e-10 
21.7141406 1.988929e-10 
21.7144643 2.672734e-10 
24.4292866 1.838799e-10 
24.4296187 3.117336e-10 
27.1447701 3.105386e-10 
27.1450901 4.360801e-10 
29.8599194 2.692234e-10 
29.8602474 4.464361e-10 
32.5754024 3.936388e-10 
32.5757175 5.803172e-10 
35.2905555 2.983401e-10 
35.2908789 5.309106e-10 
38.0060385 4.214323e-10 
38.0063465 7.219296e-10 
40.7211962 2.845896e-10 
40.7215128 6.281058e-10 
43.4366774 4.833044e-10 
43.4369746 9.518539e-10 
46.1518399 3.200823e-10 
46.1521456 8.265375e-10 
48.867315 6.461934e-10 
48.867599 1.229033e-09 
51.582482 4.418752e-10 
51.5827747 1.057628e-09 
54.2979486 8.21921e-10 
54.2982212 1.344609e-09 
57.0131202 5.551966e-10 
57.0134018 1.110252e-09 
59.7285808 8.154472e-10 
59.7288461 1.180289e-09 
62.4437574 5.034114e-10 
62.4440321 9.120494e-10 
65.1592167 6.05375e-10 
65.1594781 8.875535e-10 
67.8743991 3.157274e-10 
67.8746696 6.352971e-10 
70.5898599 3.710818e-10 
70.5901171 6.567885e-10 
73.3050484 1.505139e-10 
73.3053138 4.409223e-10 
76.0205096 2.288469e-10 
76.02076 5.40357e-10 
78.7357041 7.092886e-11 
78.7359613 3.504108e-10 
81.451162 1.705033e-10 
81.4514028 5.01551e-10 
84.1663622 4.371706e-11 
84.1666081 3.20639e-10 
86.8818134 1.504342e-10 
86.8820427 4.928845e-10 
89.5970192 3.294195e-11 
89.5972518 3.11475e-10 
92.3124616 1.42399e-10 
92.3126789 4.855243e-10 
95.0276726 2.763374e-11 
95.0278916 3.040304e-10 
97.7431057 1.377146e-10 
97.7433112 4.744884e-10 
100.458322 2.567175e-11 
100.4585275 2.981404e-10 
103.1737458 1.362597e-10 
103.1739397 4.697924e-10 
105.8889672 2.60173e-11 
105.8891594 2.995051e-10 
-0.00846 3.085369e-10 
1.349438 3.295122e-10 
-0.00814 3.593816e-10 
1.3497378 2.405406e-10 
2.7069886 3.114485e-10 
2.7072977 2.438929e-10 
4.064579 2.821077e-10 
5.4221235 2.525271e-10 
5.4224493 2.367984e-10 
4.0648948 2.411444e-10 
6.7800429 2.244315e-10 
6.7803506 1.290582e-10 
9.4951827 1.878576e-10 
8.1375925 2.096493e-10 
9.4955061 1.501882e-10 
8.1379095 1.418301e-10 
10.8527283 1.640514e-10 
10.8530606 1.548068e-10 
13.5682051 1.471454e-10 
12.2106543 1.532017e-10 
12.2109693 1.070911e-10 
13.5685282 1.268687e-10 
14.9257966 1.362541e-10 
14.9261248 1.438972e-10 
16.2833447 1.215444e-10 
16.2836801 1.558807e-10 
17.6412747 1.622292e-10 
17.6415926 1.676219e-10 
18.9988271 1.620167e-10 
18.9991517 1.981782e-10 
20.3564205 1.576292e-10 
21.7139712 1.472669e-10 
21.7143051 2.423543e-10 
20.3567489 2.244923e-10 
24.429455 2.518497e-10 
23.0719009 2.522381e-10 
23.0722173 3.155706e-10 
24.4297771 3.508052e-10 
25.78705 2.447074e-10 
25.7873752 3.745671e-10 
27.1446027 2.288419e-10 
27.1449328 3.840692e-10 
28.50253 3.795944e-10 
28.5028424 4.944046e-10 
29.8600858 3.607945e-10 
29.8604036 5.130024e-10 
31.2176825 3.314457e-10 
32.5752369 2.931667e-10 
32.5755627 4.940205e-10 
31.2180033 5.114418e-10 
33.933162 4.584539e-10 
33.9334686 6.524911e-10 
36.6483188 3.532094e-10 
35.2907199 4.108775e-10 
36.648634 6.148688e-10 
35.2910319 6.44815e-10 
38.0058752 2.914252e-10 
38.0061957 5.703405e-10 
40.7213578 4.414374e-10 
39.3637975 5.097961e-10 
40.7216609 8.230272e-10 
39.3640954 8.476236e-10 
42.0789592 3.665078e-10 
42.0792655 7.743047e-10 
43.436518 2.914904e-10 
43.4368296 7.138421e-10 
44.7944339 6.358854e-10 
44.7947197 1.134199e-09 
46.1519966 5.533662e-10 
46.1522873 1.095435e-09 
47.5096004 4.62315e-10 
48.8671614 3.728249e-10 
48.8674606 9.497904e-10 
47.5098943 1.028754e-09 
50.2250674 8.498637e-10 
50.2253406 1.385493e-09 
52.9402384 6.268501e-10 
51.5826323 7.443885e-10 
52.9405198 1.227088e-09 
51.5829101 1.321569e-09 
54.2978015 5.107356e-10 
54.2980882 1.118247e-09 
57.0132646 8.498114e-10 
55.6556975 9.879958e-10 
57.013533 1.292824e-09 
55.6559614 1.390383e-09 
58.3708733 7.017531e-10 
58.3711456 1.172263e-09 
59.7284385 5.537603e-10 
59.7287162 1.035368e-09 
61.0863286 8.864729e-10 
61.0865874 1.149574e-09 
62.443898 7.265387e-10 
62.4441611 1.035069e-09 
63.8015097 5.718074e-10 
65.1590773 4.165411e-10 
65.1593499 7.697078e-10 
63.8017771 9.119281e-10 
66.5169657 6.303724e-10 
66.5172211 8.67784e-10 
69.2321527 3.497565e-10 
67.8745374 4.799914e-10 
69.2324162 6.500501e-10 
67.8747968 7.58335e-10 
70.5897228 2.228874e-10 
70.5899911 5.240289e-10 
73.3051841 2.871084e-10 
71.9476103 4.073e-10 
73.3054383 5.854062e-10 
71.9478609 6.807609e-10 
74.6628031 1.886872e-10 
74.6630608 4.898172e-10 
76.0203756 1.010244e-10 
76.0206374 3.848009e-10 
77.3782599 2.861769e-10 
77.3785028 5.993198e-10 
78.7358357 1.92063e-10 
78.7360816 5.14791e-10 
80.0934581 1.139354e-10 
81.4510331 5.373055e-11 
81.451285 3.309367e-10 
80.0937067 4.237748e-10 
82.8089103 2.392181e-10 
82.8091431 5.765912e-10 
85.5241136 8.651146e-11 
84.166488 1.579092e-10 
85.5243506 4.038082e-10 
84.1667232 4.9565e-10 
86.881691 3.734281e-11 
86.8819304 3.150957e-10 
89.597138 1.45685e-10 
88.2395583 2.233946e-10 
89.5973613 4.90024e-10 
88.2397799 5.697842e-10 
90.9547665 7.622689e-11 
90.9549909 3.957829e-10 
92.3123464 2.981256e-11 
92.3125722 3.078313e-10 
93.6702025 2.164965e-10 
93.670413 5.600784e-10 
95.0277841 1.398035e-10 
95.0279955 4.797801e-10 
96.3854154 7.201831e-11 
97.7429978 2.630959e-11 
97.7432101 3.004846e-10 
96.3856273 3.879601e-10 
99.1008427 2.126866e-10 
99.1010424 5.500531e-10 
101.8160604 7.150235e-11 
100.4584262 1.364003e-10 
101.8162599 3.838081e-10 
100.458626 4.708315e-10 
103.1736451 2.559945e-11 
103.173844 2.976829e-10 
105.8890643 1.374774e-10 
104.5314791 2.14238e-10 
105.8892525 4.718162e-10 
104.5316681 5.496107e-10 
107.2467014 7.423667e-11 
107.2468887 3.905773e-10 
1.3492783 3.127939e-10 
1.3495908 3.0463e-10 
4.0647403 2.800877e-10 
4.0650437 1.739089e-10 
6.7798799 2.348996e-10 
6.7801995 1.859577e-10 
9.4953474 1.795438e-10 
9.4956592 1.07519e-10 
12.2104882 1.534373e-10 
12.2108146 1.362705e-10 
14.9259635 1.472954e-10 
14.9262806 1.265496e-10 
17.6411075 1.375637e-10 
17.6414364 1.73107e-10 
20.3565873 1.977099e-10 
20.3569049 2.321929e-10 
23.0717348 1.949782e-10 
23.0720618 2.951794e-10 
25.7872151 3.174244e-10 
25.7875297 4.068663e-10 
28.5023659 2.946843e-10 
28.502689 4.491545e-10 
31.2178456 4.268873e-10 
31.2181553 5.75049e-10 
33.9330001 3.49287e-10 
33.9333184 5.633769e-10 
36.6484794 4.812559e-10 
36.6487821 7.392891e-10 
39.3636386 3.540556e-10 
39.3639498 6.815854e-10 
42.0791158 5.586109e-10 
42.079408 9.825611e-10 
44.79428 4.011194e-10 
44.7945804 8.951232e-10 
47.5097511 7.388695e-10 
47.5100305 1.278342e-09 
50.2249199 5.432681e-10 
50.2252073 1.149978e-09 
52.9403827 9.43092e-10 
52.9406507 1.426347e-09 
55.655556 6.879602e-10 
55.6558323 1.235248e-09 
58.3710126 9.675638e-10 
58.3712735 1.289689e-09 
61.0861909 6.596898e-10 
61.0864604 1.05509e-09 
63.8016462 7.646225e-10 
63.8019033 1.001464e-09 
66.5168302 4.59962e-10 
66.5170957 7.71244e-10 
69.2322872 5.07174e-10 
69.2325405 7.596652e-10 
71.947477 2.57334e-10 
71.947738 5.558211e-10 
74.6629348 3.343327e-10 
74.6631819 6.294577e-10 
77.3781303 1.424903e-10 
77.3783838 4.480444e-10 
80.0935852 2.565333e-10 
80.0938233 5.837806e-10 
82.808786 9.6758e-11 
82.8090291 4.107065e-10 
85.5242347 2.291722e-10 
85.524462 5.73122e-10 
88.2394405 8.022179e-11 
88.2396713 3.994221e-10 
90.9548809 2.19471e-10 
90.9550969 5.654598e-10 
93.6700915 7.360547e-11 
93.6703096 3.918595e-10 
96.3855231 2.140788e-10 
96.3857281 5.544962e-10 
99.1007384 7.137544e-11 
99.100944 3.847621e-10 
101.8161614 2.126088e-10 
101.8163557 5.48102e-10 
104.5313814 7.239511e-11 
104.5315747 3.857872e-10 
107.2467959 2.176636e-10 
107.2469795 5.543495e-10 
108.6043818 1.398653e-10 
109.9621117 2.225961e-10 
109.9622899 5.61706e-10 
108.6045643 4.770715e-10 
111.3196086 2.839947e-11 
111.3197874 3.093794e-10 
112.6773388 8.079777e-11 
114.0350141 1.480565e-10 
112.6775135 4.053768e-10 
114.0351848 4.925143e-10 
115.3927405 2.353091e-10 
115.3929076 5.793998e-10 
118.1079725 9.313161e-11 
116.7502464 3.551428e-11 
116.7504114 3.234534e-10 
118.1081345 4.217046e-10 
119.4656426 1.640894e-10 
119.4658012 5.076868e-10 
122.1808801 5.321351e-11 
120.8233655 2.547416e-10 
122.1810315 3.455835e-10 
120.8235211 5.930267e-10 
123.5386019 1.198643e-10 
123.5387513 4.428666e-10 
124.8962667 1.999468e-10 
126.2539856 2.963266e-10 
126.25413 6.105338e-10 
124.8964133 5.297803e-10 
127.6115075 9.917021e-11 
127.6116466 3.956094e-10 
128.9692245 1.841424e-10 
130.3268838 2.866071e-10 
128.9693627 4.943053e-10 
130.3270198 5.859409e-10 
131.6845983 3.973178e-10 
131.684733 6.650642e-10 
134.3998359 3.320429e-10 
133.0421242 2.162475e-10 
133.0422539 5.149696e-10 
134.3999658 6.223434e-10 
135.7574895 4.682875e-10 
135.7576177 7.257831e-10 
138.4727255 4.297651e-10 
137.1151989 6.015497e-10 
138.4728491 7.409333e-10 
137.1153267 8.073622e-10 
139.8304317 5.774847e-10 
139.8305562 8.589788e-10 
141.1880795 7.381334e-10 
142.5457839 8.866442e-10 
142.5459071 1.058834e-09 
141.1882026 9.727396e-10 
143.9033098 6.410872e-10 
143.9034285 1.030752e-09 
145.261011 7.946566e-10 
146.6186533 9.446493e-10 
145.2611306 1.151002e-09 
146.6187717 1.256515e-09 
147.9763529 1.082418e-09 
147.9764714 1.334264e-09 
150.6915778 7.983457e-10 
149.3338808 6.693926e-10 
149.3339921 1.201222e-09 
150.6916898 1.301135e-09 
152.0492149 9.129947e-10 
152.0493256 1.3763e-09 
154.7644447 5.238763e-10 
153.4069104 1.020149e-09 
154.7645445 1.105625e-09 
153.4070211 1.426268e-09 
156.1221379 6.247305e-10 
156.1222382 1.176123e-09 
157.4797701 7.131067e-10 
158.8374617 7.96505e-10 
158.8375608 1.246043e-09 
157.479869 1.22139e-09 
160.1950043 3.92541e-10 
160.1950908 8.625412e-10 
161.5526936 4.759864e-10 
162.9103204 5.504457e-10 
161.5527806 9.162611e-10 
162.9104066 9.481108e-10 
164.268008 6.201394e-10 
164.2680949 9.623107e-10 
166.9832414 4.304647e-10 
165.6255565 3.617929e-10 
165.6256319 6.74908e-10 
166.9833179 7.17055e-10 
168.3408627 4.906014e-10 
168.340939 7.39228e-10 
171.056096 3.670049e-10 
169.6985462 5.412159e-10 
171.056165 5.76419e-10 
169.6986238 7.43247e-10 
172.4137769 4.094394e-10 
172.4138474 5.953214e-10 
173.7713933 4.424095e-10 
175.1290733 4.616179e-10 
175.1291458 5.757199e-10 
173.7714639 5.947709e-10 
176.4866216 3.131649e-10 
176.4866877 4.666124e-10 
177.8442995 3.247575e-10 
179.2019121 3.304609e-10 
177.8443674 4.545403e-10 
179.2019806 4.28391e-10 
180.5595899 3.236018e-10 
180.5596605 3.877799e-10 
183.274812 2.078605e-10 
181.9171358 2.078212e-10 
181.9172015 3.090842e-10 
183.2748798 2.827252e-10 
184.6324223 2.056947e-10 
184.632491 2.501004e-10 
187.3476412 1.408193e-10 
185.9900993 1.959883e-10 
187.3477092 1.829972e-10 
185.9901702 2.113085e-10 
188.7053169 1.450893e-10 
188.7053872 1.634424e-10 
190.0629257 1.46932e-10 
191.4206025 1.442624e-10 
191.4206762 1.16787e-10 
190.0629972 1.409083e-10 
192.7781385 1.435709e-10 
192.7782114 1.377079e-10 
194.1358142 1.56358e-10 
195.493422 1.642222e-10 
194.1358893 1.271181e-10 
195.4934983 1.125807e-10 
196.8510987 1.687927e-10 
196.851177 9.71125e-11 
199.5663033 2.382145e-10 
198.2086277 2.145294e-10 
198.2087065 1.673498e-10 
199.566384 1.62811e-10 
200.9239099 2.521986e-10 
200.9239917 1.51497e-10 
203.6391103 3.104095e-10 
202.2815862 2.65894e-10 
203.6391935 2.692476e-10 
202.2816696 1.375599e-10 
204.9967628 3.559572e-10 
204.9968476 2.799672e-10 
108.6042884 2.687577e-11 
109.9620205 7.700029e-11 
108.6044739 3.036048e-10 
109.9622016 3.974171e-10 
111.3196984 1.433105e-10 
111.3198751 4.845154e-10 
114.034928 3.107009e-11 
112.6774266 2.285457e-10 
114.0350999 3.160338e-10 
112.6775993 5.705279e-10 
115.3926561 8.590675e-11 
115.3928245 4.135799e-10 
116.7503288 1.54671e-10 
118.1080535 2.435683e-10 
116.7504935 5.0004e-10 
118.1082149 5.86847e-10 
119.4655639 4.245521e-11 
119.4657219 3.326833e-10 
120.8232879 1.037908e-10 
122.1809553 1.781933e-10 
120.8234434 4.306445e-10 
122.1811078 5.167496e-10 
123.5386763 2.711667e-10 
123.5388262 5.996904e-10 
124.8961948 7.054121e-11 
126.2539143 1.448212e-10 
124.8963398 3.651173e-10 
126.2540578 4.6227e-10 
127.6115764 2.341029e-10 
127.6117174 5.507231e-10 
130.3268175 1.45729e-10 
128.9692932 3.361046e-10 
130.3269515 4.434173e-10 
128.9694324 6.301299e-10 
131.6845319 2.448657e-10 
131.6846656 5.456665e-10 
133.0421884 3.637552e-10 
134.3999004 4.855526e-10 
133.0423201 6.423897e-10 
134.4000313 7.22184e-10 
135.757427 3.129893e-10 
135.7575533 6.14555e-10 
137.1151359 4.4615e-10 
138.4727866 5.977596e-10 
137.1152628 7.273199e-10 
138.472912 8.370086e-10 
139.8304935 7.409263e-10 
139.8306188 9.210001e-10 
141.1880196 5.4824e-10 
142.5457233 7.034846e-10 
141.1881409 8.864314e-10 
142.5458455 1.007838e-09 
143.9033683 8.635755e-10 
143.9034892 1.120738e-09 
146.6185966 6.852555e-10 
145.2610702 1.010219e-09 
146.618712 1.144443e-09 
145.2611913 1.205427e-09 
147.9762956 8.29016e-10 
147.9764119 1.257223e-09 
149.3339353 9.620103e-10 
150.6916327 1.085091e-09 
149.3340503 1.34916e-09 
150.6917479 1.414659e-09 
152.0491634 6.065736e-10 
152.0492693 1.186179e-09 
153.4068584 7.203714e-10 
154.7644931 8.198524e-10 
153.4069649 1.270267e-09 
154.7645982 1.328411e-09 
156.1221866 9.135875e-10 
156.1222918 1.363456e-09 
157.4797252 4.469054e-10 
158.8374164 5.375097e-10 
157.4798182 9.877201e-10 
158.83751 1.048372e-09 
160.195046 6.178457e-10 
160.1951384 1.085405e-09 
162.9102817 3.66267e-10 
161.5527356 6.938791e-10 
162.9103621 7.542735e-10 
161.5528284 1.103415e-09 
164.2679688 4.429317e-10 
164.2680501 8.029524e-10 
165.6255929 5.113417e-10 
166.9832784 5.729882e-10 
165.6256736 8.309656e-10 
166.9833601 8.413484e-10 
168.340828 3.670541e-10 
168.3408997 6.200209e-10 
169.6985108 4.242399e-10 
171.0561296 4.720228e-10 
169.6985838 6.525306e-10 
171.0562026 6.651858e-10 
172.4138112 5.078183e-10 
172.4138858 6.591761e-10 
173.7713605 3.509738e-10 
175.1290396 3.769059e-10 
173.7714276 5.280909e-10 
175.1291085 5.310218e-10 
176.486654 3.946575e-10 
176.4867232 5.165023e-10 
179.2018799 2.60795e-10 
177.8443327 3.982203e-10 
179.2019455 3.906012e-10 
177.8444039 4.848713e-10 
180.5595568 2.636859e-10 
180.5596244 3.678338e-10 
181.9171681 2.628171e-10 
183.2748454 2.520853e-10 
181.9172364 3.35283e-10 
183.2749158 2.923996e-10 
184.6323895 1.662015e-10 
184.632456 2.365177e-10 
185.9900654 1.673406e-10 
187.3476749 1.666082e-10 
185.9901341 2.121903e-10 
187.3477446 1.840495e-10 
188.7053517 1.601988e-10 
188.7054237 1.526632e-10 
190.0628909 1.333067e-10 
191.4205665 1.415484e-10 
190.0629611 1.505064e-10 
191.420639 1.358937e-10 
192.7781748 1.463237e-10 
192.7782485 1.180546e-10 
195.4933841 1.714212e-10 
194.1358516 1.471957e-10 
195.49346 1.433014e-10 
194.1359275 9.937451e-11 
196.8510598 1.896848e-10 
196.8511377 1.358285e-10 
198.208667 2.007237e-10 
199.5663436 2.096027e-10 
198.2087461 1.234244e-10 
199.5664245 1.094047e-10 
200.9238693 2.645523e-10 
200.9239508 2.103371e-10 
202.2815448 2.929239e-10 
203.6391515 3.104412e-10 
202.2816278 2.087205e-10 
203.6392357 1.973246e-10 
204.9968048 3.421335e-10 
204.9968908 1.854128e-10 
108.6043818 1.398474e-10 
108.6045643 4.770541e-10 
111.3196086 2.839125e-11 
111.3197874 3.093835e-10 
114.0350141 1.48055e-10 
114.0351848 4.924761e-10 
116.7502464 3.551543e-11 
116.7504114 3.234865e-10 
119.4656426 1.64102e-10 
119.4658012 5.076542e-10 
122.1808801 5.323689e-11 
122.1810315 3.456105e-10 
124.8962667 2.00006e-10 
124.8964133 5.297305e-10 
127.6115075 9.920591e-11 
127.6116466 3.956779e-10 
130.3268838 2.867461e-10 
130.3270198 5.858404e-10 
133.0421242 2.162834e-10 
133.0422539 5.15134e-10 
135.7574895 4.685102e-10 
135.7576177 7.256202e-10 
138.4727255 4.29881e-10 
138.4728491 7.41143e-10 
141.1880795 7.383503e-10 
141.1882026 9.725371e-10 
143.9033098 6.414199e-10 
143.9034285 1.030836e-09 
146.6186533 9.447934e-10 
146.6187717 1.256299e-09 
149.3338808 6.698579e-10 
149.3339921 1.201101e-09 
152.0492149 9.130908e-10 
152.0493256 1.376058e-09 
154.7644447 5.242574e-10 
154.7645445 1.105459e-09 
157.4797701 7.131645e-10 
157.479869 1.221141e-09 
160.1950043 3.927637e-10 
160.1950908 8.624814e-10 
162.9103204 5.504628e-10 
162.9104066 9.479045e-10 
165.6255565 3.619054e-10 
165.6256319 6.749553e-10 
168.3408627 4.9061e-10 
168.340939 7.390622e-10 
171.056096 3.670718e-10 
171.056165 5.765073e-10 
173.7713933 4.424614e-10 
173.7714639 5.946214e-10 
176.4866216 3.132253e-10 
176.4866877 4.666898e-10 
179.2019121 3.305434e-10 
179.2019806 4.282758e-10 
181.9171358 2.07876e-10 
181.9172015 3.091224e-10 
184.6324223 2.057672e-10 
184.632491 2.500296e-10 
187.3476412 1.408705e-10 
187.3477092 1.830078e-10 
190.0629257 1.470006e-10 
190.0629972 1.408744e-10 
192.7781385 1.436114e-10 
192.7782114 1.377177e-10 
195.493422 1.64286e-10 
195.4934983 1.12567e-10 
198.2086277 2.145708e-10 
198.2087065 1.673576e-10 
200.9239099 2.522884e-10 
200.9239917 1.514872e-10 
203.6391103 3.104481e-10 
203.6391935 2.692206e-10 
108.6042884 2.68713e-11 
108.6044739 3.035734e-10 
109.9621117 2.225864e-10 
109.9622899 5.616923e-10 
111.3196984 1.433026e-10 
111.3198751 4.845071e-10 
112.6773388 8.07789e-11 
114.034928 3.106001e-11 
114.0350999 3.16064e-10 
112.6775135 4.053854e-10 
115.3927405 2.353286e-10 
115.3929076 5.793503e-10 
118.1079725 9.312732e-11 
116.7503288 1.54642e-10 
118.1081345 4.217206e-10 
116.7504935 5.000669e-10 
119.4655639 4.246468e-11 
119.4657219 3.326992e-10 
122.1809553 1.781754e-10 
120.8233655 2.547552e-10 
122.1811078 5.168032e-10 
120.8235211 5.930081e-10 
123.5386019 1.19892e-10 
123.5387513 4.428759e-10 
124.8961948 7.057154e-11 
124.8963398 3.651249e-10 
126.2539856 2.963864e-10 
126.25413 6.104894e-10 
127.6115764 2.34153e-10 
127.6117174 5.507163e-10 
128.9692245 1.842043e-10 
130.3268175 1.457547e-10 
130.3269515 4.435058e-10 
128.9693627 4.943252e-10 
131.6845983 3.974977e-10 
131.684733 6.648991e-10 
134.3998359 3.321544e-10 
133.0421884 3.638964e-10 
134.3999658 6.223831e-10 
133.0423201 6.422939e-10 
135.757427 3.130247e-10 
135.7575533 6.147369e-10 
138.4727866 5.979206e-10 
137.1151989 6.018193e-10 
138.472912 8.368778e-10 
137.1153267 8.070724e-10 
139.8304317 5.776638e-10 
139.8305562 8.590143e-10 
141.1880196 5.483865e-10 
141.1881409 8.865856e-10 
142.5457839 8.868133e-10 
142.5459071 1.058507e-09 
143.9033683 8.636585e-10 
143.9034892 1.120616e-09 
145.261011 7.949305e-10 
146.6185966 6.855589e-10 
146.618712 1.144438e-09 
145.2611306 1.150958e-09 
147.9763529 1.082393e-09 
147.9764714 1.333987e-09 
150.6915778 7.986603e-10 
149.3339353 9.620635e-10 
150.6916898 1.300959e-09 
149.3340503 1.348999e-09 
152.0491634 6.069071e-10 
152.0492693 1.186069e-09 
154.7644931 8.199271e-10 
153.4069104 1.020061e-09 
154.7645982 1.328162e-09 
153.4070211 1.426014e-09 
156.1221379 6.24964e-10 
156.1222382 1.175918e-09 
157.4797252 4.47169e-10 
157.4798182 9.876466e-10 
158.8374617 7.964633e-10 
158.8375608 1.245762e-09 
160.195046 6.179024e-10 
160.1951384 1.085135e-09 
161.5526936 4.760848e-10 
162.9102817 3.664427e-10 
162.9103621 7.542642e-10 
161.5527806 9.161385e-10 
164.268008 6.201451e-10 
164.2680949 9.620275e-10 
166.9832414 4.304743e-10 
165.6255929 5.113552e-10 
166.9833179 7.170018e-10 
165.6256736 8.307368e-10 
168.340828 3.671704e-10 
168.3408997 6.200381e-10 
171.0561296 4.720251e-10 
169.6985462 5.412664e-10 
171.0562026 6.649957e-10 
169.6986238 7.429895e-10 
172.4137769 4.094496e-10 
172.4138474 5.952946e-10 
173.7713605 3.51065e-10 
173.7714276 5.281068e-10 
175.1290733 4.617013e-10 
175.1291458 5.755159e-10 
176.486654 3.947019e-10 
176.4867232 5.163362e-10 
177.8442995 3.248158e-10 
179.2018799 2.60864e-10 
179.2019455 3.906107e-10 
177.8443674 4.544953e-10 
180.5595899 3.236934e-10 
180.5596605 3.876396e-10 
183.274812 2.079402e-10 
181.9171681 2.628987e-10 
183.2748798 2.82674e-10 
181.9172364 3.351522e-10 
184.6323895 1.662589e-10 
184.632456 2.365162e-10 
187.3476749 1.666965e-10 
185.9900993 1.960526e-10 
185.9901702 2.112477e-10 
187.3477446 1.839727e-10 
188.7053169 1.451704e-10 
188.7053872 1.633868e-10 
190.0628909 1.333699e-10 
190.0629611 1.50486e-10 
191.4206025 1.443129e-10 
191.4206762 1.167691e-10 
192.7781748 1.464135e-10 
192.7782485 1.180265e-10 
194.1358142 1.564316e-10 
195.4933841 1.714653e-10 
195.49346 1.432774e-10 
194.1358893 1.270949e-10 
196.8510987 1.688128e-10 
196.851177 9.712454e-11 
199.5663033 2.382985e-10 
198.208667 2.007786e-10 
199.566384 1.627916e-10 
198.2087461 1.234275e-10 
200.9238693 2.645927e-10 
200.9239508 2.103135e-10 
203.6391515 3.104464e-10 
202.2815862 2.659138e-10 
202.2816696 1.375799e-10 
203.6392357 1.973482e-10 
204.9967628 3.560169e-10 
204.9968476 2.798959e-10 
109.9620205 7.698889e-11 
109.9622016 3.97416e-10 
112.6774266 2.285569e-10 
112.6775993 5.705459e-10 
115.3926561 8.587451e-11 
115.3928245 4.136233e-10 
118.1080535 2.435461e-10 
118.1082149 5.869171e-10 
120.8232879 1.037708e-10 
120.8234434 4.306994e-10 
123.5386763 2.711363e-10 
123.5388262 5.997999e-10 
126.2539143 1.448302e-10 
126.2540578 4.623021e-10 
128.9692932 3.361701e-10 
128.9694324 6.30144e-10 
131.6845319 2.449103e-10 
131.6846656 5.456948e-10 
134.3999004 4.857358e-10 
134.4000313 7.220498e-10 
137.1151359 4.462277e-10 
137.1152628 7.27373e-10 
139.8304935 7.410929e-10 
139.8306188 9.208043e-10 
142.5457233 7.035892e-10 
142.5458455 1.007884e-09 
145.2610702 1.010239e-09 
145.2611913 1.205266e-09 
147.9762956 8.291712e-10 
147.9764119 1.257172e-09 
150.6916327 1.085042e-09 
150.6917479 1.41451e-09 
153.4068584 7.205504e-10 
153.4069649 1.270108e-09 
156.1221866 9.135799e-10 
156.1222918 1.363239e-09 
158.8374164 5.37641e-10 
158.83751 1.048206e-09 
161.5527356 6.938939e-10 
161.5528284 1.103166e-09 
164.2679688 4.429799e-10 
164.2680501 8.028273e-10 
166.9832784 5.729923e-10 
166.9833601 8.411394e-10 
169.6985108 4.242351e-10 
169.6985838 6.524291e-10 
172.4138112 5.078254e-10 
172.4138858 6.590219e-10 
175.1290396 3.769138e-10 
175.1291085 5.30922e-10 
177.8443327 3.982546e-10 
177.8444039 4.847551e-10 
180.5595568 2.637416e-10 
180.5596244 3.677313e-10 
183.2748454 2.521451e-10 
183.2749158 2.923233e-10 
185.9900654 1.674176e-10 
185.9901341 2.121069e-10 
188.7053517 1.602356e-10 
188.7054237 1.526431e-10 
191.4205665 1.416516e-10 
191.420639 1.35822e-10 
194.1358516 1.472214e-10 
194.1359275 9.939459e-11 
196.8510598 1.8975e-10 
196.8511377 1.357958e-10 
199.5663436 2.095796e-10 
199.5664245 1.094424e-10 
202.2815448 2.929689e-10 
202.2816278 2.087055e-10 
204.9968048 3.420935e-10 
204.9968908 1.854292e-10 
108.6043818 1.398478e-10 
109.9621117 2.225939e-10 
108.6045643 4.77074e-10 
109.9622899 5.617575e-10 
111.3196086 2.838312e-11 
111.3197874 3.093907e-10 
112.6773388 8.075844e-11 
114.0350141 1.480292e-10 
112.6775135 4.054111e-10 
114.0351848 4.925189e-10 
115.3927405 2.353107e-10 
115.3929076 5.794561e-10 
116.7502464 3.550863e-11 
118.1079725 9.308185e-11 
116.7504114 3.235026e-10 
118.1081345 4.217939e-10 
119.4656426 1.640389e-10 
119.4658012 5.077656e-10 
122.1808801 5.325028e-11 
122.1810315 3.455891e-10 
120.8233655 2.546808e-10 
120.8235211 5.931929e-10 
123.5386019 1.198539e-10 
123.5387513 4.4294e-10 
124.8962667 1.999616e-10 
126.2539856 2.963348e-10 
124.8964133 5.298346e-10 
126.25413 6.106593e-10 
127.6115075 9.922098e-11 
127.6116466 3.956702e-10 
128.9692245 1.84186e-10 
130.3268838 2.867665e-10 
128.9693627 4.943468e-10 
130.3270198 5.858538e-10 
131.6845983 3.975317e-10 
131.684733 6.649619e-10 
133.0421242 2.16282e-10 
134.3998359 3.32143e-10 
133.0422539 5.152004e-10 
134.3999658 6.224058e-10 
135.7574895 4.685555e-10 
135.7576177 7.255839e-10 
138.4727255 4.298895e-10 
138.4728491 7.412405e-10 
137.1151989 6.01872e-10 
137.1153267 8.070693e-10 
139.8304317 5.776292e-10 
139.8305562 8.590755e-10 
141.1880795 7.383365e-10 
142.5457839 8.867998e-10 
141.1882026 9.725355e-10 
142.5459071 1.058536e-09 
143.9033098 6.41463e-10 
143.9034285 1.030883e-09 
145.261011 7.948657e-10 
146.6186533 9.447403e-10 
145.2611306 1.151016e-09 
146.6187717 1.256304e-09 
147.9763529 1.082363e-09 
147.9764714 1.334032e-09 
149.3338808 6.699395e-10 
150.6915778 7.986293e-10 
149.3339921 1.201098e-09 
150.6916898 1.30095e-09 
152.0492149 9.130997e-10 
152.0493256 1.375965e-09 
154.7644447 5.243689e-10 
154.7645445 1.105456e-09 
153.4069104 1.020097e-09 
153.4070211 1.425978e-09 
156.1221379 6.249944e-10 
156.1222382 1.17584e-09 
157.4797701 7.132242e-10 
158.8374617 7.965215e-10 
157.479869 1.22095e-09 
158.8375608 1.245649e-09 
160.1950043 3.928933e-10 
160.1950908 8.624811e-10 
161.5526936 4.761323e-10 
162.9103204 5.504992e-10 
161.5527806 9.160273e-10 
162.9104066 9.477034e-10 
164.268008 6.201546e-10 
164.2680949 9.61932e-10 
165.6255565 3.620236e-10 
166.9832414 4.304882e-10 
165.6256319 6.7492e-10 
166.9833179 7.168758e-10 
168.3408627 4.906044e-10 
168.340939 7.388933e-10 
171.056096 3.671665e-10 
171.056165 5.764484e-10 
169.6985462 5.412215e-10 
169.6986238 7.42954e-10 
172.4137769 4.094274e-10 
172.4138474 5.951647e-10 
173.7713933 4.424429e-10 
175.1290733 4.616458e-10 
173.7714639 5.944804e-10 
175.1291458 5.755068e-10 
176.4866216 3.13292e-10 
176.4866877 4.666358e-10 
177.8442995 3.248083e-10 
179.2019121 3.305666e-10 
177.8443674 4.543712e-10 
179.2019806 4.281501e-10 
180.5595899 3.236827e-10 
180.5596605 3.876175e-10 
181.9171358 2.079254e-10 
183.274812 2.079811e-10 
181.9172015 3.090906e-10 
183.2748798 2.82574e-10 
184.6324223 2.058372e-10 
184.632491 2.49931e-10 
187.3476412 1.409125e-10 
185.9900993 1.960762e-10 
187.3477092 1.829767e-10 
185.9901702 2.112346e-10 
188.7053169 1.452251e-10 
188.7053872 1.633125e-10 
190.0629257 1.470804e-10 
191.4206025 1.443141e-10 
190.0629972 1.408193e-10 
191.4206762 1.167853e-10 
192.7781385 1.436647e-10 
192.7782114 1.376768e-10 
194.1358142 1.565038e-10 
195.493422 1.64334e-10 
194.1358893 1.27047e-10 
195.4934983 1.125729e-10 
196.8510987 1.687724e-10 
196.851177 9.718476e-11 
198.2086277 2.146154e-10 
199.5663033 2.383293e-10 
198.2087065 1.672948e-10 
199.566384 1.62752e-10 
200.9239099 2.52299e-10 
200.9239917 1.515122e-10 
203.6391103 3.104525e-10 
202.2815862 2.658751e-10 
203.6391935 2.691966e-10 
202.2816696 1.376262e-10 
204.9967628 3.560536e-10 
204.9968476 2.798864e-10 
108.6042884 2.687561e-11 
108.6044739 3.03573e-10 
111.3196984 1.432987e-10 
111.3198751 4.845479e-10 
114.034928 3.105218e-11 
114.0350999 3.160677e-10 
116.7503288 1.545943e-10 
116.7504935 5.001682e-10 
119.4655639 4.245973e-11 
119.4657219 3.326779e-10 
122.1809553 1.780919e-10 
122.1811078 5.16947e-10 
124.8961948 7.057137e-11 
124.8963398 3.650774e-10 
127.6115764 2.340794e-10 
127.6117174 5.508241e-10 
130.3268175 1.457402e-10 
130.3269515 4.434607e-10 
133.0421884 3.63828e-10 
133.0423201 6.423528e-10 
135.757427 3.129846e-10 
135.7575533 6.147055e-10 
138.4727866 5.977961e-10 
138.472912 8.369666e-10 
141.1880196 5.482811e-10 
141.1881409 8.865611e-10 
143.9033683 8.635004e-10 
143.9034892 1.120761e-09 
146.6185966 6.853585e-10 
146.618712 1.144466e-09 
149.3339353 9.619627e-10 
149.3340503 1.349105e-09 
152.0491634 6.067291e-10 
152.0492693 1.186167e-09 
154.7644931 8.199206e-10 
154.7645982 1.328165e-09 
157.4797252 4.471077e-10 
157.4798182 9.877232e-10 
160.1950459 6.179373e-10 
160.1951384 1.085071e-09 
162.9102817 3.664702e-10 
162.9103621 7.542497e-10 
165.6255929 5.113619e-10 
165.6256736 8.306637e-10 
168.340828 3.672298e-10 
168.3408997 6.199407e-10 
171.0561296 4.719932e-10 
171.0562026 6.649404e-10 
173.7713605 3.511045e-10 
173.7714276 5.27991e-10 
176.486654 3.946536e-10 
176.4867232 5.16285e-10 
179.2018799 2.608846e-10 
179.2019455 3.905329e-10 
181.9171681 2.628992e-10 
181.9172364 3.350959e-10 
184.6323895 1.662699e-10 
184.632456 2.364775e-10 
187.3476749 1.667303e-10 
187.3477446 1.83928e-10 
190.0628909 1.333892e-10 
190.0629611 1.504411e-10 
192.7781748 1.464468e-10 
192.7782485 1.180133e-10 
195.4933841 1.714928e-10 
195.49346 1.432215e-10 
198.208667 2.007479e-10 
198.2087461 1.234544e-10 
200.9238693 2.646256e-10 
200.9239508 2.102456e-10 
203.6391515 3.104189e-10 
203.6392357 1.973818e-10 
109.9620205 7.699904e-11 
108.6043818 1.398641e-10 
109.9622016 3.974215e-10 
108.6045643 4.771029e-10 
111.3196086 2.838671e-11 
111.3197874 3.093919e-10 
114.0350141 1.480155e-10 
112.6774266 2.28552e-10 
112.6775993 5.706474e-10 
114.0351848 4.925846e-10 
115.3926561 8.584768e-11 
115.3928245 4.136668e-10 
116.7502464 3.550258e-11 
118.1080535 2.434882e-10 
116.7504114 3.234771e-10 
118.1082149 5.870896e-10 
119.4656426 1.639895e-10 
119.4658012 5.078672e-10 
120.8232879 1.037173e-10 
122.1808801 5.323446e-11 
122.1810315 3.455498e-10 
120.8234434 4.307682e-10 
123.5386763 2.71044e-10 
123.5388262 6.00004e-10 
126.2539143 1.44775e-10 
124.8962667 1.998716e-10 
126.2540578 4.623387e-10 
124.8964133 5.299473e-10 
127.6115075 9.919764e-11 
127.6116466 3.955989e-10 
130.3268838 2.866399e-10 
128.9692932 3.360886e-10 
128.9694324 6.303245e-10 
130.3270198 5.859654e-10 
131.6845319 2.448491e-10 
131.6846656 5.456896e-10 
133.0421242 2.162433e-10 
134.3999004 4.856474e-10 
133.0422539 5.150732e-10 
134.4000313 7.222129e-10 
135.7574895 4.683648e-10 
135.7576177 7.257239e-10 
137.1151359 4.461172e-10 
138.4727255 4.297743e-10 
138.4728491 7.410939e-10 
137.1152628 7.273865e-10 
139.8304935 7.409645e-10 
139.8306188 9.210072e-10 
142.5457233 7.033978e-10 
141.1880795 7.381057e-10 
142.5458455 1.00795e-09 
141.1882026 9.727341e-10 
143.9033098 6.411642e-10 
143.9034285 1.030829e-09 
146.6186533 9.445647e-10 
145.2610702 1.01016e-09 
145.2611913 1.205504e-09 
146.6187717 1.256526e-09 
147.9762956 8.289249e-10 
147.9764119 1.257269e-09 
149.3338808 6.695224e-10 
150.6916327 1.085091e-09 
149.3339921 1.201213e-09 
150.6917479 1.414682e-09 
152.0492149 9.130095e-10 
152.0493256 1.376148e-09 
153.4068584 7.203738e-10 
154.7644447 5.240563e-10 
154.7645445 1.105623e-09 
153.4069649 1.270189e-09 
156.1221866 9.136815e-10 
156.1222918 1.36332e-09 
158.8374164 5.375852e-10 
157.4797701 7.132032e-10 
158.83751 1.048213e-09 
157.479869 1.221079e-09 
160.1950043 3.927508e-10 
160.1950908 8.625382e-10 
162.9103204 5.505054e-10 
161.5527356 6.939434e-10 
161.5528284 1.103229e-09 
162.9104066 9.477866e-10 
164.2679688 4.429868e-10 
164.2680501 8.027589e-10 
165.6255565 3.619846e-10 
166.9832784 5.729528e-10 
165.6256319 6.748532e-10 
166.9833601 8.412436e-10 
168.3408627 4.905889e-10 
168.340939 7.389539e-10 
169.6985108 4.242292e-10 
171.056096 3.671595e-10 
171.056165 5.763242e-10 
169.6985838 6.523198e-10 
172.4138112 5.077264e-10 
172.4138858 6.591496e-10 
175.1290396 3.768684e-10 
173.7713933 4.423827e-10 
175.1291085 5.308141e-10 
173.7714639 5.945436e-10 
176.4866216 3.132705e-10 
176.4866877 4.665229e-10 
179.2019121 3.304975e-10 
177.8443327 3.98161e-10 
177.8444039 4.848504e-10 
179.2019806 4.281873e-10 
180.5595568 2.63709e-10 
180.5596244 3.676482e-10 
181.9171358 2.079023e-10 
183.2748454 2.521068e-10 
181.9172015 3.090347e-10 
183.2749158 2.923601e-10 
184.6324223 2.058067e-10 
184.632491 2.499411e-10 
185.9900654 1.674246e-10 
187.3476412 1.408872e-10 
187.3477092 1.829465e-10 
185.9901341 2.120561e-10 
188.7053517 1.602187e-10 
188.7054237 1.526673e-10 
191.4205665 1.416672e-10 
190.0629257 1.470622e-10 
191.420639 1.357815e-10 
190.0629972 1.408196e-10 
192.7781385 1.436562e-10 
192.7782114 1.376414e-10 
195.493422 1.642993e-10 
194.1358516 1.471927e-10 
194.1359275 9.94275e-11 
195.4934983 1.125899e-10 
196.8510598 1.89747e-10 
196.8511377 1.357814e-10 
198.2086277 2.146016e-10 
198.2087065 1.672489e-10 
199.5663436 2.094911e-10 
199.5664245 1.095017e-10 
200.9239099 2.522147e-10 
200.9239917 1.515374e-10 
202.2815448 2.929728e-10 
203.6391103 3.104172e-10 
203.6391935 2.692085e-10 
202.2816278 2.086883e-10 
204.9968048 3.420909e-10 
204.9968908 1.85445e-10 
109.9621117 2.226073e-10 
109.9622899 5.61811e-10 
112.6773388 8.076552e-11 
112.6775135 4.054209e-10 
115.3927405 2.352791e-10 
115.3929076 5.795715e-10 
118.1079725 9.305883e-11 
118.1081345 4.218215e-10 
120.8233655 2.546243e-10 
120.8235211 5.933269e-10 
123.5386019 1.197996e-10 
123.5387513 4.4297e-10 
126.2539856 2.96242e-10 
126.25413 6.108072e-10 
128.9692245 1.841152e-10 
128.9693627 4.943438e-10 
131.6845983 3.973697e-10 
131.684733 6.651674e-10 
134.3998359 3.320269e-10 
134.3999658 6.223773e-10 
137.1151989 6.016401e-10 
137.1153267 8.073587e-10 
139.8304317 5.774216e-10 
139.8305562 8.59077e-10 
142.5457839 8.866204e-10 
142.5459071 1.058878e-09 
145.261011 7.945569e-10 
145.2611306 1.151099e-09 
147.9763529 1.082367e-09 
147.9764714 1.334339e-09 
150.6915778 7.982961e-10 
150.6916898 1.301117e-09 
153.4069104 1.02021e-09 
153.4070211 1.42621e-09 
156.1221379 6.247777e-10 
156.1222382 1.175997e-09 
158.8374617 7.965981e-10 
158.8375608 1.24586e-09 
161.5526936 4.76064e-10 
161.5527806 9.160804e-10 
164.268008 6.201561e-10 
164.2680949 9.621565e-10 
166.9832414 4.304849e-10 
166.9833179 7.168511e-10 
169.6985462 5.411415e-10 
169.6986238 7.431884e-10 
172.4137769 4.094058e-10 
172.4138474 5.951116e-10 
175.1290733 4.615285e-10 
175.1291458 5.757063e-10 
177.8442995 3.247434e-10 
177.8443674 4.543382e-10 
180.5595899 3.235855e-10 
180.5596605 3.877439e-10 
183.274812 2.079259e-10 
183.2748798 2.825645e-10 
185.9900993 1.960257e-10 
185.9901702 2.11287e-10 
188.7053169 1.451787e-10 
188.7053872 1.633223e-10 
191.4206025 1.442647e-10 
191.4206762 1.168137e-10 
194.1358142 1.564742e-10 
194.1358893 1.270402e-10 
196.8510987 1.687281e-10 
196.851177 9.720974e-11 
199.5663033 2.382639e-10 
199.566384 1.627473e-10 
202.2815862 2.658312e-10 
202.2816696 1.376348e-10 
204.9967628 3.56017e-10 
204.9968476 2.799538e-10 
108.6042884 2.688185e-11 
109.9620205 7.701612e-11 
108.6044739 3.036044e-10 
109.9622016 3.97425e-10 
111.3196984 1.433032e-10 
111.3198751 4.845806e-10 
114.034928 3.105902e-11 
112.6774266 2.285368e-10 
114.0350999 3.160416e-10 
112.6775993 5.706901e-10 
115.3926561 8.586413e-11 
115.3928245 4.136533e-10 
116.7503288 1.545925e-10 
118.1080535 2.434721e-10 
116.7504935 5.002056e-10 
118.1082149 5.871256e-10 
119.4655639 4.24471e-11 
119.4657219 3.326464e-10 
120.8232879 1.037061e-10 
122.1809553 1.78062e-10 
120.8234434 4.307535e-10 
122.1811078 5.169827e-10 
123.5386763 2.710211e-10 
123.5388262 6.000229e-10 
124.8961948 7.053822e-11 
126.2539143 1.447283e-10 
124.8963398 3.650413e-10 
126.2540578 4.623273e-10 
127.6115764 2.339812e-10 
127.6117174 5.508949e-10 
130.3268175 1.457093e-10 
128.9692932 3.359727e-10 
130.3269515 4.433474e-10 
128.9694324 6.304197e-10 
131.6845319 2.447683e-10 
131.6846656 5.456622e-10 
133.0421884 3.63643e-10 
134.3999004 4.854044e-10 
133.0423201 6.42488e-10 
134.4000313 7.224489e-10 
135.757427 3.129242e-10 
135.7575533 6.144992e-10 
137.1151359 4.459761e-10 
138.4727866 5.975644e-10 
137.1152628 7.273392e-10 
138.472912 8.371522e-10 
139.8304935 7.407231e-10 
139.8306188 9.213307e-10 
141.1880196 5.480641e-10 
142.5457233 7.031669e-10 
141.1881409 8.86394e-10 
142.5458455 1.007944e-09 
143.9033683 8.633147e-10 
143.9034892 1.12097e-09 
146.6185966 6.849369e-10 
145.2610702 1.010091e-09 
146.618712 1.144491e-09 
145.2611913 1.205809e-09 
147.9762956 8.286207e-10 
147.9764119 1.257384e-09 
149.3339353 9.618481e-10 
150.6916327 1.085169e-09 
149.3340503 1.349335e-09 
150.6917479 1.41494e-09 
152.0491634 6.062825e-10 
152.0492693 1.186335e-09 
153.4068584 7.200868e-10 
154.7644931 8.19843e-10 
153.4069649 1.270396e-09 
154.7645982 1.328415e-09 
156.1221866 9.137521e-10 
156.1222918 1.363585e-09 
157.4797252 4.468082e-10 
158.8374164 5.374181e-10 
157.4798182 9.878459e-10 
158.83751 1.048383e-09 
160.1950459 6.179013e-10 
160.1951384 1.085302e-09 
162.9102817 3.663105e-10 
161.5527356 6.939579e-10 
162.9103621 7.542486e-10 
161.5528284 1.103515e-09 
164.2679688 4.429445e-10 
164.2680501 8.028392e-10 
165.6255929 5.113549e-10 
166.9832784 5.729269e-10 
165.6256736 8.30848e-10 
166.9833601 8.415183e-10 
168.340828 3.671478e-10 
168.3408997 6.198647e-10 
169.6985108 4.242286e-10 
171.0561296 4.719676e-10 
169.6985838 6.523542e-10 
171.0562026 6.650959e-10 
172.4138112 5.07655e-10 
172.4138858 6.593815e-10 
173.7713604 3.510419e-10 
175.1290396 3.768345e-10 
173.7714276 5.279039e-10 
175.1291085 5.308488e-10 
176.486654 3.945806e-10 
176.4867232 5.164205e-10 
179.2018799 2.608262e-10 
177.8443327 3.980694e-10 
179.2019455 3.904739e-10 
177.8444039 4.850264e-10 
180.5595568 2.636327e-10 
180.5596244 3.676974e-10 
181.9171681 2.628188e-10 
183.2748454 2.520244e-10 
181.9172364 3.351913e-10 
183.2749158 2.924594e-10 
184.6323895 1.66219e-10 
184.632456 2.364563e-10 
185.9900654 1.673518e-10 
187.3476749 1.666621e-10 
185.9901341 2.121088e-10 
187.3477446 1.839769e-10 
188.7053517 1.601706e-10 
188.7054237 1.52702e-10 
190.0628909 1.333388e-10 
191.4205665 1.415743e-10 
190.0629611 1.504334e-10 
191.420639 1.358285e-10 
192.7781748 1.463779e-10 
192.7782485 1.180336e-10 
195.4933841 1.714652e-10 
194.1358516 1.471494e-10 
195.49346 1.43211e-10 
194.1359275 9.942782e-11 
196.8510598 1.896801e-10 
196.8511377 1.358049e-10 
198.208667 2.006735e-10 
199.5663436 2.094596e-10 
198.2087461 1.234677e-10 
199.5664245 1.095006e-10 
200.9238693 2.646057e-10 
200.9239508 2.102276e-10 
202.2815448 2.929308e-10 
203.6391515 3.10397e-10 
202.2816278 2.086925e-10 
203.6392357 1.973792e-10 
204.9968048 3.42129e-10 
204.9968908 1.854384e-10 
108.6043818 1.398762e-10 
108.6045643 4.771014e-10 
111.3196086 2.839688e-11 
111.3197874 3.093854e-10 
114.0350141 1.480305e-10 
114.0351848 4.925816e-10 
116.7502464 3.550741e-11 
116.7504114 3.23447e-10 
119.4656426 1.64021e-10 
119.4658012 5.0782e-10 
122.1808801 5.321056e-11 
122.1810315 3.455445e-10 
124.8962667 1.998648e-10 
124.8964133 5.299131e-10 
127.6115075 9.916515e-11 
127.6116466 3.95563e-10 
130.3268838 2.865383e-10 
130.3270198 5.860178e-10 
133.0421242 2.162257e-10 
133.0422539 5.149315e-10 
135.7574895 4.682e-10 
135.7576177 7.258491e-10 
138.4727255 4.296952e-10 
138.4728491 7.409006e-10 
141.1880795 7.379824e-10 
141.1882026 9.728593e-10 
143.9033098 6.409309e-10 
143.9034285 1.03075e-09 
146.6186533 9.445055e-10 
146.6187717 1.256655e-09 
149.3338808 6.691864e-10 
149.3339921 1.201289e-09 
152.0492149 9.129467e-10 
152.0493256 1.376356e-09 
154.7644447 5.237508e-10 
154.7645445 1.105726e-09 
157.4797701 7.131285e-10 
157.479869 1.22135e-09 
160.1950043 3.925348e-10 
160.1950908 8.625762e-10 
162.9103204 5.504734e-10 
162.9104066 9.480387e-10 
165.6255565 3.618397e-10 
165.6256319 6.748442e-10 
168.3408627 4.905882e-10 
168.340939 7.391606e-10 
171.056096 3.670604e-10 
171.056165 5.763071e-10 
173.7713933 4.423597e-10 
173.7714639 5.947224e-10 
176.4866216 3.131937e-10 
176.4866877 4.665079e-10 
179.2019121 3.304338e-10 
179.2019806 4.283368e-10 
181.9171358 2.07836e-10 
181.9172015 3.090302e-10 
184.6324223 2.057186e-10 
184.632491 2.500453e-10 
187.3476412 1.408302e-10 
187.3477092 1.829597e-10 
190.0629257 1.469699e-10 
190.0629972 1.408747e-10 
192.7781385 1.435986e-10 
192.7782114 1.376606e-10 
195.493422 1.642304e-10 
195.4934983 1.125947e-10 
198.2086277 2.145482e-10 
198.2087065 1.672827e-10 
200.9239099 2.521529e-10 
200.9239917 1.515281e-10 
203.6391103 3.103904e-10 
203.6391935 2.692401e-10 
108.6042884 2.688171e-11 
108.6044739 3.036227e-10 
109.9621117 2.226096e-10 
109.9622899 5.617795e-10 
111.3196984 1.43311e-10 
111.3198751 4.845608e-10 
114.034928 3.107005e-11 
112.6773388 8.078896e-11 
114.0350999 3.160212e-10 
112.6775135 4.054e-10 
115.3927405 2.352767e-10 
115.3929076 5.795353e-10 
118.1079725 9.309074e-11 
116.7503288 1.546385e-10 
118.1081345 4.21768e-10 
116.7504935 5.001257e-10 
119.4655639 4.244517e-11 
119.4657219 3.326503e-10 
122.1809553 1.781248e-10 
120.8233655 2.546609e-10 
120.8235211 5.932251e-10 
122.1811078 5.168613e-10 
123.5386019 1.198065e-10 
123.5387513 4.429223e-10 
124.8961948 7.051899e-11 
126.2539856 2.9624e-10 
124.8963398 3.650641e-10 
126.25413 6.107303e-10 
127.6115764 2.339978e-10 
127.6117174 5.50832e-10 
130.3268175 1.457009e-10 
128.9692245 1.840853e-10 
130.3269515 4.433216e-10 
128.9693627 4.943184e-10 
131.6845983 3.972358e-10 
131.684733 6.652285e-10 
134.3998359 3.319682e-10 
133.0421884 3.635958e-10 
134.3999658 6.223406e-10 
133.0423201 6.425091e-10 
135.757427 3.129308e-10 
135.7575533 6.144075e-10 
138.4727866 5.975422e-10 
137.1151989 6.014385e-10 
138.472912 8.371807e-10 
137.1153267 8.075418e-10 
139.8304317 5.773336e-10 
139.8305562 8.590146e-10 
141.1880196 5.480373e-10 
141.1881409 8.863109e-10 
142.5457839 8.865273e-10 
142.5459071 1.059063e-09 
143.9033683 8.633635e-10 
143.9034892 1.120955e-09 
145.261011 7.944227e-10 
146.6185966 6.848707e-10 
146.618712 1.144479e-09 
145.2611306 1.151092e-09 
147.9763529 1.0824e-09 
147.9764714 1.33448e-09 
150.6915778 7.981241e-10 
149.3339353 9.618757e-10 
150.6916898 1.301232e-09 
149.3340503 1.349367e-09 
152.0491634 6.061889e-10 
152.0492693 1.186342e-09 
154.7644931 8.198013e-10 
153.4069104 1.020242e-09 
154.7645982 1.328568e-09 
153.4070211 1.426391e-09 
156.1221379 6.24614e-10 
156.1222382 1.176172e-09 
157.4797252 4.466829e-10 
157.4798182 9.878436e-10 
158.8374617 7.965876e-10 
158.8375608 1.246102e-09 
160.1950459 6.17843e-10 
160.1951384 1.085507e-09 
161.5526936 4.759745e-10 
162.9102817 3.661853e-10 
162.9103621 7.542642e-10 
161.5527806 9.162258e-10 
164.268008 6.201471e-10 
164.2680949 9.623916e-10 
166.9832414 4.304705e-10 
165.6255929 5.11344e-10 
166.9833179 7.169603e-10 
165.6256736 8.310348e-10 
168.340828 3.670379e-10 
168.3408997 6.199124e-10 
171.0561296 4.719861e-10 
169.6985462 5.411391e-10 
171.0562026 6.652474e-10 
169.6986238 7.433697e-10 
172.4137769 4.094121e-10 
172.4138474 5.952098e-10 
173.7713604 3.509622e-10 
173.7714276 5.279668e-10 
175.1290733 4.6151e-10 
175.1291458 5.758373e-10 
176.486654 3.945811e-10 
176.4867232 5.165548e-10 
177.8442995 3.247132e-10 
179.2018799 2.607712e-10 
179.2019455 3.905154e-10 
177.8443674 4.544427e-10 
180.5595899 3.235364e-10 
180.5596605 3.878448e-10 
183.274812 2.07851e-10 
181.9171681 2.627696e-10 
183.2748798 2.826573e-10 
181.9172364 3.353072e-10 
184.6323895 1.661757e-10 
184.632456 2.364805e-10 
187.3476749 1.665861e-10 
185.9900993 1.959714e-10 
187.3477446 1.84052e-10 
185.9901702 2.113327e-10 
188.7053169 1.450947e-10 
188.7053872 1.63403e-10 
190.0628909 1.332883e-10 
191.4206025 1.442324e-10 
190.0629611 1.504743e-10 
191.4206762 1.168146e-10 
192.7781748 1.463016e-10 
192.7782485 1.180592e-10 
195.4933841 1.714211e-10 
194.1358142 1.563843e-10 
195.49346 1.432598e-10 
194.1358893 1.27084e-10 
196.8510987 1.687406e-10 
196.851177 9.716508e-11 
199.5663033 2.381931e-10 
198.208667 2.006592e-10 
199.566384 1.627835e-10 
198.2087461 1.234492e-10 
200.9238693 2.645601e-10 
200.9239508 2.102839e-10 
203.6391515 3.104108e-10 
202.2815862 2.658427e-10 
203.6392357 1.973437e-10 
202.2816696 1.375938e-10 
204.9967628 3.559571e-10 
204.9968476 2.800033e-10 
109.9620205 7.70169e-11 
109.9622016 3.974216e-10 
112.6774266 2.28534e-10 
112.6775993 5.706164e-10 
115.3926561 8.589966e-11 
115.3928245 4.135994e-10 
118.1080535 2.43521e-10 
118.1082149 5.869748e-10 
120.8232879 1.037525e-10 
120.8234434 4.306786e-10 
123.5386763 2.710955e-10 
123.5388262 5.998292e-10 
126.2539143 1.447579e-10 
126.2540578 4.622833e-10 
128.9692932 3.35985e-10 
128.9694324 6.303002e-10 
131.6845319 2.447752e-10 
131.6846656 5.456472e-10 
134.3999004 4.853454e-10 
134.4000313 7.224293e-10 
137.1151359 4.459987e-10 
137.1152628 7.273005e-10 
139.8304935 7.406971e-10 
139.8306188 9.213272e-10 
142.5457233 7.032226e-10 
142.5458455 1.007873e-09 
145.2610702 1.01013e-09 
145.2611913 1.205761e-09 
147.9762956 8.286729e-10 
147.9764119 1.257356e-09 
150.6916327 1.085167e-09 
150.6917479 1.414925e-09 
153.4068584 7.200873e-10 
153.4069649 1.270445e-09 
156.1221866 9.136943e-10 
156.1222918 1.363671e-09 
158.8374164 5.373708e-10 
158.83751 1.048481e-09 
161.5527356 6.939183e-10 
161.5528284 1.10363e-09 
164.2679688 4.429115e-10 
164.2680501 8.029598e-10 
166.9832784 5.729489e-10 
166.9833601 8.415836e-10 
169.6985108 4.24235e-10 
169.6985838 6.524832e-10 
172.4138112 5.077129e-10 
172.4138858 6.593977e-10 
175.1290396 3.768569e-10 
175.1291085 5.309779e-10 
177.8443327 3.98105e-10 
177.8444039 4.850386e-10 
180.5595568 2.636199e-10 
180.5596244 3.678122e-10 
183.2748454 2.520115e-10 
183.2749158 2.924843e-10 
185.9900654 1.672994e-10 
185.9901341 2.121914e-10 
188.7053517 1.601586e-10 
188.7054237 1.526993e-10 
191.4205665 1.415008e-10 
191.420639 1.35898e-10 
194.1358516 1.471509e-10 
194.1359275 9.939494e-11 
196.8510598 1.896421e-10 
196.8511377 1.358338e-10 
199.5663436 2.095287e-10 
199.5664245 1.094407e-10 
202.2815448 2.929004e-10 
202.2816278 2.087121e-10 
204.9968048 3.421559e-10 
204.9968908 1.854184e-10 
