# c_kinat vs. Position.Y (2660 data points):
# Position.Y c_kinat
1.3391144 5.206619e-10 
2.6963537 1.61937e-09 
2.6966374 8.046504e-10 
4.0540015 7.108494e-10 
5.4115619 5.352096e-10 
4.0543166 1.0855e-09 
5.411913 9.280936e-10 
6.7692541 2.674297e-09 
8.1264894 1.213325e-09 
9.4841878 2.011271e-09 
8.1268625 3.265522e-09 
9.4845549 2.958098e-09 
10.8417968 7.642176e-10 
10.8421676 1.58947e-09 
13.5567644 2.269305e-09 
12.1994958 4.873493e-10 
13.5570991 1.590027e-09 
14.9144667 1.457391e-09 
14.9148185 4.155979e-09 
16.2720677 6.840414e-10 
17.629784 2.009932e-09 
16.2724873 4.129181e-09 
20.344803 4.504983e-10 
18.9870688 1.098645e-09 
18.9874392 2.740308e-09 
20.3451867 1.126571e-09 
21.7024421 8.696668e-10 
21.7028678 1.580241e-09 
24.417462 2.16018e-09 
23.0601844 2.071522e-09 
24.4178457 3.730769e-10 
25.7751975 2.742452e-09 
25.775641 1.696913e-09 
27.132858 1.582493e-09 
28.4906524 1.014851e-09 
27.1333704 1.972942e-09 
29.8479481 3.510148e-09 
29.8483842 9.602099e-10 
31.2057198 2.973657e-09 
32.5634398 2.533818e-09 
31.2061969 4.716371e-10 
32.5639224 5.204944e-10 
33.9212482 2.847583e-09 
36.6363546 4.821e-09 
35.27854 2.659231e-09 
35.2789887 3.632955e-10 
36.6368153 1.145794e-09 
37.9940884 3.64642e-09 
37.9945801 3.448631e-09 
40.7092335 1.256891e-09 
39.3519334 2.010795e-09 
40.7096941 1.055824e-09 
42.067064 3.990521e-09 
42.0675355 1.007643e-09 
43.4248438 6.634415e-09 
44.782687 3.04267e-09 
43.4252988 6.432453e-09 
46.140041 1.645208e-09 
46.140471 1.12059e-10 
47.4978913 3.037273e-09 
48.8556754 1.770758e-09 
47.498338 8.929861e-10 
48.8561477 2.652672e-09 
50.2135508 2.316817e-09 
52.9288204 4.062714e-09 
51.5709342 2.862746e-09 
51.5713356 9.799444e-11 
52.9291988 1.291825e-09 
54.2865935 6.196363e-09 
54.2870395 5.968935e-09 
57.0019047 2.391832e-09 
55.6444653 2.147775e-09 
57.0022684 1.673985e-10 
58.3597793 3.454591e-09 
58.3601711 1.351961e-09 
59.7175994 3.650888e-09 
61.0754781 2.649738e-09 
59.7180114 1.813787e-09 
62.4329206 2.532207e-09 
62.4333132 1.030357e-09 
63.7908276 4.980946e-09 
65.1486634 3.525831e-09 
63.7912123 7.651884e-10 
65.1490763 2.252331e-09 
66.5065606 1.221309e-09 
69.2219434 2.096038e-09 
67.8640233 3.785321e-09 
67.8644205 6.852149e-10 
69.222321 1.609946e-09 
70.5797856 9.542632e-10 
70.5801723 2.356274e-09 
73.295172 2.724712e-09 
71.9376959 2.894649e-10 
73.2955451 2.303259e-09 
74.6530753 1.09347e-09 
74.653453 3.637625e-09 
76.0109407 4.300996e-10 
77.3688605 1.968533e-09 
76.0113116 1.890844e-09 
78.7263401 9.082134e-10 
78.7267169 2.516259e-09 
80.0842599 2.691837e-10 
81.4421255 6.57295e-10 
80.0846248 2.135391e-09 
81.4424942 9.931034e-10 
82.800028 1.887624e-09 
85.5154488 2.391777e-10 
84.1575419 2.225474e-09 
84.1579005 4.891239e-09 
85.5158304 3.228527e-09 
86.8733185 1.299646e-09 
86.87371 5.354454e-10 
89.5887604 3.610074e-10 
88.2312417 1.786983e-09 
89.5891131 8.94348e-10 
90.9466842 9.174269e-10 
90.9470243 1.976576e-10 
92.3045461 1.146965e-09 
93.6624543 6.279218e-10 
92.3049063 4.705837e-10 
95.0199927 6.032893e-10 
95.0203381 2.076777e-10 
96.377905 5.057571e-10 
97.7357788 3.440415e-10 
96.3782694 6.578058e-10 
97.7361496 1.543925e-09 
99.093693 8.392572e-10 
101.8091294 1.436499e-09 
100.4512211 3.562232e-09 
100.451561 2.734592e-09 
101.8094799 2.10976e-09 
103.1669904 1.826185e-10 
103.1673724 1.616534e-09 
105.8823769 1.430537e-09 
104.5249087 2.448518e-10 
105.8828 1.820247e-09 
107.240297 1.508043e-09 
107.2407241 4.178854e-09 
1.3389676 1.980152e-09 
1.3392568 6.501009e-10 
2.696491 3.540695e-10 
2.6967962 1.294505e-09 
5.4114164 1.433389e-09 
4.054155 4.590922e-10 
5.4117382 2.158182e-09 
6.7690765 1.055748e-09 
6.7694298 4.185138e-09 
8.1266633 2.759436e-09 
9.4843732 1.95761e-09 
8.1270463 2.34839e-09 
10.8416068 1.53581e-09 
10.8419857 1.823461e-09 
12.1993217 8.12761e-10 
13.5569244 3.292085e-10 
12.1996733 1.854817e-09 
13.5573103 3.199172e-09 
14.9146133 8.449622e-10 
16.2719125 3.103416e-09 
17.6296121 1.257194e-09 
16.2722503 3.555891e-09 
17.6300022 4.29066e-09 
18.987243 6.024008e-10 
20.3449806 8.405049e-10 
18.9876757 7.005256e-10 
21.7022582 7.177e-10 
21.7026333 5.049587e-10 
23.0599982 3.093222e-09 
24.4176348 3.667988e-09 
23.0603915 1.030626e-09 
24.4181008 4.057747e-09 
25.775394 8.809332e-10 
27.1326953 3.186508e-09 
28.4904355 2.493713e-09 
27.1330953 9.60658e-10 
28.4909171 1.677163e-09 
29.8481373 2.829196e-09 
29.8486397 1.139536e-09 
32.5632438 7.583342e-10 
31.205939 2.153282e-09 
32.5636674 1.426578e-09 
33.9210338 3.396457e-09 
33.92148 2.974724e-10 
35.2787478 3.500841e-09 
36.6365746 2.976732e-09 
35.27924 3.363246e-09 
37.9938722 2.070552e-09 
37.9943287 3.938199e-10 
39.3516951 2.029932e-09 
40.7094562 4.252787e-09 
39.3521653 5.339295e-10 
40.7099198 2.109051e-09 
42.0673019 3.21797e-09 
43.4246308 4.592888e-09 
44.782462 6.999969e-09 
43.4250664 1.564707e-09 
44.7829215 1.628148e-09 
46.1402521 3.120713e-09 
46.1407066 2.963328e-09 
48.8554711 1.543033e-09 
47.4981156 1.407358e-09 
48.8559049 3.341025e-10 
50.2133537 4.091541e-09 
50.2137612 1.987363e-09 
51.5711306 5.742088e-09 
52.9290008 4.07275e-09 
51.57158 5.380146e-09 
54.2864187 1.575546e-09 
54.2867849 8.987554e-11 
55.6442931 1.431624e-09 
57.0020874 3.065384e-09 
55.6446745 9.922726e-10 
57.0025175 2.975478e-09 
58.3599609 8.386104e-10 
59.7174108 2.071969e-09 
61.0753 4.165286e-09 
59.7177816 7.289446e-10 
61.075678 6.425576e-10 
62.4331324 3.422367e-09 
62.4335248 1.925689e-09 
65.1484639 4.494e-09 
65.1488574 6.809653e-10 
63.791007 2.451292e-09 
66.5063748 3.200152e-09 
66.5067651 1.303497e-09 
67.8642178 1.618605e-09 
69.2221226 3.06439e-10 
67.8646271 1.67611e-09 
70.5796042 2.037487e-09 
70.5799771 4.877287e-10 
71.9375045 2.057718e-09 
73.2953538 6.264076e-10 
71.937879 2.207304e-09 
73.2957309 2.804247e-09 
74.6532717 7.215516e-10 
76.0107388 1.943082e-09 
77.3686546 9.955007e-10 
76.0111275 3.19149e-09 
77.3690425 3.043263e-09 
78.7265338 4.633418e-10 
78.7268983 7.360688e-10 
81.441943 7.344245e-10 
80.0844478 1.293593e-09 
81.4423036 2.325175e-09 
82.7998549 3.996769e-10 
82.8002226 2.524613e-09 
84.1577132 3.891652e-10 
85.5156343 2.328576e-09 
84.158105 1.949931e-09 
86.8731361 1.466855e-09 
86.8735126 2.785516e-09 
88.2310636 1.218763e-10 
89.5889372 4.539224e-10 
88.2314349 7.947492e-10 
89.5893015 7.053537e-11 
90.946848 7.545955e-10 
92.3043895 8.698292e-10 
93.6622967 1.301853e-09 
92.3047166 6.590933e-10 
93.6626433 1.596682e-10 
95.0201602 4.390246e-10 
95.0205347 1.013335e-10 
97.7356073 1.680647e-09 
96.3780794 1.430038e-10 
97.7359588 1.049226e-09 
99.0935264 1.908015e-09 
99.0938773 3.002087e-09 
100.4513946 9.336025e-10 
101.8093019 6.874326e-10 
100.4517512 2.839534e-09 
103.1668088 1.27128e-09 
103.1671786 9.197696e-10 
104.5247133 6.301059e-10 
105.8825918 4.551423e-10 
104.5251071 1.530643e-09 
105.8829927 2.049174e-09 
107.2405221 8.775214e-10 
2.6963512 1.40857e-09 
2.6966383 5.960711e-10 
5.4115596 6.198528e-10 
5.4119148 9.872728e-10 
8.126491 1.470012e-09 
8.1268568 3.870671e-09 
10.8417893 7.340651e-10 
10.8421676 1.854239e-09 
13.5567563 2.514276e-09 
13.5570997 1.612867e-09 
16.2720564 5.954293e-10 
16.2724915 4.057571e-09 
18.9870662 9.695667e-10 
18.9874401 2.222984e-09 
21.7024328 1.065134e-09 
21.7028727 1.271382e-09 
24.4174637 2.468656e-09 
24.4178447 1.960731e-10 
27.1328596 2.077623e-09 
27.133371 2.676439e-09 
29.8479531 3.229486e-09 
29.8483744 8.749474e-10 
32.5634327 2.571056e-09 
32.5639232 5.184361e-10 
35.2785459 1.324458e-09 
35.278976 9.337288e-10 
37.9940767 5.569481e-09 
37.9945803 5.522445e-09 
40.7092377 1.678241e-09 
40.709688 1.493341e-09 
43.4248458 6.467029e-09 
43.4252876 5.019608e-09 
46.140035 2.29021e-09 
46.1404781 3.141789e-10 
48.855687 2.371407e-09 
48.8561374 2.118631e-09 
51.5709332 2.498578e-09 
51.5713421 4.245056e-10 
54.2865936 5.33896e-09 
54.2870425 4.286113e-09 
57.0019088 1.601237e-09 
57.0022708 5.721413e-11 
59.7176052 3.233154e-09 
59.7180099 2.219776e-09 
62.4329313 2.046381e-09 
62.433305 7.764576e-10 
65.1486594 2.790584e-09 
65.1490762 2.238985e-09 
67.8640259 2.18289e-09 
67.8644139 2.502815e-10 
70.5797762 1.29759e-09 
70.5801769 2.680534e-09 
73.2951645 2.872964e-09 
73.2955437 1.609821e-09 
76.0109352 4.816405e-10 
76.011313 1.967762e-09 
78.726328 1.149254e-09 
78.7267225 1.748777e-09 
81.442128 2.025657e-10 
81.4424953 7.562523e-10 
84.157536 2.573403e-09 
84.1579057 3.453338e-09 
86.8733226 7.07655e-10 
86.8737127 4.74542e-10 
89.588764 1.380425e-10 
89.5891163 3.689057e-10 
92.304549 9.09778e-10 
92.3049106 3.114954e-10 
95.0199938 8.547577e-10 
95.0203416 1.974592e-10 
97.735781 2.909484e-10 
97.7361527 1.538236e-09 
100.4512195 3.063215e-09 
100.4515665 2.068115e-09 
103.166996 1.809004e-10 
103.1673699 1.561804e-09 
105.8823774 1.397405e-09 
105.8828037 1.160904e-09 
1.3391129 3.505156e-10 
2.696488 1.841876e-10 
2.6967986 7.981566e-10 
4.0540014 5.602969e-10 
5.4114225 1.550787e-09 
5.4117318 2.083123e-09 
4.0543147 1.08584e-09 
6.7692484 2.219962e-09 
9.4841874 1.626644e-09 
8.1266611 1.790493e-09 
9.4845445 3.554134e-09 
8.1270382 2.791466e-09 
10.8416092 1.966818e-09 
10.8419741 2.434587e-09 
13.5569102 5.301127e-10 
12.199484 3.627266e-10 
13.557313 3.456311e-09 
14.914448 2.366832e-09 
14.9148271 4.523298e-09 
16.2719002 4.650608e-09 
16.2722564 3.601923e-09 
17.6297778 1.590316e-09 
20.3447919 9.629389e-10 
18.98723 2.726165e-10 
20.3451948 1.005219e-09 
18.9876829 4.695619e-10 
21.7022469 1.724971e-09 
21.7026402 3.4603e-10 
24.4176298 2.720671e-09 
23.0601774 1.221159e-09 
24.4181085 3.10675e-09 
25.7751954 2.454568e-09 
25.775645 2.041748e-09 
27.1326844 2.547625e-09 
27.1331035 1.118026e-09 
28.4906508 9.597949e-10 
29.8481349 2.410105e-09 
29.8486413 1.364211e-09 
31.2057193 2.344223e-09 
32.5632341 8.96174e-10 
32.5636647 1.72218e-09 
31.206189 4.627047e-10 
33.9212419 4.627275e-09 
36.6363502 5.919127e-09 
35.2787325 7.282463e-09 
36.6368088 1.878312e-09 
35.2792476 7.100072e-09 
37.9938697 1.945197e-09 
37.9943262 9.081738e-10 
40.7094483 5.625148e-09 
39.3519301 3.191539e-09 
40.7099216 2.402685e-09 
42.0670646 3.759338e-09 
42.0675279 7.332055e-10 
43.4246249 4.391515e-09 
43.4250691 1.224498e-09 
44.7826943 3.036134e-09 
46.1402572 3.637856e-09 
46.1407043 2.762018e-09 
47.4978927 3.700571e-09 
48.8554646 1.30288e-09 
48.8559143 2.741945e-10 
47.4983403 9.198704e-10 
50.21356 2.332834e-09 
52.9288169 3.808242e-09 
51.5711302 5.594708e-09 
52.9292081 9.262363e-10 
51.5715849 3.733372e-09 
54.2864096 9.366451e-10 
54.2867934 1.088521e-10 
57.0020791 2.180418e-09 
55.6444619 1.2036e-09 
57.0025291 2.968596e-09 
58.3597802 2.886142e-09 
58.3601749 1.613819e-09 
59.7174092 1.377559e-09 
59.7177807 2.824414e-10 
61.0754727 1.991836e-09 
62.4331199 3.516607e-09 
62.4335326 2.988686e-09 
63.7908237 4.312805e-09 
65.1484626 2.338753e-09 
65.1488476 2.090322e-10 
63.7912109 1.265568e-09 
66.5065516 7.549384e-10 
69.2219309 2.431063e-09 
67.8642014 2.461181e-09 
69.2223243 1.700645e-09 
67.8646363 2.452133e-09 
70.5795927 1.936111e-09 
70.5799764 1.67008e-10 
73.2953463 1.344773e-09 
71.937691 2.02917e-10 
73.2957342 3.286877e-09 
74.6530677 1.650407e-09 
74.6534557 3.110848e-09 
76.0107316 2.097034e-09 
76.0111316 2.201698e-09 
77.3688631 1.277973e-09 
78.7265377 5.710204e-10 
78.7268997 7.240354e-10 
80.0842586 5.74726e-10 
81.4419425 1.100024e-09 
81.4423113 1.654527e-09 
80.0846318 1.479004e-09 
82.8000377 9.235862e-10 
85.5154518 2.527571e-10 
84.1577217 1.998617e-10 
85.5158362 2.547523e-09 
84.1581055 1.360167e-09 
86.8731407 9.690322e-10 
86.873515 2.166519e-09 
89.5889401 3.121269e-10 
88.2312478 1.087845e-09 
89.5893058 7.507488e-11 
90.9466867 5.738136e-10 
90.947031 1.162893e-10 
92.3043886 5.768257e-10 
92.3047193 3.652105e-10 
93.6624576 4.272096e-10 
95.0201593 2.07081e-10 
95.0205394 1.096794e-10 
96.3779043 5.452349e-10 
97.7355967 1.869776e-09 
97.7359638 1.051198e-09 
96.3782731 5.812032e-10 
99.0936965 5.228639e-10 
101.8091287 1.246491e-09 
100.4513935 3.862958e-10 
101.809485 1.770591e-09 
100.4517584 2.944705e-09 
103.1668003 1.364925e-09 
103.1671837 6.501812e-10 
105.8825868 6.763344e-10 
104.5249137 1.220197e-10 
105.8829977 1.691982e-09 
107.2402969 1.553259e-09 
107.240726 3.225036e-09 
1.3389705 1.949252e-09 
1.3392544 3.787753e-10 
4.0541511 3.037863e-10 
6.7690805 9.995188e-10 
6.7694214 4.507151e-09 
9.484367 2.190812e-09 
12.1993137 1.311745e-09 
12.1996743 1.955845e-09 
14.9146116 5.333686e-10 
17.6295965 1.581035e-09 
17.6300171 3.834268e-09 
20.3449794 3.684706e-10 
23.05999 3.809232e-09 
23.0604031 1.071441e-09 
25.7753965 2.790757e-10 
28.4904307 1.535066e-09 
28.4909232 1.272712e-09 
31.2059439 2.703885e-09 
33.9210269 4.898802e-09 
33.9214785 1.458161e-09 
36.6365742 5.116973e-09 
39.3516942 3.518412e-09 
39.3521639 1.083102e-09 
42.0673012 3.30041e-09 
44.7824624 7.458478e-09 
44.7829219 1.294686e-09 
47.498118 1.61501e-09 
50.2133457 3.831986e-09 
50.2137751 1.387328e-09 
52.9290008 2.962716e-09 
55.6442773 9.290644e-10 
55.6446886 1.048921e-09 
58.3599515 4.686306e-10 
61.075287 3.467809e-09 
61.0756872 1.393217e-09 
63.790997 1.885808e-09 
66.5063612 3.929623e-09 
66.5067683 2.173687e-09 
69.2221185 4.551137e-10 
71.9375008 3.075514e-09 
71.9378784 2.285367e-09 
74.6532697 2.450913e-10 
77.3686585 8.61131e-10 
77.3690438 2.181389e-09 
80.0844518 1.161419e-09 
82.7998609 3.620795e-10 
82.8002267 1.697658e-09 
85.5156379 1.779072e-09 
88.2310653 5.951051e-11 
88.2314375 9.274907e-10 
90.9468492 5.165383e-10 
93.6622947 9.916676e-10 
93.6626454 9.585322e-11 
96.3780797 5.021937e-11 
99.0935191 1.777552e-09 
99.0938814 3.296256e-09 
101.8093026 3.548064e-10 
104.5247036 5.541358e-10 
104.5251146 1.140383e-09 
107.2405153 1.353603e-09 
1.339113 3.037201e-10 
2.6963547 1.381124e-09 
2.6966367 4.487061e-10 
4.0540036 6.641902e-10 
5.4115615 3.806026e-10 
4.0543143 1.128864e-09 
5.4119115 1.107065e-09 
6.7692486 2.627074e-09 
8.1264946 2.37141e-09 
9.4841855 1.44109e-09 
8.1268508 4.593914e-09 
9.4845485 2.998034e-09 
10.841787 4.521632e-10 
10.8421638 1.788825e-09 
13.5567521 3.902881e-09 
12.1994918 2.583206e-10 
13.557102 1.690387e-09 
14.9144439 2.737286e-09 
14.9148373 3.960893e-09 
16.2720524 5.979345e-10 
17.6297864 1.737142e-09 
16.2724942 3.759304e-09 
18.9870567 1.444661e-09 
20.3447893 7.580138e-10 
18.9874523 2.052319e-09 
20.3452069 5.958061e-10 
21.7024322 4.337011e-10 
21.7028762 4.645164e-10 
24.4174511 3.125178e-09 
24.4178603 3.809906e-10 
23.0601855 3.366867e-10 
25.7751948 1.632717e-09 
25.7756523 1.195739e-09 
27.1328651 1.569669e-09 
28.4906633 1.531621e-09 
27.1333704 2.115482e-09 
29.8479374 2.605615e-09 
29.8483904 6.04198e-10 
31.2057172 1.942054e-09 
32.5634296 3.069232e-09 
31.2061947 1.577438e-11 
32.5639244 7.727363e-10 
33.9212506 4.961078e-09 
35.2785336 1.950216e-09 
36.6363502 1.068161e-08 
35.2789837 1.145972e-09 
36.6368101 4.467366e-09 
37.9940706 9.925216e-09 
37.9945878 8.069376e-09 
40.7092334 1.350228e-09 
40.7096941 1.098165e-09 
39.3519324 3.012496e-09 
42.0670709 3.475594e-09 
42.0675285 3.261444e-10 
43.4248457 7.368142e-09 
44.7826854 4.271537e-09 
43.4252928 5.377089e-09 
46.1400327 2.478567e-09 
46.1404804 1.814728e-10 
47.497888 4.136379e-09 
48.8556855 1.807918e-09 
47.4983481 7.516728e-10 
48.8561465 1.253713e-09 
50.2135578 1.61373e-09 
51.5709263 1.768133e-09 
52.9288041 3.754048e-09 
51.5713501 2.507599e-10 
52.9292217 8.095468e-10 
54.2865841 3.932605e-09 
54.2870539 3.354628e-09 
57.0018928 6.814977e-10 
57.002279 1.873507e-10 
55.6444589 3.221165e-10 
58.3597609 1.484538e-09 
58.3601887 1.497478e-09 
59.7175885 3.219274e-09 
61.0754658 1.883703e-09 
59.7180258 3.03342e-09 
62.4329238 9.04418e-10 
62.4333047 2.931379e-10 
63.7908131 4.463507e-09 
65.1486426 3.551564e-09 
63.7912182 1.572401e-09 
65.1490853 3.211399e-09 
66.5065501 8.80819e-10 
67.8640143 2.444168e-09 
69.221931 3.40579e-09 
67.8644133 6.164199e-10 
69.2223202 2.40478e-09 
70.5797716 2.170231e-09 
70.580177 3.372396e-09 
73.2951646 3.183067e-09 
73.2955429 1.107472e-09 
71.9376902 4.781079e-10 
74.6530771 1.505905e-09 
74.6534485 2.32919e-09 
76.0109366 2.510448e-10 
77.3688567 1.011872e-09 
76.0113087 1.596901e-09 
78.7263405 9.922196e-10 
78.7267214 1.438312e-09 
80.084265 4.925514e-10 
81.4421339 5.387246e-10 
80.0846312 9.276364e-10 
81.4424934 4.022575e-10 
82.8000331 1.362569e-09 
84.1575486 1.679911e-09 
85.5154541 4.882912e-11 
84.1579029 3.069668e-09 
85.5158334 2.78492e-09 
86.8733256 6.716252e-10 
86.8737102 5.424135e-10 
89.5887671 4.303159e-11 
89.5891128 3.6784e-10 
88.2312436 1.286697e-09 
90.9466858 5.731864e-10 
90.9470259 1.068443e-10 
92.3045478 8.820339e-10 
93.6624551 5.372834e-10 
92.3049098 3.080691e-10 
95.0199881 8.00815e-10 
95.0203403 2.112988e-10 
96.3779026 5.403097e-10 
97.7357787 2.101405e-10 
96.378269 9.421651e-10 
97.7361542 2.177871e-09 
99.0936962 5.433944e-10 
100.4512097 3.145425e-09 
101.8091221 1.001063e-09 
100.4515693 2.080793e-09 
101.8094899 2.111889e-09 
103.1669892 4.348817e-11 
103.1673805 1.25717e-09 
105.882372 1.626907e-09 
105.8828035 1.804468e-09 
104.5249112 5.741327e-10 
107.2402904 1.309987e-09 
107.2407309 2.887697e-09 
2.696492 3.24255e-10 
2.696799 7.498163e-10 
5.4114178 1.760848e-09 
5.4117354 2.329115e-09 
8.1266617 1.751194e-09 
8.1270404 2.168824e-09 
10.8416077 1.871579e-09 
10.8419786 1.922986e-09 
13.5569175 8.003188e-10 
13.5573102 3.420805e-09 
16.2718996 4.46019e-09 
16.272265 2.807114e-09 
18.9872404 6.1789e-10 
18.9876793 5.147274e-10 
21.702244 1.943315e-09 
21.7026531 5.354197e-10 
24.4176407 1.131396e-09 
24.4180996 1.253872e-09 
27.1326746 1.682557e-09 
27.1331205 7.371079e-10 
29.848143 2.483446e-09 
29.8486331 2.313306e-09 
32.5632239 5.089158e-10 
32.5636799 9.947261e-10 
35.2787337 1.00096e-08 
35.2792454 7.531938e-09 
37.9938641 3.391564e-09 
37.994335 7.847148e-10 
40.7094518 5.960923e-09 
40.7099257 2.516609e-09 
43.4246333 2.816745e-09 
43.4250662 1.125243e-09 
46.1402521 4.430971e-09 
46.140714 3.366884e-09 
48.8554707 9.397002e-10 
48.8559112 1.184422e-10 
51.5711278 4.159964e-09 
51.5715913 3.231668e-09 
54.2864016 1.117698e-09 
54.2868005 1.059569e-10 
57.002071 1.089451e-09 
57.0025361 2.219056e-09 
59.7173959 5.935058e-10 
59.7177902 5.268329e-10 
62.4331095 2.738182e-09 
62.4335416 2.585211e-09 
65.1484564 3.331642e-09 
65.1488524 5.155162e-10 
67.8642011 3.005266e-09 
67.8646326 2.883087e-09 
70.5795931 2.613499e-09 
70.5799764 4.764391e-10 
73.2953509 1.239721e-09 
73.2957261 2.645591e-09 
76.0107503 1.99367e-09 
76.0111236 1.977196e-09 
78.7265351 5.341833e-10 
78.7268986 6.809096e-10 
81.44196 4.000697e-10 
81.4423035 1.534811e-09 
84.1577194 8.696589e-10 
84.1581038 1.297726e-09 
86.8731465 4.433967e-10 
86.8735071 2.523153e-09 
89.5889379 7.770543e-10 
89.5892999 2.399351e-10 
92.3043881 4.826019e-10 
92.3047121 5.537572e-10 
95.0201587 4.63811e-10 
95.0205314 3.512131e-10 
97.7355991 1.768122e-09 
97.7359594 1.222869e-09 
100.4513935 3.934996e-10 
100.4517577 3.35927e-09 
103.1668021 1.523694e-09 
103.1671839 9.659647e-10 
105.8825857 7.004762e-10 
105.8830043 1.188009e-09 
1.3389736 1.517352e-09 
1.3392543 3.680337e-10 
2.6963507 1.065694e-09 
2.6966387 5.220265e-10 
5.4115588 6.744023e-10 
4.0541541 5.087148e-10 
5.4119169 1.10498e-09 
6.7690752 9.841324e-10 
6.7694307 3.829042e-09 
8.1264901 1.510926e-09 
8.1268558 3.469513e-09 
9.4843735 1.794784e-09 
10.8417901 2.630456e-10 
10.8421643 1.439399e-09 
12.1993151 9.30946e-10 
13.556757 2.716401e-09 
13.5571019 1.182071e-09 
12.1996796 1.677293e-09 
14.9146212 4.413612e-10 
17.6295988 1.438257e-09 
16.2720633 9.298298e-10 
17.6300233 2.967257e-09 
16.2724896 3.384313e-09 
18.9870569 6.468098e-10 
18.987458 1.448762e-09 
20.3449917 4.389382e-10 
21.7024452 5.579277e-11 
21.7028648 2.834561e-10 
23.0599947 2.782251e-09 
24.4174487 2.716534e-09 
24.4178645 1.433674e-10 
23.0604035 6.070075e-10 
25.7754049 2.797153e-10 
28.4904286 1.118893e-09 
27.1328685 1.633588e-09 
28.4909282 4.835453e-10 
27.1333605 1.492676e-09 
29.8479309 2.593119e-09 
29.8484004 3.048962e-10 
32.5634331 2.369129e-09 
31.2059543 2.153222e-09 
32.5639153 5.454239e-10 
33.9210275 8.107659e-09 
33.9214812 2.19907e-09 
35.27853 4.384645e-09 
36.6365767 3.431245e-09 
35.2789893 7.360024e-10 
37.9940747 8.337482e-09 
37.9945841 5.930254e-09 
39.3517009 4.05876e-09 
40.7092408 8.761615e-10 
40.709691 1.221894e-09 
39.3521636 1.215411e-09 
42.0672919 3.984729e-09 
44.7824667 7.312412e-09 
43.4248427 8.002078e-09 
44.782922 1.564267e-09 
43.4252984 7.118779e-09 
46.1400502 1.551812e-09 
46.140467 2.585647e-10 
48.855679 7.334035e-10 
47.4981025 1.770664e-09 
48.856153 1.027545e-09 
50.2133424 2.794325e-09 
50.2137793 1.177496e-09 
51.5709327 1.4559e-09 
52.9290053 2.325126e-09 
51.571348 4.71696e-11 
54.2865909 3.310509e-09 
54.2870471 3.260462e-09 
55.6442706 5.689245e-10 
57.0018885 8.611738e-10 
57.0022847 6.082185e-11 
55.6446927 5.734019e-10 
58.3599537 5.967431e-10 
61.0752785 2.259701e-09 
59.7175876 2.63616e-09 
61.0756949 6.215277e-10 
59.7180257 1.605533e-09 
62.4329217 1.132185e-09 
62.4333131 4.335928e-10 
65.1486462 3.2288e-09 
63.7909994 1.82517e-09 
65.1490822 2.39218e-09 
66.5063654 4.941647e-09 
66.5067657 2.194637e-09 
67.8640166 3.82893e-09 
69.2221209 3.931386e-10 
67.8644157 6.04848e-10 
70.5797775 1.703469e-09 
70.5801712 2.80974e-09 
71.9375074 2.524168e-09 
73.2951735 3.13153e-09 
73.2955406 1.266034e-09 
71.9378727 1.860265e-09 
74.6532657 3.802985e-10 
77.3686619 5.682367e-10 
76.0109346 5.89958e-11 
77.3690431 1.997049e-09 
76.0113117 1.623692e-09 
78.7263513 7.215422e-10 
78.7267161 1.377455e-09 
81.4421258 1.279112e-09 
80.0844417 1.406963e-09 
81.4425008 5.686475e-10 
82.7998592 3.853852e-10 
82.8002274 1.887642e-09 
84.1575514 9.762501e-10 
85.5156292 3.12925e-09 
84.1579 3.849634e-09 
86.8733206 1.61357e-09 
86.8737101 5.651863e-10 
88.2310622 3.686707e-10 
89.5887621 1.093382e-10 
89.5891085 7.901925e-10 
88.2314307 9.88383e-10 
90.9468437 9.281686e-10 
93.6622952 1.091854e-09 
92.3045466 1.245577e-09 
93.6626353 6.704989e-11 
92.3049023 5.284618e-10 
95.0199934 5.798796e-10 
95.0203335 2.642717e-10 
97.7357807 4.283976e-10 
96.3780774 2.062153e-10 
97.7361469 2.631756e-09 
99.0935225 1.757328e-09 
99.0938779 4.21179e-09 
100.4512196 3.31024e-09 
101.8093059 7.229807e-10 
100.4515666 2.908372e-09 
103.166998 2.906846e-11 
103.1673752 1.410806e-09 
104.5247103 4.882976e-10 
105.882378 1.986172e-09 
105.8828071 1.700246e-09 
104.5251155 1.399399e-09 
107.2405206 1.569923e-09 
1.3391106 2.599884e-10 
4.0539993 7.927084e-10 
4.0543178 1.193442e-09 
6.7692498 2.394026e-09 
9.4841865 1.001219e-09 
9.4845498 2.151766e-09 
12.1994885 1.133342e-10 
14.9144458 2.344475e-09 
14.9148334 3.981507e-09 
17.6297926 1.787255e-09 
20.3447924 8.841924e-11 
20.3452016 5.333576e-10 
23.0601871 3.341044e-10 
25.7751865 1.136526e-09 
25.7756516 6.890127e-10 
28.4906639 2.238011e-09 
31.2057096 2.074082e-09 
31.2062005 1.606869e-10 
33.9212486 2.903811e-09 
36.6363486 1.116393e-08 
36.6368106 3.771355e-09 
39.3519241 1.857431e-09 
42.0670749 3.029426e-09 
42.0675284 5.171251e-10 
44.7826671 4.068833e-09 
47.4978894 3.248557e-09 
47.4983445 1.06869e-09 
50.2135524 1.150556e-09 
52.9288101 2.677049e-09 
52.9292153 1.161172e-09 
55.6444706 7.10778e-10 
58.3597606 1.621253e-09 
58.3601858 5.260952e-10 
61.0754714 1.799599e-09 
63.7908166 4.769746e-09 
63.7912184 9.671425e-10 
66.506554 6.409865e-10 
69.2219345 2.96613e-09 
69.2223195 2.012549e-09 
71.9376922 2.463267e-10 
74.6530732 1.034577e-09 
74.6534567 2.441995e-09 
77.3688559 1.38129e-09 
80.0842595 8.787481e-10 
80.084639 1.155885e-09 
82.8000275 2.407353e-09 
85.5154489 1.201733e-10 
85.5158354 3.250627e-09 
88.231238 2.355868e-09 
90.9466801 7.86279e-10 
90.9470205 1.679584e-10 
93.6624519 7.798742e-10 
96.3779048 7.203471e-10 
96.3782635 1.179615e-09 
99.0936966 1.012873e-09 
101.8091319 9.341973e-10 
101.8094865 2.569944e-09 
104.5249201 5.226128e-10 
107.240304 1.602529e-09 
107.2407289 3.472483e-09 
1.3389796 1.195077e-09 
1.3392502 5.585387e-10 
2.6964875 2.288476e-10 
2.6967983 6.317498e-10 
5.4114157 1.468828e-09 
4.0541502 4.307604e-10 
5.4117347 2.280724e-09 
6.7690753 6.258496e-10 
6.7694294 3.221339e-09 
8.1266592 1.473842e-09 
9.4843662 1.193822e-09 
8.1270418 1.65012e-09 
10.841618 1.000404e-09 
10.8419707 1.109733e-09 
12.1993214 8.227609e-10 
13.5569168 8.972268e-10 
12.1996683 1.352192e-09 
13.5573088 3.482037e-09 
14.9146147 4.249567e-10 
16.2718995 3.445427e-09 
17.6296018 1.429142e-09 
16.2722597 2.479816e-09 
17.6300113 3.446962e-09 
18.987248 8.682786e-10 
20.3449885 3.603809e-10 
18.9876739 2.293748e-10 
21.702242 6.544371e-10 
21.7026475 4.789885e-10 
23.0599852 1.879415e-09 
24.4176354 8.958948e-10 
23.060399 4.47775e-10 
24.4180965 1.475644e-09 
25.775398 4.269904e-10 
27.1326666 2.192043e-09 
28.4904127 1.53913e-09 
27.1331177 6.401456e-10 
28.4909331 1.109323e-09 
29.8481367 4.058246e-09 
29.8486323 3.207649e-09 
32.5632221 9.083836e-10 
31.2059467 3.012723e-09 
32.5636808 1.03912e-09 
33.9210184 6.055681e-09 
33.9214886 7.874597e-10 
35.2787349 5.991811e-09 
36.6365702 1.520956e-09 
35.2792405 4.062811e-09 
37.9938623 5.311041e-09 
37.9943326 8.953052e-10 
39.3516954 2.381469e-09 
40.7094521 4.727033e-09 
39.3521674 3.687911e-10 
40.7099277 2.295382e-09 
42.0672832 3.657584e-09 
43.4246444 2.033562e-09 
44.7824644 6.36825e-09 
43.4250566 9.932026e-10 
44.7829235 2.182827e-09 
46.140241 4.177959e-09 
46.140722 3.32873e-09 
48.8554797 1.06093e-09 
47.4980912 1.091327e-09 
48.8559012 3.258902e-10 
50.2133464 2.943233e-09 
50.2137695 2.048998e-09 
51.5711307 4.17498e-09 
52.929009 3.540514e-09 
51.5715877 4.960838e-09 
54.286407 1.100606e-09 
54.2867979 4.156517e-10 
55.644278 7.008897e-10 
57.0020795 1.006446e-09 
55.644682 7.085872e-10 
57.0025242 1.548877e-09 
58.3599606 2.549431e-10 
59.7173977 1.475075e-09 
61.075278 3.546756e-09 
59.7177909 2.42972e-10 
61.0756918 3.762275e-10 
62.4331132 3.076631e-09 
62.4335391 1.803052e-09 
65.1484599 3.965236e-09 
63.7910027 2.158964e-09 
65.1488555 2.581318e-10 
66.5063682 5.129548e-09 
66.5067679 1.939428e-09 
67.8642058 2.865794e-09 
69.222124 1.980101e-10 
67.8646309 2.407357e-09 
70.5795937 2.604685e-09 
70.5799785 3.315209e-10 
71.9375017 2.102894e-09 
73.295351 8.304551e-10 
71.9378839 1.873919e-09 
73.2957343 2.689609e-09 
74.6532739 6.795744e-10 
76.0107466 1.896555e-09 
77.3686562 1.093523e-09 
76.011129 2.722565e-09 
77.3690549 2.689656e-09 
78.7265318 7.052349e-10 
78.7269104 8.596339e-10 
81.4419547 3.72285e-10 
80.084446 1.957417e-09 
81.442308 2.131084e-09 
82.799856 1.70851e-10 
82.8002323 2.784166e-09 
84.1577157 1.434138e-09 
85.5156287 4.357628e-09 
84.1581119 1.363733e-09 
86.8731384 4.792528e-10 
86.8735122 3.520748e-09 
88.2310564 4.917756e-10 
89.5889344 1.065547e-09 
88.2314335 1.031156e-09 
89.5893014 1.703292e-10 
90.9468405 1.145738e-09 
92.3043832 5.349456e-10 
93.6622886 1.129791e-09 
92.3047124 9.456154e-10 
93.6626368 1.345119e-10 
95.020159 5.830377e-10 
95.0205292 3.250845e-10 
97.7356037 1.762887e-09 
96.3780768 1.659225e-10 
97.7359567 1.581819e-09 
99.0935231 1.736394e-09 
99.0938759 4.279344e-09 
100.4513962 5.942645e-10 
101.8093035 1.108363e-09 
100.4517543 3.712456e-09 
103.1668079 1.844702e-09 
103.1671849 1.463532e-09 
104.5247149 3.984372e-10 
105.8825952 6.44771e-10 
104.5251119 1.719939e-09 
105.882997 1.969342e-09 
107.2405242 1.324082e-09 
2.696358 9.192937e-10 
2.6966309 6.777192e-10 
5.4115572 4.18448e-10 
5.4119139 8.745766e-10 
8.1264993 1.08108e-09 
8.1268512 2.821166e-09 
10.8417886 1.780831e-10 
10.8421623 1.289739e-09 
13.5567632 2.52392e-09 
13.5570918 1.215985e-09 
16.272063 5.233479e-10 
16.2724891 3.670978e-09 
18.9870565 9.028877e-10 
18.9874474 1.962067e-09 
21.70244 1.858448e-10 
21.7028673 8.3144e-10 
24.4174437 2.122448e-09 
24.4178546 2.199697e-10 
27.1328546 1.580754e-09 
27.1333693 1.35685e-09 
29.8479295 4.106908e-09 
29.8483952 1.16081e-09 
32.5634306 2.656349e-09 
32.5639205 8.755811e-10 
35.278528 4.455584e-09 
35.2789897 5.803851e-10 
37.9940794 4.758722e-09 
37.9945842 3.609893e-09 
40.7092357 9.077304e-10 
40.7096908 9.085564e-10 
43.4248377 7.426146e-09 
43.4253059 7.514439e-09 
46.1400497 1.243592e-09 
46.1404633 3.081102e-10 
48.8556711 9.585562e-10 
48.8561568 2.096852e-09 
51.5709335 2.125492e-09 
51.5713409 4.533234e-12 
54.2865953 4.839426e-09 
54.28704 5.052233e-09 
57.001895 2.281639e-09 
57.0022761 2.652076e-10 
59.7175901 3.438987e-09 
59.7180192 1.400791e-09 
62.4329204 1.348608e-09 
62.4333124 3.963849e-10 
65.1486506 4.199442e-09 
65.149083 2.65525e-09 
67.8640165 3.827424e-09 
67.8644182 4.158532e-10 
70.5797785 1.569084e-09 
70.5801777 2.585097e-09 
73.2951658 2.793891e-09 
73.2955488 1.98826e-09 
76.0109376 4.538022e-10 
76.0113209 2.057931e-09 
78.7263413 1.063973e-09 
78.7267236 2.110503e-09 
81.442128 1.221212e-09 
81.4425046 7.114693e-10 
84.1575444 1.131799e-09 
84.1579065 5.275839e-09 
86.8733194 1.968553e-09 
86.8737144 4.325263e-10 
89.588756 1.949829e-10 
89.5891142 1.227139e-09 
92.3045442 1.15962e-09 
92.3049064 4.377567e-10 
95.0199882 4.205317e-10 
95.0203368 2.628313e-10 
97.735779 2.835213e-10 
97.7361499 2.21708e-09 
100.451217 3.826902e-09 
100.4515642 3.396438e-09 
103.1669931 5.875508e-11 
103.1673759 1.737283e-09 
105.882378 2.2283e-09 
105.8828054 2.200015e-09 
1.3391123 2.777476e-10 
2.6964917 8.409849e-11 
2.6967924 1.020817e-09 
4.0540037 5.745673e-10 
5.4114215 1.48181e-09 
5.4117326 2.1296e-09 
4.0543125 1.031947e-09 
6.7692471 2.190773e-09 
9.4841913 9.949126e-10 
8.1266627 1.623018e-09 
9.4845466 2.089313e-09 
8.1270412 1.586011e-09 
10.8416186 1.220223e-09 
10.8419755 1.432775e-09 
13.5569218 7.172795e-10 
12.199487 4.593141e-10 
13.5573082 3.574266e-09 
14.9144586 1.722021e-09 
14.9148187 4.408817e-09 
16.2719069 3.404348e-09 
16.2722506 3.659519e-09 
17.6297864 1.743032e-09 
20.344793 2.430034e-10 
18.987247 5.196548e-10 
20.3451926 8.130325e-10 
18.9876756 6.073708e-10 
21.7022474 4.624587e-10 
21.7026378 5.127496e-10 
24.4176303 2.144476e-09 
23.0601832 9.417801e-10 
24.4181026 3.535207e-09 
25.775179 1.538723e-09 
25.7756505 1.212707e-09 
27.1326746 3.13638e-09 
28.4906553 2.426602e-09 
27.133107 1.290665e-09 
29.8481329 3.822305e-09 
29.848642 1.99697e-09 
31.2057028 2.526255e-09 
32.5632292 7.795549e-10 
32.5636796 1.322848e-09 
31.2062075 5.103621e-10 
33.9212463 2.701624e-09 
36.6363451 7.014279e-09 
35.2787457 3.546645e-09 
36.6368185 1.893989e-09 
35.2792423 2.714226e-09 
37.9938595 4.301122e-09 
37.9943365 4.214865e-10 
40.7094565 4.516582e-09 
39.3519259 1.667667e-09 
40.7099291 2.46238e-09 
42.0670657 3.275585e-09 
42.067537 8.517584e-10 
43.4246339 3.065563e-09 
43.4250634 9.308957e-10 
44.7826693 3.201478e-09 
46.1402394 3.250168e-09 
46.1407231 3.077103e-09 
47.4978875 2.804159e-09 
48.855473 1.69816e-09 
48.8558996 4.901053e-10 
47.4983417 1.423133e-09 
50.2135469 1.507634e-09 
52.9288143 3.320422e-09 
51.5711263 5.128559e-09 
52.9292041 1.446454e-09 
51.571587 6.507164e-09 
54.2864117 1.733336e-09 
54.2867871 4.379741e-10 
57.0020803 2.954759e-09 
55.64447 2.239113e-09 
57.0025198 3.046878e-09 
58.3597633 3.320429e-09 
58.3601782 1.129557e-09 
59.7173997 1.886536e-09 
59.717784 2.320652e-10 
61.0754728 2.345733e-09 
62.4331188 4.661475e-09 
62.4335354 2.317637e-09 
63.7908162 5.896013e-09 
65.1484557 4.649746e-09 
65.1488597 4.40823e-10 
63.7912191 1.170022e-09 
66.5065579 8.944469e-10 
69.2219364 3.013719e-09 
67.8642128 2.683513e-09 
69.2223248 1.828821e-09 
67.8646311 2.12078e-09 
70.5795956 2.436494e-09 
70.5799815 5.905343e-10 
73.2953559 7.390952e-10 
71.9376985 1.087764e-10 
73.2957353 2.779537e-09 
74.6530724 1.217204e-09 
74.6534631 3.412451e-09 
76.0107421 1.785022e-09 
77.368864 2.02386e-09 
76.0111322 3.606325e-09 
78.7265368 8.635077e-10 
78.7269045 7.987227e-10 
80.0842612 6.591912e-10 
81.4419511 5.209788e-10 
81.442306 3.012326e-09 
80.0846358 1.925874e-09 
82.8000295 2.846502e-09 
85.5154482 7.733175e-11 
84.1577159 1.135329e-09 
85.515835 3.74072e-09 
84.1581077 1.716352e-09 
86.873137 1.03529e-09 
86.8735135 3.928683e-09 
89.5889334 9.212256e-10 
88.2312379 2.523403e-09 
89.5893024 8.835514e-11 
90.9466761 8.725857e-10 
90.9470244 3.061121e-10 
92.3043821 8.272386e-10 
92.3047157 9.819051e-10 
93.6624512 6.088204e-10 
95.0201579 4.174342e-10 
95.0205335 1.571844e-10 
96.3778993 5.226423e-10 
97.7355999 1.652638e-09 
97.7359576 1.383638e-09 
96.3782678 9.7706e-10 
99.0936925 1.026448e-09 
101.809126 1.072703e-09 
100.4513899 6.560746e-10 
101.8094827 2.402879e-09 
100.4517558 3.151377e-09 
103.1668049 1.949746e-09 
103.1671781 1.634195e-09 
105.8825846 4.703315e-10 
104.5249084 6.236291e-10 
105.883001 2.308314e-09 
107.2402964 1.40909e-09 
107.2407271 4.310333e-09 
1.3389712 2.132542e-09 
1.3392567 9.956886e-10 
4.0541539 3.900111e-10 
6.769076 7.354993e-10 
6.7694307 3.459797e-09 
9.4843751 1.76083e-09 
12.1993311 7.834063e-10 
12.1996696 1.547601e-09 
14.9146173 1.052402e-09 
17.6296154 1.119141e-09 
17.6299997 4.317212e-09 
20.3449867 7.087568e-10 
23.0599936 2.393501e-09 
23.0603932 9.265998e-10 
25.7753968 1.006105e-09 
28.4904213 1.919177e-09 
28.4909281 1.198744e-09 
31.2059444 2.947474e-09 
33.9210269 3.932461e-09 
33.9214917 2.957186e-10 
36.6365775 1.403512e-09 
39.3516933 1.72372e-09 
39.3521731 2.516741e-10 
42.0672956 3.655875e-09 
44.7824594 6.233751e-09 
44.7829276 1.725725e-09 
47.498099 1.141489e-09 
50.2133482 4.209019e-09 
50.2137615 2.457091e-09 
52.9290006 4.272412e-09 
55.6442843 2.047714e-09 
55.6446745 1.433928e-09 
58.3599594 6.510417e-10 
61.0752844 4.592661e-09 
61.0756859 4.890359e-10 
63.7910076 2.98586e-09 
66.5063745 4.631219e-09 
66.5067681 1.650705e-09 
69.2221278 3.484408e-10 
71.937509 1.952321e-09 
71.9378806 2.364633e-09 
74.6532764 9.307539e-10 
77.368661 9.220983e-10 
77.3690442 3.392013e-09 
80.0844447 2.109966e-09 
82.7998572 2.422527e-10 
82.8002214 3.316438e-09 
85.5156288 3.731136e-09 
88.2310588 3.605506e-10 
88.2314319 1.005262e-09 
90.9468417 1.009938e-09 
93.6622905 1.291343e-09 
93.6626401 2.043958e-10 
96.3780768 1.29363e-10 
99.0935202 1.618313e-09 
99.0938759 3.536492e-09 
101.8092952 9.515119e-10 
104.5247074 5.019526e-10 
104.5251075 2.077361e-09 
107.2405132 1.416008e-09 
108.5981883 4.827025e-10 
109.9561184 5.208221e-10 
108.5985997 3.606237e-09 
111.3135764 1.710167e-09 
111.3139989 8.518013e-10 
112.6714955 1.105496e-09 
114.0293846 8.036185e-10 
112.6719197 1.517678e-10 
114.029797 5.973224e-10 
115.3873118 1.225463e-09 
118.1026364 1.265225e-09 
116.7447191 7.058265e-10 
116.7451875 1.227879e-09 
118.1030932 5.649774e-10 
119.4605209 2.084586e-09 
119.4609444 2.493649e-10 
122.1758438 1.920569e-09 
120.8184362 4.047585e-09 
122.1762959 4.320348e-09 
123.5337449 4.960539e-10 
123.5341937 3.860504e-09 
124.8916198 1.943795e-10 
126.2495123 1.235668e-09 
124.8920463 1.525967e-09 
127.6069341 1.345272e-09 
127.6073728 1.584771e-09 
128.9648297 9.773898e-10 
130.3226901 7.771852e-10 
128.9652625 1.720254e-09 
130.323114 1.220339e-09 
131.6805655 4.300116e-10 
134.3958534 2.483313e-09 
133.0379901 3.194522e-09 
133.0384133 1.318889e-09 
134.396305 3.636397e-09 
135.7537068 3.127456e-09 
135.7541281 4.61372e-09 
138.4689486 2.422197e-09 
137.111564 3.851039e-10 
138.469394 2.034792e-10 
139.8268032 2.875928e-09 
139.8272677 1.592212e-09 
141.1846449 1.942122e-09 
142.5425102 2.438271e-09 
141.1850915 2.229164e-09 
143.8998484 3.134197e-09 
143.9003398 1.09664e-09 
145.2577142 8.405972e-09 
146.6155261 6.422942e-09 
145.2581888 2.249978e-09 
146.616008 4.563339e-09 
147.9733779 1.75526e-09 
150.6885633 2.368143e-09 
149.3307232 1.801496e-09 
149.3311956 6.870084e-10 
150.6890192 5.731207e-10 
152.0463798 7.151003e-09 
152.0467966 5.293758e-09 
154.7614828 1.806121e-09 
153.4041841 4.058015e-09 
154.7619839 3.778275e-10 
156.1192877 4.100801e-09 
156.119796 1.812783e-09 
157.4770924 1.37731e-09 
158.8349039 1.796274e-09 
157.4775525 6.452443e-10 
160.192179 4.262614e-10 
160.192678 1.240394e-09 
161.550006 3.541173e-09 
162.907786 4.826163e-09 
161.5504646 1.730213e-10 
162.9082277 1.441834e-09 
164.2655688 3.097253e-09 
166.980596 1.308859e-09 
165.6227872 1.96853e-09 
165.6233193 3.039196e-09 
166.9810741 3.572358e-10 
168.3383613 3.379382e-09 
168.3388194 1.549831e-09 
171.0533254 1.619262e-09 
169.6961126 2.088518e-09 
171.0538515 3.390584e-10 
172.4110946 4.283743e-09 
172.4116135 2.565491e-09 
173.7688409 3.914668e-09 
175.126588 1.929654e-09 
173.7693258 3.399081e-09 
176.4837714 1.415637e-09 
176.4842985 5.123285e-10 
177.8415353 2.477263e-09 
179.1992661 3.825635e-09 
177.8420315 1.013777e-09 
179.1997441 2.354025e-09 
180.5569796 2.891906e-09 
183.2718607 2.63518e-09 
181.9141332 1.955355e-09 
181.9146944 1.488494e-09 
183.2724169 6.92927e-10 
184.6295655 5.890019e-10 
184.6301124 7.099364e-10 
187.3443602 2.31055e-09 
185.9872936 1.085764e-09 
187.34499 3.488369e-09 
188.7020937 2.062003e-09 
188.7026933 3.606315e-09 
190.0598231 9.981221e-10 
191.4175364 6.524142e-10 
190.0603541 2.916786e-09 
192.7745467 4.61325e-09 
192.7752133 1.08659e-09 
194.1322724 2.578799e-09 
195.4899796 1.681283e-10 
194.1328919 2.646013e-09 
195.4905584 1.937386e-09 
196.8476688 1.328108e-09 
199.5624035 8.278049e-10 
198.2046979 1.967108e-09 
198.2053423 4.407939e-09 
199.5630209 5.355175e-09 
200.9200809 6.884184e-10 
200.9206891 3.093894e-09 
203.6347161 2.145174e-10 
202.2777652 1.012224e-09 
203.6354241 4.851249e-10 
204.992405 9.567171e-10 
204.9931028 7.663475e-10 
206.350044 1.589832e-09 
206.3507216 1.581654e-09 
108.5979758 2.314456e-09 
109.9559063 1.34652e-09 
108.5984034 2.233663e-09 
109.9563164 2.608139e-09 
111.3137978 1.324094e-10 
111.3141879 1.357861e-09 
114.0291591 1.403921e-09 
112.6717232 3.023717e-11 
114.0296028 4.909956e-10 
115.3870765 1.147582e-09 
115.3875164 9.328651e-10 
116.7449539 1.760433e-09 
118.1028737 1.855856e-09 
116.7453926 9.506435e-10 
119.46029 2.377848e-10 
119.4607414 3.161412e-09 
120.8182014 2.822844e-10 
122.1760736 1.264462e-09 
120.8186358 2.007294e-09 
122.1764957 1.241009e-09 
123.5339761 3.193982e-09 
124.8913787 1.553094e-09 
126.2492768 2.608903e-10 
124.8918427 2.561434e-09 
126.249735 2.607936e-09 
127.6071482 3.473952e-10 
127.607596 8.007395e-10 
130.3224706 2.065754e-09 
128.9650333 7.807361e-10 
130.3228969 1.696066e-09 
131.6803536 1.253492e-09 
131.6807875 1.86176e-09 
133.0382118 1.059366e-09 
134.3960771 1.181649e-10 
133.038631 2.969601e-09 
135.7534636 2.060961e-09 
135.753919 5.483781e-10 
137.1113213 3.758596e-09 
138.4691825 2.477467e-09 
137.1118008 3.738005e-09 
138.4696153 2.846184e-09 
139.8270455 6.416386e-10 
141.1844001 1.628029e-09 
142.5422624 6.815079e-09 
141.1848814 1.785309e-10 
142.5427441 2.082845e-09 
143.9000892 7.005201e-09 
143.9005728 5.826632e-09 
146.6152857 4.849524e-09 
145.2579584 3.872866e-09 
146.6157833 1.624786e-09 
147.9731541 5.193757e-09 
147.9736133 1.82817e-09 
149.3309673 3.57251e-09 
150.6887951 2.078461e-09 
149.331413 3.11345e-09 
152.0461201 1.900584e-09 
152.0466064 9.424675e-10 
153.403938 6.02334e-09 
154.761747 6.59572e-09 
153.4044226 1.687327e-09 
154.7621873 4.64676e-09 
156.1195445 2.758312e-09 
157.4768433 5.982772e-10 
158.834662 1.130841e-09 
157.4773327 1.029141e-09 
158.8351334 6.291473e-10 
160.1924536 1.634374e-09 
160.1928915 1.856192e-10 
162.9074841 4.830731e-09 
161.5502549 1.585182e-09 
162.9080196 1.831125e-09 
164.265313 2.210345e-09 
164.2657833 5.50532e-10 
165.6230908 4.35521e-09 
166.9808484 5.078358e-09 
165.6235364 7.580708e-10 
168.3380682 7.503807e-10 
168.3385975 9.391124e-10 
169.6958506 2.702698e-09 
171.0536091 2.334136e-09 
169.6963605 5.726587e-10 
171.0540853 3.758392e-09 
172.4113648 2.131461e-09 
173.7685465 2.479314e-09 
175.126314 3.545534e-09 
173.769092 1.541888e-09 
175.1268452 1.562964e-09 
176.4840618 3.767007e-09 
176.4845446 1.79829e-09 
179.1989701 2.111999e-09 
177.8417973 1.722163e-09 
179.1995109 1.98572e-09 
180.5567199 2.985056e-09 
180.557235 1.920261e-09 
181.9144332 2.096065e-09 
183.2721486 5.555885e-10 
181.9149442 2.798007e-09 
184.6292592 1.463901e-09 
184.6298514 1.068128e-09 
185.9869875 8.443709e-10 
187.3446988 8.935273e-10 
185.9875673 1.356344e-09 
187.3452373 7.073378e-10 
188.7024299 1.980184e-09 
190.0594578 5.008132e-09 
191.4171868 3.849398e-09 
190.0601131 3.440632e-09 
191.4178066 4.946442e-09 
192.7749065 1.290534e-09 
192.7754675 3.915718e-09 
195.4896363 1.771265e-09 
194.1326019 3.35237e-10 
195.4902745 1.490547e-09 
196.8473542 9.561732e-10 
196.8479533 2.823002e-09 
198.2050408 1.380467e-09 
199.5627325 3.354484e-09 
198.2056221 1.895891e-09 
200.9197177 2.052833e-09 
200.9203967 3.685747e-09 
202.2774125 3.08886e-10 
203.6350833 1.428707e-10 
202.2780749 1.9756e-09 
203.635739 5.421536e-10 
204.9927646 2.827757e-10 
206.3496822 1.071816e-09 
206.3503871 3.243895e-10 
108.5981958 3.525731e-10 
108.5985907 3.024814e-09 
111.3135883 1.66692e-09 
111.3139969 8.349814e-10 
114.0293902 2.094063e-10 
114.0297888 7.307391e-10 
116.7447347 1.943699e-10 
116.7451786 1.205696e-09 
119.4605152 2.306509e-09 
119.4609423 4.107188e-10 
122.1758523 1.830733e-09 
122.176284 5.271127e-09 
124.89161 3.086304e-10 
124.8920484 1.735318e-09 
127.6069278 1.015824e-09 
127.6073677 1.870117e-09 
130.3226863 4.646203e-10 
130.3231144 1.422341e-09 
133.037971 2.833719e-09 
133.0384196 1.392406e-09 
135.753701 2.459904e-09 
135.7541339 4.202358e-09 
138.4689335 2.975271e-09 
138.4694031 5.502976e-10 
141.1846427 1.838272e-09 
141.185098 1.681773e-09 
143.8998353 3.924079e-09 
143.9003502 1.051085e-09 
146.6155294 7.629159e-09 
146.6160122 4.794142e-09 
149.3307188 3.720311e-09 
149.3312029 7.630108e-10 
152.0463805 6.112381e-09 
152.0468021 6.326939e-09 
154.7614939 1.314567e-09 
154.7619783 3.248462e-10 
157.4771021 1.520565e-09 
157.4775471 1.353854e-09 
160.1921788 1.62456e-09 
160.1926809 9.151289e-10 
162.9077898 3.315392e-09 
162.9082244 8.659542e-10 
165.6227768 1.415189e-09 
165.6233285 3.274057e-09 
168.3383541 3.734107e-09 
168.3388257 1.693966e-09 
171.053321 1.145325e-09 
171.0538582 5.177036e-10 
173.7688359 3.376912e-09 
173.769336 3.114372e-09 
176.4837588 1.975565e-09 
176.4843158 5.380081e-10 
179.1992697 3.33913e-09 
179.1997477 1.905966e-09 
181.9141334 1.664368e-09 
181.9147036 1.348828e-09 
184.6295708 5.343343e-10 
184.6301137 1.046679e-09 
187.3443722 1.384914e-09 
187.3449865 3.786129e-09 
190.059818 6.36792e-10 
190.060355 3.100559e-09 
192.7745485 3.226005e-09 
192.7752099 1.155809e-09 
195.4899754 1.276635e-10 
195.4905571 1.434087e-09 
198.2046998 2.781247e-09 
198.2053379 4.559282e-09 
200.9200791 9.081682e-10 
200.9206857 2.406459e-09 
203.6347207 3.184334e-10 
203.6354221 5.042409e-10 
206.3500469 1.39428e-09 
206.350725 1.181622e-09 
108.5979753 2.51099e-09 
108.5984035 2.383732e-09 
109.956121 3.119262e-10 
111.313799 1.152637e-10 
111.3141824 1.225084e-09 
112.6715073 5.806377e-10 
114.0291687 8.195354e-10 
114.0295974 4.616119e-10 
112.6719114 4.391781e-10 
115.3873093 4.36212e-10 
118.1026505 4.697635e-10 
116.7449585 1.047723e-09 
118.1030758 8.439298e-10 
116.7453767 1.095632e-09 
119.4603115 2.197458e-10 
119.4607271 3.15373e-09 
122.1760718 1.393231e-09 
120.8184238 4.182457e-09 
122.1764839 1.623394e-09 
123.533749 1.40738e-10 
123.5341798 4.188508e-09 
124.891396 2.190787e-09 
124.8918294 3.023854e-09 
126.249504 9.680235e-10 
127.6071509 2.835094e-10 
127.6075832 1.759026e-09 
128.9648273 1.266245e-09 
130.322469 2.711827e-09 
130.3228938 2.575428e-09 
128.9652528 2.17815e-09 
131.6805636 6.104996e-10 
134.3958424 2.002956e-09 
133.0382099 9.040393e-10 
134.3963048 3.122892e-09 
133.0386238 2.756398e-09 
135.7534553 1.822621e-09 
135.7539172 5.863425e-10 
138.4691716 2.573625e-09 
137.1115614 7.633617e-10 
138.4696163 3.402535e-09 
139.8267917 3.099457e-09 
139.8272748 1.845134e-09 
141.1843939 1.922564e-09 
141.1848783 3.483078e-10 
142.5425145 2.261735e-09 
143.9000909 6.126771e-09 
143.9005652 4.369367e-09 
145.2577112 1.043729e-08 
146.615276 6.197422e-09 
146.6157851 1.044337e-09 
145.258192 2.326224e-09 
147.9733838 1.207845e-09 
150.6885674 2.412904e-09 
149.3309696 2.807312e-09 
150.6890202 7.230079e-10 
149.3314067 2.670562e-09 
152.0461236 2.195224e-09 
152.0466008 9.686808e-10 
154.7617501 6.869038e-09 
153.4041797 3.550863e-09 
154.762183 5.786618e-09 
156.1193041 4.420987e-09 
156.1197873 2.58623e-09 
157.4768513 1.89439e-10 
157.477326 9.695522e-10 
158.8349015 1.539996e-09 
160.1924532 1.720509e-09 
160.1928899 1.720734e-10 
161.5500084 3.290447e-09 
162.9074811 3.214262e-09 
162.9080238 1.791526e-09 
161.5504637 2.458655e-10 
164.2655679 2.911021e-09 
166.9805812 1.276997e-09 
165.6230743 4.014999e-09 
166.9810865 4.177512e-10 
165.623547 7.253588e-10 
168.3380673 5.886133e-10 
168.3386001 8.135953e-10 
171.0535938 1.71498e-09 
169.6961098 2.258345e-09 
171.0540979 3.236289e-09 
172.4110836 3.208272e-09 
172.4116283 2.119217e-09 
173.7685429 9.055097e-10 
173.7690987 2.285972e-09 
175.1265915 1.663686e-09 
176.4840551 2.153866e-09 
176.4845533 6.710862e-10 
177.8415261 1.250096e-09 
179.1989594 1.126112e-09 
179.199525 2.031338e-09 
177.8420475 2.979689e-10 
180.5569907 3.700777e-09 
183.2718696 1.561779e-09 
181.914438 1.723902e-09 
183.2724212 5.575507e-10 
181.914947 2.818537e-09 
184.6292675 5.956322e-10 
184.6298556 2.855602e-10 
187.3446974 9.618953e-10 
185.9872945 8.208647e-10 
187.3452467 7.283739e-10 
188.7020995 1.202613e-09 
188.7026947 3.407451e-09 
190.0594658 2.708196e-09 
190.0601133 2.143428e-09 
191.417532 6.828684e-10 
192.7749036 1.367884e-09 
192.7754765 3.572085e-09 
194.1322698 1.892994e-09 
195.4896332 1.552851e-09 
195.4902811 1.467073e-09 
194.1328969 2.41246e-09 
196.8476681 1.642193e-09 
199.5624058 9.314229e-10 
198.2050402 1.045906e-09 
199.5630191 4.374697e-09 
198.2056254 8.506057e-10 
200.9197168 2.198164e-09 
200.9203954 3.337556e-09 
203.6350861 1.572815e-10 
202.2777638 1.175108e-09 
203.635739 3.876363e-10 
204.9924103 7.754723e-10 
204.993103 5.420873e-10 
206.3496783 7.253847e-10 
206.3503903 2.564113e-10 
109.9558994 1.022302e-09 
109.9563191 1.796105e-09 
112.6717189 2.035081e-10 
115.3870798 7.35226e-10 
115.3875098 1.394237e-09 
118.1028723 1.964715e-09 
120.8182127 2.74921e-10 
120.8186236 2.300794e-09 
123.5339753 3.194529e-09 
126.2492944 6.142386e-10 
126.2497196 2.916993e-09 
128.9650382 1.266544e-09 
131.6803611 1.513282e-09 
131.680776 1.743159e-09 
134.3960754 6.114117e-11 
137.1113153 3.649783e-09 
137.1117966 4.223228e-09 
139.8270385 7.467845e-10 
142.5422604 6.083468e-09 
142.5427369 1.164386e-09 
145.257962 2.961791e-09 
147.9731513 3.950504e-09 
147.9736079 6.976314e-10 
150.6887944 2.260882e-09 
153.4039431 6.333061e-09 
153.4044155 2.413839e-09 
156.1195406 3.061718e-09 
158.8346695 1.320654e-09 
158.8351268 4.360569e-10 
161.5502519 1.622718e-09 
164.2652981 1.448331e-09 
164.2657931 9.869753e-10 
166.9808394 4.304015e-09 
169.6958368 2.148003e-09 
169.6963699 4.601507e-10 
172.4113574 3.417815e-09 
175.1263041 1.725565e-09 
175.1268524 6.516463e-10 
177.8417981 1.361346e-09 
180.5567139 1.170418e-09 
180.5572416 1.5138e-09 
183.272151 1.076557e-09 
185.9869946 9.158378e-10 
185.9875686 4.037815e-10 
188.7024219 1.194513e-09 
191.4171866 2.248731e-09 
191.4178133 3.709922e-09 
194.1326006 9.352948e-10 
196.8473465 4.762193e-10 
196.8479656 1.894428e-09 
199.5627316 2.993752e-09 
202.2774121 1.126817e-10 
202.2780767 1.516771e-09 
204.9927699 2.139014e-10 
108.5981845 5.727901e-10 
109.9561133 5.27917e-10 
108.5986027 2.309551e-09 
111.3135765 7.500908e-10 
111.3139999 2.860655e-10 
112.6714941 4.861964e-10 
114.0293866 6.180156e-10 
112.6719195 3.153928e-10 
114.0297914 8.916425e-10 
115.3873086 1.48122e-09 
116.7447283 2.304408e-10 
118.1026391 9.118793e-10 
116.7451827 1.337155e-09 
118.1030857 1.200868e-09 
119.4605177 2.044489e-09 
119.4609377 6.039701e-10 
122.1758587 2.037754e-09 
122.1762862 4.93045e-09 
120.8184316 4.273518e-09 
123.5337528 3.464665e-10 
123.5341852 4.607425e-09 
124.8916179 3.197924e-11 
126.2495148 9.153764e-10 
124.8920416 2.404033e-09 
127.6069388 1.585907e-09 
127.6073688 2.108107e-09 
128.9648434 1.160506e-09 
130.3226985 5.95927e-10 
128.9652493 2.174584e-09 
130.3231009 1.598628e-09 
131.6805737 9.861437e-10 
133.0379778 2.791991e-09 
134.395848 1.821195e-09 
133.0384178 1.517462e-09 
134.3963026 2.882113e-09 
135.753698 2.431391e-09 
135.7541275 4.107648e-09 
138.4689413 3.483967e-09 
138.4693932 8.030772e-10 
137.1115612 5.38783e-10 
139.8267985 2.142896e-09 
139.8272656 1.200116e-09 
141.1846427 1.457561e-09 
142.542519 2.156343e-09 
141.1850869 1.417617e-09 
143.8998334 3.433063e-09 
143.9003457 5.851252e-10 
145.2577135 7.46573e-09 
146.6155354 5.934711e-09 
145.2581838 1.233407e-09 
146.6159962 3.372378e-09 
147.9733928 1.298655e-09 
149.330713 2.536182e-09 
150.6885622 1.566136e-09 
149.3312002 5.177654e-10 
150.6890182 5.091348e-10 
152.0463814 6.919447e-09 
152.0467948 7.003098e-09 
154.7614933 6.182733e-10 
154.7619737 7.631611e-10 
153.4041827 4.266481e-09 
156.1193045 2.866195e-09 
156.1197854 1.681294e-09 
157.4770996 1.269067e-09 
158.8349039 2.207734e-09 
157.4775474 8.593293e-10 
160.1921784 1.718498e-09 
160.192681 9.910934e-10 
161.5499978 4.283171e-09 
162.9077712 3.64307e-09 
161.5504733 6.273448e-10 
162.9082373 1.383789e-09 
164.2655627 2.068738e-09 
165.6227776 7.80697e-11 
166.980564 1.080752e-09 
165.6233299 2.88223e-09 
166.9810984 1.207766e-09 
168.3383324 3.163623e-09 
168.3388396 1.339163e-09 
171.0533255 1.286256e-09 
171.0538549 1.179953e-09 
169.6961008 2.058249e-09 
172.4110777 2.441503e-09 
172.411627 1.215337e-09 
173.7688188 2.711663e-09 
175.1265821 2.884444e-09 
173.7693452 1.363163e-09 
176.4837541 5.907199e-10 
176.4843149 1.359424e-09 
177.8415159 6.813989e-10 
179.1992592 1.670647e-09 
177.8420447 2.845793e-10 
179.1997527 8.55929e-10 
180.5569828 2.177378e-09 
181.9141292 7.102363e-10 
183.2718631 1.402748e-09 
181.914706 1.225204e-09 
183.2724208 4.987975e-10 
184.6295667 9.407178e-10 
184.6301219 6.325096e-10 
187.3443776 5.012125e-10 
187.3449838 1.604697e-09 
185.9872856 1.157218e-09 
188.7020998 9.776186e-10 
188.7026927 1.727148e-09 
190.0598074 6.364674e-10 
191.41752 6.571776e-10 
190.0603719 2.567587e-09 
192.7745492 2.278105e-09 
192.775214 1.035868e-09 
194.1322642 1.549823e-09 
195.4899703 2.577037e-10 
194.1329056 1.809023e-09 
195.4905724 8.000594e-10 
196.8476615 1.52696e-09 
198.2046913 2.057067e-09 
199.5623948 1.99829e-10 
198.205342 3.675241e-09 
199.5630252 2.781477e-09 
200.9200779 5.777732e-10 
200.9206881 9.719622e-10 
203.6347157 1.055742e-10 
202.2777636 1.083966e-09 
203.635425 3.816984e-10 
204.9924065 3.97809e-10 
204.9931075 6.052082e-10 
206.3500446 6.604751e-10 
206.3507306 1.305805e-09 
108.5979686 2.141377e-09 
108.5984059 2.427149e-09 
111.3137898 3.972321e-10 
111.314197 8.178138e-10 
114.0291463 9.935392e-10 
114.0296072 8.125567e-10 
116.7449513 2.239247e-09 
116.7453905 1.204842e-09 
119.460288 3.260663e-10 
119.4607439 3.299229e-09 
122.176072 8.006712e-10 
122.1764967 1.895318e-09 
124.8913836 2.097811e-09 
124.8918465 2.625313e-09 
127.6071593 3.376433e-11 
127.6075875 1.586493e-09 
130.322475 3.000893e-09 
130.3229021 2.542763e-09 
133.0382169 8.077339e-10 
133.0386234 2.153969e-09 
135.753467 2.093418e-09 
135.7539159 8.721864e-10 
138.4691774 1.785734e-09 
138.4696102 2.282441e-09 
141.1844006 1.399948e-09 
141.1848778 1.773092e-10 
143.9001025 6.426291e-09 
143.9005528 4.615887e-09 
146.6152703 3.103517e-09 
146.6157891 8.127378e-10 
149.3309749 2.596707e-09 
149.3313984 2.159254e-09 
152.0461135 1.426576e-09 
152.0466055 1.023634e-09 
154.7617499 5.726331e-09 
154.762186 4.048825e-09 
157.4768422 3.099386e-10 
157.4773322 1.508361e-09 
160.1924401 3.620187e-09 
160.1929054 8.667861e-10 
162.9074788 1.253346e-09 
162.9080296 1.373438e-09 
165.6230557 4.144614e-09 
165.6235649 1.11615e-09 
168.3380681 1.645858e-09 
168.3386026 1.037021e-09 
171.0535824 1.194821e-09 
171.0541045 2.360332e-09 
173.7685456 1.573324e-09 
173.7690909 2.867686e-09 
176.4840392 2.072056e-09 
176.4845567 2.535036e-10 
179.1989569 5.342831e-10 
179.1995152 1.182607e-09 
181.9144251 1.306697e-09 
181.9149518 1.484064e-09 
184.6292645 7.323581e-10 
184.6298492 3.609237e-10 
187.3446869 1.763224e-09 
187.3452554 5.474612e-10 
190.0594692 2.237118e-09 
190.060107 1.445961e-09 
192.7748912 1.19144e-09 
192.775493 3.074805e-09 
195.4896375 1.406282e-09 
195.4902769 1.32812e-09 
198.2050348 1.559588e-09 
198.2056309 2.520292e-10 
200.9197129 1.131584e-09 
200.9203946 3.020762e-09 
203.635084 1.248282e-10 
203.635742 2.736874e-10 
206.3496746 6.79626e-10 
206.3503897 2.949892e-10 
109.9559004 1.007295e-09 
108.5981916 6.993834e-10 
109.9563225 1.814364e-09 
108.5986015 2.092426e-09 
111.3135724 5.034561e-10 
111.3140022 3.437649e-10 
114.029381 1.063182e-09 
112.6717184 4.638736e-10 
114.0297987 6.409594e-10 
115.3870655 1.408619e-09 
115.3875215 1.250846e-09 
116.7447147 4.306039e-10 
118.1028748 2.587529e-09 
116.7451859 1.888827e-09 
119.4605104 2.055826e-09 
119.4609497 5.559711e-10 
120.8181955 4.636962e-10 
122.1758354 2.386717e-09 
122.1762986 4.556145e-09 
120.8186416 2.731315e-09 
123.5339813 2.508905e-09 
126.249288 8.188093e-10 
124.8916119 5.065694e-10 
126.249733 3.562762e-09 
124.8920565 2.750991e-09 
127.6069261 1.970659e-09 
127.6073808 2.721234e-09 
130.3226945 3.402337e-10 
128.9650444 1.280181e-09 
130.323115 1.141203e-09 
131.6803628 8.113105e-10 
131.6807855 1.293658e-09 
133.0379815 2.150524e-09 
134.3960831 7.219012e-11 
133.0384227 1.155278e-09 
135.7537019 1.461341e-09 
135.7541339 2.66642e-09 
137.111322 3.255951e-09 
138.4689442 3.888861e-09 
138.4693987 8.306105e-10 
137.1117976 3.233701e-09 
139.8270491 4.90011e-10 
142.5422708 5.337401e-09 
141.1846549 1.260515e-09 
142.5427333 1.213307e-09 
141.1850844 1.220484e-09 
143.8998316 2.55413e-09 
143.9003551 2.729424e-10 
146.6155435 7.007111e-09 
145.2579784 3.501814e-09 
146.6159941 3.519765e-09 
147.973147 2.298652e-09 
147.9736118 5.217235e-10 
149.3307056 1.000178e-09 
150.688808 1.742138e-09 
149.3312085 6.385146e-10 
152.0463865 6.28915e-09 
152.0467957 5.32712e-09 
153.4039364 5.182973e-09 
154.7614794 7.650944e-10 
154.7619865 1.119525e-09 
153.4044217 1.352906e-09 
156.1195511 3.575149e-09 
158.8346596 1.495537e-09 
157.477094 8.938781e-10 
158.8351389 2.532104e-10 
157.4775615 6.178296e-11 
160.1921729 4.84242e-10 
160.1926896 1.757829e-09 
162.9077608 5.021025e-09 
161.5502576 2.871905e-09 
162.9082563 2.183945e-09 
164.2652831 1.622308e-09 
164.2658111 1.599942e-09 
165.6227756 1.937097e-10 
166.9808384 3.958142e-09 
165.6233383 2.451449e-09 
168.3383325 3.540379e-09 
168.3388472 1.467152e-09 
169.6958303 2.267575e-09 
171.0533233 2.192744e-09 
171.0538589 1.003919e-09 
169.6963756 5.369689e-10 
172.4113557 3.571762e-09 
175.1263026 2.082528e-09 
173.7688208 2.872392e-09 
175.1268447 7.34972e-10 
173.7693418 1.431488e-09 
176.4837593 1.050838e-09 
176.4843036 8.24358e-10 
179.1992504 2.654879e-09 
177.8417857 4.545524e-10 
179.1997533 6.204148e-10 
180.5567033 2.232092e-09 
180.5572378 1.291702e-09 
181.9141288 1.261003e-09 
183.2721397 7.241953e-10 
181.9146968 9.047003e-10 
184.629561 7.512238e-10 
184.6301214 2.283734e-10 
185.9869873 1.344424e-09 
187.3443748 1.343911e-09 
187.3449794 1.713511e-09 
185.9875647 2.53389e-10 
188.7024133 1.410044e-09 
191.4171886 1.839971e-09 
190.0598056 6.566464e-10 
191.4178086 3.219512e-09 
190.0603734 2.647855e-09 
192.774563 3.030204e-09 
192.7752045 1.227594e-09 
195.4899683 8.224728e-10 
194.1325875 6.13511e-10 
195.4905725 9.231252e-10 
196.8473455 1.156601e-09 
196.8479625 1.171227e-09 
198.2047051 1.518368e-09 
198.205333 3.681695e-09 
199.5627244 3.123684e-09 
200.9200777 8.764583e-10 
200.9206861 9.075682e-10 
202.277407 1.990562e-11 
203.634716 1.130818e-10 
203.6354214 4.378124e-10 
202.2780762 1.274617e-09 
204.9927669 2.388405e-10 
206.350043 6.422498e-10 
206.3507288 1.469529e-09 
109.9561232 4.474808e-10 
112.6715 6.593526e-10 
112.6719168 2.136813e-10 
115.3873081 9.406834e-10 
118.1026371 6.367683e-10 
118.1030848 7.79302e-10 
120.8184287 3.237683e-09 
123.5337414 1.317506e-09 
123.5341904 5.312143e-09 
126.2495079 8.900029e-10 
128.9648307 1.387759e-09 
128.9652593 2.543132e-09 
131.6805705 4.313705e-10 
134.3958449 1.932846e-09 
134.3963098 2.744335e-09 
137.1115668 3.893652e-10 
139.8268042 2.342633e-09 
139.8272662 8.920508e-10 
142.5425299 1.737898e-09 
145.2577126 7.419642e-09 
145.2581898 1.390398e-09 
147.9734029 1.422425e-09 
150.688556 2.470044e-09 
150.6890253 8.462053e-10 
153.4041951 4.351291e-09 
156.1192937 2.177307e-09 
156.1197967 6.892327e-10 
158.834914 3.598369e-09 
161.5499892 4.341708e-09 
161.5504872 6.872136e-10 
164.2655684 2.02104e-09 
166.980562 1.363105e-09 
166.9811079 1.188866e-09 
169.696108 1.762293e-09 
172.4110814 2.889778e-09 
172.4116261 1.867729e-09 
175.1265838 2.504165e-09 
177.8415186 1.699724e-09 
177.8420383 2.204781e-10 
180.5569725 2.382336e-09 
183.2718542 2.858897e-09 
183.2724213 2.869803e-10 
185.9872858 8.734392e-10 
188.7020998 1.331321e-09 
188.7026891 1.774654e-09 
191.4175205 1.850361e-10 
194.1322773 2.790882e-09 
194.1328948 1.689422e-09 
196.8476574 1.554671e-09 
199.5624034 3.954605e-10 
199.5630164 3.003996e-09 
202.2777606 1.295949e-09 
204.992406 3.919587e-10 
204.9931023 6.36921e-10 
108.5979749 2.748568e-09 
109.9559067 1.356462e-09 
108.5984075 2.722176e-09 
109.9563183 3.147349e-09 
111.313797 1.909962e-10 
111.3141862 1.207444e-09 
114.0291579 9.569464e-10 
112.6717216 5.531127e-11 
114.0295967 4.923128e-10 
115.3870775 1.015248e-09 
115.3875083 4.927437e-10 
116.7449522 1.167309e-09 
118.1028733 1.501759e-09 
116.7453803 5.71242e-10 
119.4602953 6.124933e-10 
119.4607318 3.174104e-09 
120.8182094 4.271035e-10 
122.1760681 5.055644e-10 
120.8186251 2.625634e-09 
122.1764917 2.316259e-09 
123.5339749 1.651046e-09 
124.8913784 2.987435e-09 
126.2492868 1.627886e-09 
124.8918432 3.072863e-09 
126.2497255 3.809193e-09 
127.6071466 5.390467e-11 
127.6075947 1.677994e-09 
130.3224732 2.903403e-09 
128.9650326 6.886227e-10 
130.3229003 2.193513e-09 
131.6803577 1.603131e-09 
131.680785 1.459003e-09 
133.038208 6.127285e-10 
134.3960758 2.479969e-10 
133.0386346 1.976877e-09 
135.7534662 3.396102e-09 
135.7539156 1.379841e-09 
137.1113224 4.384255e-09 
138.4691803 1.483118e-09 
137.1117936 3.521123e-09 
138.4696144 1.461857e-09 
139.8270441 1.357637e-10 
141.1843984 1.825249e-09 
142.5422674 6.045404e-09 
141.184882 1.075661e-10 
142.5427334 1.669117e-09 
143.9001034 6.081979e-09 
143.9005573 4.569133e-09 
146.6152729 1.873427e-09 
145.2579694 3.190077e-09 
146.6157897 6.061078e-10 
147.9731432 2.260377e-09 
147.9736121 1.972921e-10 
149.3309778 3.01389e-09 
150.6888059 2.088313e-09 
149.3313986 1.802539e-09 
152.0461086 1.943684e-09 
152.0466115 1.093699e-09 
153.4039292 6.735696e-09 
154.7617503 5.059439e-09 
153.4044241 1.251374e-09 
154.7621894 2.332559e-09 
156.1195562 3.385258e-09 
157.4768356 6.917753e-10 
158.8346503 1.116815e-09 
157.47734 1.841179e-09 
158.8351449 2.761033e-10 
160.1924347 4.43739e-09 
160.1929165 1.4966e-09 
162.907484 7.243159e-10 
161.5502603 4.807708e-09 
162.9080293 1.451235e-09 
164.2652932 1.695931e-09 
164.2658069 7.591817e-10 
165.6230628 4.186949e-09 
166.9808433 3.984621e-09 
165.6235691 1.002432e-09 
168.3380664 8.354372e-10 
168.3386088 7.268786e-10 
169.6958405 2.583828e-09 
171.0535992 1.296263e-09 
169.6963714 4.552406e-10 
171.0540977 3.008242e-09 
172.411365 1.98941e-09 
173.7685475 1.612079e-09 
175.1263133 1.793271e-09 
173.7690911 2.376628e-09 
175.126839 1.869902e-09 
176.4840504 2.50052e-09 
176.484549 8.067432e-10 
179.1989678 8.794128e-10 
177.8417861 1.194493e-09 
179.1995061 1.039594e-09 
180.5567093 3.99302e-09 
180.5572348 1.06658e-09 
181.9144278 3.482695e-09 
183.2721416 1.402923e-09 
181.9149485 1.652432e-09 
184.6292584 1.399211e-09 
184.6298524 3.968127e-10 
185.9869808 1.410364e-09 
187.3446957 9.904822e-10 
185.9875706 5.182828e-10 
187.3452473 3.644171e-10 
188.702427 8.349141e-10 
190.0594729 3.990765e-09 
191.4171996 3.446511e-09 
190.060109 1.452867e-09 
191.4178052 3.655719e-09 
192.7749067 1.873238e-09 
192.7754821 4.0009e-09 
195.4896544 2.126231e-09 
194.1326002 6.922749e-10 
195.4902727 1.340562e-09 
196.8473608 1.485713e-09 
196.8479553 1.884119e-09 
198.2050438 1.793121e-09 
199.5627318 3.290843e-09 
198.2056227 8.595123e-10 
200.9197245 8.656411e-10 
200.920391 3.377391e-09 
202.2774146 7.101337e-11 
203.6350846 2.090392e-10 
202.2780728 1.706371e-09 
203.6357383 4.584527e-10 
204.9927664 2.936304e-10 
206.3496736 4.80054e-10 
206.3503881 4.244581e-10 
108.5981918 4.954494e-10 
108.5985967 3.701171e-09 
111.3135803 1.047405e-09 
111.3139962 9.93082e-10 
114.0293878 2.969391e-10 
114.029783 3.39601e-10 
116.7447336 4.569176e-10 
116.7451722 1.046138e-09 
119.4605194 1.56731e-09 
119.4609296 4.964266e-10 
122.1758545 2.816427e-09 
122.1762836 4.312737e-09 
124.8916135 8.570255e-11 
124.8920412 2.672747e-09 
127.6069359 3.098082e-09 
127.6073699 2.724711e-09 
130.3226855 7.719322e-10 
130.3231137 1.549871e-09 
133.0379878 3.14336e-09 
133.0384125 1.625794e-09 
135.753699 2.335801e-09 
135.7541331 3.508497e-09 
138.4689456 3.337318e-09 
138.4693919 4.594379e-10 
141.1846473 1.425759e-09 
141.1850879 1.551916e-09 
143.8998407 2.75633e-09 
143.9003438 3.790846e-10 
146.6155344 4.961021e-09 
146.6159979 2.719062e-09 
149.3307156 1.028392e-09 
149.3311982 4.70859e-10 
152.0463856 7.517355e-09 
152.0467914 4.68885e-09 
154.7614778 1.579855e-09 
154.7619874 5.629276e-10 
157.4770895 8.159578e-10 
157.4775603 7.299557e-11 
160.1921789 2.194809e-10 
160.1926825 2.451032e-09 
162.9077691 5.236577e-09 
162.9082488 1.962284e-09 
165.6227863 3.012577e-10 
165.6233278 1.957504e-09 
168.3383508 3.73714e-09 
168.338835 1.371453e-09 
171.053324 1.443231e-09 
171.0538584 4.215368e-10 
173.7688392 2.364423e-09 
173.7693297 2.548145e-09 
176.4837707 5.030753e-10 
176.4842984 9.327242e-10 
179.1992636 4.572844e-09 
179.1997463 1.490451e-09 
181.9141323 1.63217e-09 
181.9146971 1.187045e-09 
184.6295687 8.246984e-10 
184.630115 6.741143e-10 
187.3443644 1.940695e-09 
187.3449921 2.04638e-09 
190.0598247 1.036667e-09 
190.0603614 3.155742e-09 
192.7745636 5.14121e-09 
192.7752122 1.119592e-09 
195.4899878 7.182885e-10 
195.49056 1.816101e-09 
198.2047073 1.687188e-09 
198.2053407 4.392543e-09 
200.9200837 7.734942e-10 
200.9206853 2.340278e-09 
203.6347191 1.386208e-10 
203.6354221 5.04777e-10 
206.3500407 7.819304e-10 
206.3507266 1.49468e-09 
108.597972 2.415478e-09 
108.598403 2.892377e-09 
109.9561175 4.367874e-10 
111.3137937 2.524694e-10 
111.3141878 2.039469e-09 
114.0291571 1.453912e-09 
112.6714976 8.767507e-10 
114.0295983 4.717583e-10 
112.6719141 3.516295e-10 
115.3873104 6.503274e-10 
118.1026489 6.396436e-10 
116.7449585 1.101785e-09 
118.1030764 4.56196e-10 
116.7453779 5.354801e-10 
119.4603006 4.067756e-10 
119.4607338 2.677139e-09 
122.1760809 6.304396e-10 
120.8184341 3.351295e-09 
122.1764803 1.777141e-09 
123.5337589 1.095348e-09 
123.5341772 4.714542e-09 
124.891391 2.730434e-09 
126.2495079 5.973369e-10 
124.8918389 2.438543e-09 
127.6071519 1.960791e-10 
127.6075857 1.122832e-09 
130.3224844 3.392053e-09 
128.9648379 2.358118e-09 
130.3228918 1.919924e-09 
128.9652518 2.11936e-09 
131.6805629 6.063375e-10 
134.3958518 3.183987e-09 
133.0382101 1.689091e-09 
134.3963003 3.836886e-09 
133.038627 3.195476e-09 
135.7534752 2.75747e-09 
135.7539073 9.189478e-10 
138.4691794 3.283417e-09 
137.1115571 1.509097e-10 
138.4696099 2.978807e-09 
139.8268035 3.690506e-09 
139.8272588 1.810955e-09 
141.1844077 1.505402e-09 
141.1848703 9.845059e-11 
142.5425089 1.553777e-09 
143.9000892 4.815681e-09 
143.9005628 4.598025e-09 
145.2577098 6.16426e-09 
146.6152894 2.9495e-09 
146.6157734 1.102108e-09 
145.2581838 8.8948e-10 
147.9733816 1.572973e-09 
150.6885562 3.488789e-09 
149.3309696 3.768707e-09 
150.6890172 7.47269e-10 
149.3314001 2.249089e-09 
152.0461157 1.606792e-09 
152.0466038 1.128216e-09 
154.7617452 6.766931e-09 
153.4041886 4.667238e-09 
154.7621843 3.110949e-09 
156.1192833 3.698619e-09 
156.1197968 1.063081e-09 
157.4768378 1.616122e-09 
157.4773347 1.642912e-09 
158.8349095 3.602559e-09 
160.1924398 3.012191e-09 
160.192903 8.416933e-10 
162.9074934 1.848552e-09 
161.5499972 3.459033e-09 
162.908014 1.188718e-09 
161.5504746 2.217725e-10 
164.2655666 2.342462e-09 
166.9805856 1.493478e-09 
165.6230813 4.200826e-09 
166.9810861 5.81108e-10 
165.6235472 9.60769e-10 
168.3380739 4.645309e-10 
168.3385959 8.766568e-10 
171.0536109 1.501305e-09 
169.696111 1.882156e-09 
171.0540841 3.290643e-09 
172.4110932 2.778864e-09 
172.411615 2.511616e-09 
173.768552 1.367986e-09 
173.7690857 2.005257e-09 
175.1265872 2.477758e-09 
176.4840613 3.331589e-09 
176.4845409 1.862318e-09 
179.1989767 1.015287e-09 
177.8415331 1.888384e-09 
179.1995019 1.812982e-09 
177.8420297 4.934168e-10 
180.5569749 3.507018e-09 
183.2718553 2.974839e-09 
181.9144326 2.933725e-09 
183.2724217 3.999662e-10 
181.9149443 2.461721e-09 
184.6292517 1.324647e-09 
184.6298564 4.398333e-10 
187.3447009 1.106291e-09 
185.9872951 6.309014e-10 
187.3452405 6.21659e-10 
188.7020967 2.324561e-09 
188.7026958 2.648526e-09 
190.0594606 5.544735e-09 
190.060119 2.053853e-09 
191.4175378 4.14367e-10 
192.7749184 1.98796e-09 
192.7754722 4.43345e-09 
195.4896401 2.447587e-09 
194.1322844 3.342963e-09 
195.4902821 1.500128e-09 
194.1328936 2.305356e-09 
196.847674 1.307874e-09 
199.5624063 3.522413e-10 
198.2050481 8.250726e-10 
199.563022 4.924576e-09 
198.2056231 2.109237e-09 
200.9197188 1.185391e-09 
200.9204002 3.321711e-09 
203.635085 1.560883e-10 
202.2777679 1.186107e-09 
203.6357397 4.686595e-10 
204.9924064 4.027598e-10 
204.9931031 6.18356e-10 
206.3496753 9.122229e-10 
206.3503864 3.970496e-10 
109.9558969 1.442094e-09 
109.9563198 3.345419e-09 
112.671719 2.632675e-10 
115.3870683 1.709551e-09 
115.3875191 4.356152e-10 
118.1028809 1.879248e-09 
120.8182096 5.715468e-10 
120.8186341 2.157795e-09 
123.5339859 2.563239e-09 
126.2492928 5.68164e-10 
126.249729 2.394743e-09 
128.9650367 7.052204e-10 
131.6803661 2.055908e-09 
131.6807826 1.789e-09 
134.3960745 5.56212e-11 
137.11133 5.019948e-09 
137.1117887 4.185483e-09 
139.8270362 4.188158e-10 
142.5422671 5.195182e-09 
142.5427309 1.635666e-09 
145.2579491 3.93961e-09 
147.973149 3.085037e-09 
147.9736052 5.880527e-10 
150.688793 2.816886e-09 
153.4039277 6.738875e-09 
153.4044208 1.361212e-09 
156.1195485 3.308951e-09 
158.8346492 1.132906e-09 
158.8351387 4.858128e-10 
161.5502542 3.258274e-09 
164.2653141 2.035981e-09 
164.2657826 4.203835e-10 
166.980844 4.627147e-09 
169.6958568 2.390875e-09 
169.6963524 5.567378e-10 
172.4113636 2.407655e-09 
175.1263215 2.524631e-09 
175.1268309 1.723322e-09 
177.8417879 1.651344e-09 
180.5567185 3.570834e-09 
180.5572279 1.952097e-09 
183.2721438 8.084188e-10 
185.9869775 1.326984e-09 
185.9875708 8.196572e-10 
188.7024329 1.539494e-09 
191.4171937 4.541922e-09 
191.4178072 4.38283e-09 
194.1326089 5.119789e-10 
196.8473542 9.510107e-10 
196.8479587 3.088213e-09 
199.562738 2.496878e-09 
202.2774105 1.811449e-10 
202.2780794 1.909691e-09 
204.9927668 2.830609e-10 
