# c_kinat vs. Position.Y (3040 data points):
# Position.Y c_kinat
1.3402596 1.139288e-09 
1.3407431 2.303316e-09 
2.6978873 3.257544e-10 
2.6983791 9.203385e-10 
5.4127759 1.061232e-10 
4.0556349 4.713249e-10 
5.4133193 1.016985e-09 
4.0561515 1.576434e-10 
6.7705309 2.100278e-09 
6.7710867 1.634856e-09 
8.1282274 6.044758e-09 
9.4860096 2.721906e-09 
8.1287831 2.792406e-09 
9.4865384 2.776037e-09 
10.8431327 9.698099e-10 
10.8436986 8.730843e-10 
12.2009147 1.177439e-09 
13.5585985 2.743486e-09 
12.2014579 3.811749e-10 
13.5591717 2.385768e-10 
14.9163855 4.060788e-09 
14.9169834 1.406067e-09 
16.2735165 5.523658e-10 
17.6313125 2.3501e-09 
16.2740971 2.384256e-09 
17.6319062 1.120492e-10 
18.9890386 2.54473e-09 
20.3468426 1.544939e-09 
18.9896395 2.418149e-09 
20.3474472 2.376541e-09 
21.7039681 5.502161e-10 
21.704577 1.880803e-09 
23.0617788 2.856203e-10 
24.419509 8.491811e-10 
23.0623806 2.080124e-09 
24.4201524 3.232579e-10 
25.7773382 1.397841e-09 
25.7779892 3.174483e-10 
27.1344615 1.189721e-10 
28.4922928 6.760838e-10 
27.1351054 2.47323e-09 
28.4929532 9.838578e-10 
29.8500612 2.750315e-10 
29.8507135 6.915734e-10 
32.5650459 3.698187e-09 
31.2079088 9.46126e-10 
32.5656851 1.625492e-09 
31.2085578 3.196355e-10 
33.9228809 2.183816e-09 
33.9235497 3.732421e-09 
35.28068 1.309637e-09 
36.6385531 3.055014e-09 
35.2813383 2.078979e-09 
36.6391916 4.275824e-10 
37.9956924 3.932353e-09 
37.9963654 3.614559e-09 
39.353578 1.093161e-09 
40.7113847 6.870718e-11 
39.3542175 2.915375e-09 
40.7120092 2.754543e-09 
42.0692623 6.231178e-10 
42.0698732 1.102995e-09 
43.426447 5.79482e-09 
44.7843199 4.866576e-10 
43.4270647 5.805149e-09 
44.7849572 5.072206e-09 
46.1421403 2.339806e-09 
46.1427716 1.075379e-09 
48.8572555 3.923998e-10 
47.5000515 4.522707e-09 
48.8578624 1.5811e-09 
47.5006424 9.731125e-10 
50.2151575 6.848021e-11 
50.2157467 1.766582e-09 
51.5729857 3.386964e-10 
52.9308738 2.967076e-09 
51.5735874 9.154272e-10 
52.9315035 7.282317e-10 
54.288125 1.438961e-09 
54.2887224 4.204126e-09 
55.6460372 6.222561e-10 
57.0038914 1.515302e-09 
55.64663 1.886472e-09 
57.0044851 1.354302e-10 
58.3618014 1.748072e-09 
58.3623992 1.6009e-10 
59.7190813 3.196333e-10 
61.0770094 1.908771e-09 
59.7196361 1.386849e-09 
61.0775406 2.044649e-09 
62.4348386 2.709679e-09 
62.4354246 3.184403e-09 
65.1500753 1.151879e-09 
63.7927544 2.394689e-09 
65.1506228 3.694507e-09 
63.7933518 1.418872e-09 
66.5080092 2.424713e-11 
66.5085416 1.77791e-09 
67.8658772 4.864798e-10 
69.2237946 1.382552e-09 
67.8664167 1.326813e-10 
69.224339 1.039835e-09 
70.5811523 6.032407e-10 
70.5816653 1.324809e-09 
71.9390763 2.429559e-10 
73.2969525 1.494517e-09 
71.9395899 6.703796e-10 
73.2974588 3.627125e-10 
74.6548841 2.832378e-09 
74.6553861 1.490231e-09 
76.0122504 9.963269e-10 
77.3701895 3.629205e-09 
76.012758 1.313547e-09 
77.3706763 6.612029e-10 
78.7280663 3.952173e-09 
78.7285382 1.592699e-09 
81.4433889 1.53616e-09 
80.0859805 2.209736e-09 
81.443849 9.454999e-10 
80.086467 2.534084e-09 
82.8013054 3.453953e-09 
82.8017854 3.673173e-10 
84.1591775 4.210535e-09 
85.5171128 2.419307e-09 
84.1596747 1.566953e-09 
85.5176095 3.690212e-09 
86.8745436 1.324127e-09 
86.8750023 5.130905e-10 
88.2324721 1.01553e-09 
89.5903451 1.675526e-10 
88.2329345 9.637494e-10 
89.5908195 8.696013e-10 
90.9482695 2.218208e-10 
90.9487523 4.645538e-10 
92.3057375 1.118695e-09 
93.6636568 3.838999e-10 
92.3061607 1.157991e-09 
93.6640939 8.995638e-10 
95.0215348 2.144472e-10 
95.0219726 3.179075e-10 
97.7369449 2.924478e-10 
96.3794585 1.220298e-09 
97.7373315 1.849084e-09 
96.3798885 8.704458e-10 
99.0948609 1.471298e-09 
99.0952418 6.718561e-10 
100.4527248 2.995626e-09 
101.8106327 3.262377e-09 
100.4531124 2.319754e-10 
101.811023 1.734345e-09 
103.1681426 2.64397e-10 
103.1685078 2.138628e-09 
104.5260591 1.097708e-09 
105.8839291 2.556237e-09 
104.5264142 1.193238e-09 
105.8842751 6.593607e-10 
107.2418423 3.430933e-09 
107.2421614 6.554287e-10 
1.3405076 5.633305e-10 
1.3409794 6.609578e-10 
2.6976374 7.983094e-10 
2.698134 1.312966e-09 
4.0553766 1.775453e-10 
5.4130427 1.6765e-09 
4.0558911 3.390015e-10 
5.4135836 5.371536e-10 
6.770816 4.291197e-09 
6.7713467 1.443677e-09 
8.1279361 1.560183e-09 
9.4857214 3.631737e-09 
8.1285198 2.654057e-09 
9.486269 1.940061e-09 
10.843421 2.782469e-09 
10.8439616 1.360325e-09 
13.5583273 5.241348e-10 
12.2011897 1.115351e-09 
13.5588773 2.262064e-09 
12.2017508 1.176403e-09 
14.9160995 6.751168e-10 
14.9166771 1.448511e-09 
16.2738006 3.801554e-09 
17.6316065 4.203122e-09 
16.274407 6.629781e-10 
17.6322192 3.490872e-09 
18.9887357 9.916042e-10 
20.3465446 1.116711e-09 
18.9893373 5.288403e-10 
20.347134 1.688052e-09 
21.7042707 5.848837e-10 
21.7048838 1.323243e-09 
24.4192051 4.650196e-10 
23.0620708 1.078324e-09 
24.4198265 1.88682e-09 
23.0627147 6.16448e-10 
25.7770186 4.943868e-10 
25.7776634 8.272993e-10 
27.1347711 1.560331e-09 
28.4926212 2.82581e-09 
27.1354357 5.524968e-11 
28.4932666 8.87829e-10 
29.849756 2.190563e-09 
29.8503815 2.350097e-09 
31.2075822 7.190309e-10 
32.5653567 3.836715e-10 
31.2082369 1.297983e-09 
32.5660126 1.66555e-09 
33.9232145 1.311966e-09 
33.9238706 8.112724e-10 
35.2803502 3.727665e-09 
36.6382156 1.197247e-09 
35.2810156 3.195479e-09 
36.6388797 3.592398e-09 
37.9960311 9.215208e-10 
37.996666 2.176674e-09 
40.7110688 3.88102e-09 
39.3539094 3.545443e-10 
40.7117059 2.222707e-09 
39.3545143 5.638759e-10 
42.0689413 1.524726e-09 
42.0695732 3.575569e-09 
43.4267433 7.563489e-10 
44.7846479 4.221171e-09 
43.4273799 2.997471e-09 
44.7852532 5.913295e-10 
46.1418334 1.565447e-09 
46.1424598 5.648802e-09 
47.4997304 5.526776e-10 
48.857561 9.771795e-10 
47.5003495 2.90999e-09 
48.8581654 7.171562e-10 
50.2154532 1.819461e-09 
50.2160592 2.434987e-10 
51.5726871 1.333179e-09 
52.9305852 5.044668e-10 
51.5732783 2.368166e-09 
52.9311724 3.080407e-09 
54.2884262 1.475353e-09 
54.2890315 8.58545e-10 
57.0035942 6.234736e-10 
55.6463239 3.468061e-09 
57.0041769 3.016087e-09 
55.6469585 1.615929e-09 
58.3615229 1.784728e-10 
58.3620786 1.027645e-09 
59.7193639 2.189878e-09 
61.077266 2.858739e-09 
59.7199388 6.109888e-10 
61.0778655 1.769992e-09 
62.434573 2.21646e-09 
62.4351098 2.08458e-09 
63.7924965 1.121239e-09 
65.1503452 3.701961e-10 
63.7930299 3.686498e-09 
65.1509196 1.914874e-09 
66.5082679 2.304752e-09 
66.5088401 7.892688e-10 
67.8656085 7.054434e-10 
69.2235424 2.403532e-10 
67.866142 2.612898e-09 
69.2240573 8.537226e-11 
70.581412 5.15136e-10 
70.5819232 3.582259e-10 
73.2966945 2.211427e-10 
71.9393318 8.228164e-10 
73.2972057 1.872404e-09 
71.9398566 6.033806e-10 
74.6546252 1.138312e-09 
74.6551388 9.161692e-10 
76.0125093 3.715397e-09 
77.3704428 2.249043e-09 
76.0129989 1.36448e-09 
77.370912 2.998066e-09 
78.7278208 2.086891e-09 
78.7283036 5.413477e-10 
80.0857515 3.127029e-09 
81.4436134 3.219642e-09 
80.0862205 3.840957e-10 
81.444101 7.93337e-10 
82.8015391 2.715853e-09 
82.8020389 3.381564e-09 
84.1589529 1.35816e-09 
85.516881 3.122754e-09 
84.159426 1.25443e-09 
85.5173671 7.740483e-10 
86.874764 1.938285e-09 
86.8752454 2.154792e-09 
89.5901412 8.020991e-10 
88.232696 3.140681e-10 
89.5905793 8.988877e-10 
88.2331755 9.344497e-10 
90.9480625 5.791756e-10 
90.9485121 1.222549e-09 
92.3059335 3.735602e-11 
93.6638656 3.065953e-10 
92.3064 6.54001e-10 
93.6643244 3.05589e-10 
95.0213391 2.181864e-10 
95.0217496 5.492375e-10 
96.3792641 1.749791e-10 
97.7371355 2.065978e-09 
96.379671 6.253304e-10 
97.7375367 5.597838e-10 
99.0950444 3.378792e-09 
99.0954528 2.543452e-09 
100.4525503 5.535926e-10 
101.81046 2.054392e-09 
100.4529095 2.393139e-09 
101.8108198 4.54438e-10 
103.1683232 2.177281e-09 
103.1686931 6.198519e-10 
105.8837408 3.004863e-10 
104.5262381 2.745457e-09 
105.8841079 1.915864e-09 
104.5265884 9.071727e-10 
107.2416557 7.910253e-10 
107.2420043 1.540175e-09 
2.6978852 3.610845e-10 
2.6983812 5.103661e-10 
5.4127769 1.5533e-10 
5.4133195 8.669718e-10 
8.1282287 4.858104e-09 
8.1287756 2.850928e-09 
10.8431299 7.463165e-10 
10.8436953 8.142356e-10 
13.5585961 1.963573e-09 
13.5591754 4.534403e-10 
16.273519 5.540561e-10 
16.2740969 2.454512e-09 
18.989029 2.302713e-09 
18.989646 2.025725e-09 
21.7039663 6.87372e-10 
21.7045733 2.642403e-09 
24.4194987 6.824234e-10 
24.4201615 9.451878e-10 
27.134462 2.153748e-10 
27.1351013 2.531627e-09 
29.8500545 1.212007e-10 
29.8507165 2.199681e-10 
32.5650476 4.193687e-09 
32.5656796 1.57571e-09 
35.2806785 7.471586e-10 
35.2813383 2.234771e-09 
37.9956952 2.748541e-09 
37.9963639 2.159771e-09 
40.7113839 2.597778e-10 
40.7120074 2.696793e-09 
43.4264426 4.990582e-09 
43.4270675 5.40431e-09 
46.1421376 2.76262e-09 
46.1427717 1.092877e-09 
48.857252 2.398335e-10 
48.8578639 1.533241e-09 
51.5729838 4.308477e-10 
51.573585 7.076432e-10 
54.2881281 1.663223e-09 
54.2887154 5.778434e-09 
57.0038896 2.00548e-09 
57.0044825 3.680336e-10 
59.7190829 6.648601e-10 
59.7196299 1.508796e-09 
62.4348378 2.194411e-09 
62.4354212 3.065355e-09 
65.1500751 1.838608e-09 
65.1506191 3.451308e-09 
67.8658783 6.430985e-10 
67.8664134 1.776937e-11 
70.5811545 6.629515e-10 
70.5816644 9.185307e-10 
73.2969525 1.127897e-09 
73.2974589 3.906202e-10 
76.0122497 9.51866e-10 
76.0127618 9.719333e-10 
78.7280673 2.982553e-09 
78.7285409 2.011197e-09 
81.4433863 1.385303e-09 
81.4438562 5.838995e-10 
84.1591823 3.783319e-09 
84.1596753 1.64109e-09 
86.8745406 1.367732e-09 
86.8750091 3.280069e-10 
89.5903506 2.207453e-10 
89.5908196 7.59401e-10 
92.3057355 6.672715e-10 
92.3061652 8.943835e-10 
95.0215388 2.433458e-10 
95.0219717 3.298602e-10 
97.7369478 2.588093e-10 
97.7373311 1.573249e-09 
100.4527265 3.680931e-09 
100.45311 3.704653e-10 
103.1681479 4.56429e-10 
103.1685049 1.878116e-09 
105.8839283 2.298216e-09 
105.8842728 5.733699e-10 
1.3402547 8.699513e-10 
1.3407376 1.414643e-09 
2.6976326 5.374165e-10 
2.6981306 9.558495e-10 
5.4130432 1.574355e-09 
4.0556349 5.758255e-10 
5.4135824 6.541427e-10 
4.0561508 1.217424e-10 
6.7705348 1.750926e-09 
6.7710816 1.432187e-09 
8.127938 1.324973e-09 
9.4860054 2.014139e-09 
8.1285143 1.810174e-09 
9.4865388 2.367445e-09 
10.843415 1.791922e-09 
10.8439636 7.278812e-10 
13.5583246 5.29959e-10 
12.2009088 8.495167e-10 
12.2014602 9.553726e-11 
13.5588763 2.049945e-09 
14.9163789 3.573498e-09 
14.9169966 1.647203e-09 
16.273793 3.209114e-09 
17.6313067 1.875573e-09 
17.6319136 3.271615e-10 
16.2744182 1.303288e-09 
18.988734 7.982104e-10 
20.3468296 1.593555e-09 
18.989336 7.991608e-10 
20.3474596 2.184731e-09 
21.7042548 6.411787e-10 
21.7048952 1.066338e-09 
24.4191933 1.43082e-09 
23.061769 9.299088e-10 
24.4198305 3.820561e-09 
23.0623851 4.03161e-09 
25.7773325 1.627311e-09 
25.7779951 3.880809e-10 
28.4922899 5.165545e-10 
27.1347589 1.965467e-09 
28.4929529 3.876239e-10 
27.1354446 2.139359e-10 
29.849749 2.086772e-09 
29.8503855 2.10909e-09 
32.5653501 4.913438e-10 
31.2079089 1.340506e-09 
32.5660165 1.494545e-09 
31.2085554 6.469412e-10 
33.9228812 2.190319e-09 
33.9235469 3.125438e-09 
35.2803509 2.889226e-09 
36.638559 1.512618e-09 
35.2810168 2.2316e-09 
36.6391895 3.702756e-10 
37.9960326 6.408976e-10 
37.9966684 2.255138e-09 
40.711072 2.52942e-09 
39.3535808 1.195463e-09 
40.7117065 1.560591e-09 
39.3542167 2.667592e-09 
42.0692682 7.564197e-10 
42.0698733 1.110769e-09 
44.7843186 4.745217e-10 
43.4267444 1.554179e-09 
44.7849579 4.736829e-09 
43.4273828 2.84462e-09 
46.1418301 8.891981e-10 
46.1424605 4.968051e-09 
48.8575589 9.215941e-10 
47.5000493 4.211726e-09 
48.8581699 2.961634e-10 
47.5006509 5.847963e-10 
50.2151564 1.357097e-10 
50.2157455 1.761105e-09 
51.5726867 1.576134e-09 
52.9308624 4.747905e-09 
51.5732731 3.464613e-09 
52.9315149 1.668709e-09 
54.2884197 2.784845e-09 
54.2890345 1.38617e-09 
57.003593 6.628158e-10 
55.6460355 6.943819e-10 
57.0041695 3.653559e-09 
55.6466262 2.673856e-09 
58.3617919 2.099134e-09 
58.3624063 2.96305e-10 
61.0770074 1.840903e-09 
59.719358 1.895076e-09 
61.0775391 1.896234e-09 
59.7199407 7.786501e-10 
62.4345717 2.591548e-09 
62.4351059 1.728475e-09 
65.1503427 2.42751e-10 
63.7927508 2.214252e-09 
65.1509187 1.508637e-09 
63.7933512 1.411462e-09 
66.5080082 3.550017e-11 
66.5085422 8.628561e-10 
67.8656101 5.019515e-10 
69.223797 8.220304e-10 
67.8661402 1.246787e-09 
69.2243359 7.558461e-10 
70.5814131 3.756271e-10 
70.5819233 5.022736e-10 
73.296698 1.048008e-10 
71.9390798 1.783115e-10 
73.2972069 1.498156e-09 
71.9395922 7.988178e-10 
74.6548895 2.074687e-09 
74.6553821 1.655899e-09 
77.3701927 3.26654e-09 
76.0125105 3.23454e-09 
77.3706796 1.113297e-09 
76.0130004 1.974841e-09 
78.7278213 2.271143e-09 
78.7283076 4.863058e-10 
81.4436183 2.821559e-09 
80.0859881 1.607425e-09 
81.4441008 1.021265e-09 
80.0864639 2.685477e-09 
82.8013085 3.108398e-09 
82.8017894 1.96436e-10 
84.158954 1.359951e-09 
85.5171207 1.98271e-09 
84.1594296 7.54388e-10 
85.5176075 3.933267e-09 
86.8747706 2.038034e-09 
86.8752443 2.731037e-09 
89.5901398 5.757315e-10 
88.232474 9.295992e-10 
89.5905845 7.355181e-10 
88.2329394 9.499623e-10 
90.9482771 3.226667e-10 
90.9487524 2.244584e-10 
93.6636588 2.495568e-10 
92.3059381 9.154824e-11 
93.6640987 6.095681e-10 
92.306402 3.678586e-10 
95.0213354 6.399817e-11 
95.0217559 4.076215e-10 
97.737138 2.003842e-09 
96.3794648 1.166238e-09 
97.7375382 6.524788e-10 
96.3798872 9.08237e-10 
99.0948628 1.425845e-09 
99.0952436 4.212041e-10 
100.452546 3.75579e-10 
101.8106348 3.133345e-09 
100.4529134 2.106995e-09 
101.8110208 2.051704e-09 
103.168324 2.421145e-09 
103.1686926 5.036826e-10 
105.8837414 3.360183e-10 
104.5260613 1.096955e-09 
105.884106 2.097253e-09 
104.5264118 9.284917e-10 
107.241837 3.256364e-09 
107.2421602 6.571073e-10 
1.3405016 7.61341e-10 
1.3409766 2.771662e-10 
4.0553742 1.350206e-10 
4.0558893 2.821918e-10 
6.7708169 3.10214e-09 
6.7713477 1.560802e-09 
9.4857232 2.582125e-09 
9.4862667 1.430919e-09 
12.2011812 7.066203e-10 
12.2017616 1.056269e-09 
14.916092 9.03475e-10 
14.9166871 2.150329e-09 
17.6315982 4.305626e-09 
17.6322327 4.093188e-09 
20.3465355 1.268132e-09 
20.3471421 1.878415e-09 
23.0620621 1.476803e-09 
23.0627221 5.345426e-10 
25.7770079 1.50447e-09 
25.7776715 2.083248e-09 
28.4926216 3.294323e-09 
28.4932655 9.891207e-10 
31.2075795 6.24561e-10 
31.2082392 6.866831e-10 
33.9232168 7.102228e-10 
33.9238705 6.828552e-10 
36.6382208 1.326497e-09 
36.6388786 3.123181e-09 
39.3539147 6.294018e-11 
39.3545184 4.907076e-10 
42.0689501 1.429442e-09 
42.0695702 3.231521e-09 
44.7846472 3.943737e-09 
44.7852641 3.152581e-10 
47.4997311 6.826244e-10 
47.50035 2.40988e-09 
50.215444 2.693086e-09 
50.2160752 4.721478e-10 
52.9305806 9.310826e-10 
52.9311741 3.742441e-09 
55.646313 4.400679e-09 
55.646969 1.600636e-09 
58.3615174 5.628562e-11 
58.3620806 1.358205e-09 
61.0772613 2.933403e-09 
61.0778672 1.968031e-09 
63.7924945 1.175427e-09 
63.7930312 2.644114e-09 
66.5082668 1.159882e-09 
66.5088389 4.564103e-10 
69.2235429 3.481803e-10 
69.2240596 1.061137e-10 
71.9393347 4.142154e-10 
71.9398557 5.821891e-10 
74.6546289 9.771374e-10 
74.6551392 8.049138e-10 
77.3704442 2.026488e-09 
77.3709124 3.54899e-09 
80.0857545 2.975414e-09 
80.0862199 5.931365e-10 
82.8015416 2.300413e-09 
82.8020389 3.753631e-09 
85.5168848 3.288194e-09 
85.5173662 1.005757e-09 
88.2326999 2.398317e-10 
88.2331762 1.065935e-09 
90.9480634 3.718681e-10 
90.9485158 1.065846e-09 
93.6638701 3.981062e-10 
93.6643267 1.302494e-10 
96.3792609 1.717818e-10 
96.3796778 4.592226e-10 
99.0950486 2.831675e-09 
99.0954547 2.492017e-09 
101.8104542 1.61187e-09 
101.8108261 2.695527e-10 
104.5262398 2.66603e-09 
104.5265887 1.174899e-09 
107.2416534 7.204437e-10 
107.2420048 1.581598e-09 
1.3402546 4.413118e-10 
1.3407326 1.597236e-09 
2.6978799 4.882468e-10 
2.6983797 2.206666e-10 
5.4127783 8.638731e-11 
4.0556327 4.768998e-10 
5.4133179 6.661974e-10 
4.0561512 9.996575e-11 
6.7705401 1.57108e-09 
6.7710825 9.944086e-10 
8.1282317 3.41816e-09 
9.4860056 1.457828e-09 
8.1287743 2.425245e-09 
9.4865414 2.461548e-09 
10.8431356 6.841627e-10 
10.8436893 5.643357e-10 
12.2009114 9.038147e-10 
13.5585919 1.614652e-09 
12.2014611 1.614177e-10 
13.5591829 9.847672e-10 
14.9163742 3.259806e-09 
14.9170046 1.721532e-09 
16.2735202 6.528613e-10 
17.6313039 2.233581e-09 
16.2740985 2.731268e-09 
17.631922 5.480456e-10 
18.9890232 2.843066e-09 
20.3468271 2.257099e-09 
18.9896529 2.19147e-09 
20.3474606 2.688127e-09 
21.7039586 1.499567e-09 
21.7045765 3.502054e-09 
23.0617616 2.076256e-09 
24.4194868 1.252857e-09 
23.0623912 4.574926e-09 
24.4201681 7.514217e-10 
25.7773311 2.603044e-09 
25.7779929 7.441881e-10 
27.1344492 6.093457e-10 
28.4922836 1.118599e-09 
27.1351127 3.292068e-09 
28.4929602 1.845444e-10 
29.8500472 6.479602e-10 
29.8507189 2.254419e-10 
32.5650452 3.70486e-09 
31.2079097 1.136305e-09 
32.5656859 9.796146e-10 
31.2085523 1.971055e-10 
33.922884 1.801941e-09 
33.9235473 2.621633e-09 
35.2806777 5.966107e-10 
36.6385584 1.170847e-09 
35.2813407 1.881294e-09 
36.6391937 3.891503e-10 
37.9957025 1.922454e-09 
37.9963649 1.839321e-09 
39.3535934 1.25801e-09 
40.7113896 7.051738e-10 
39.3542116 2.786918e-09 
40.7120101 2.53868e-09 
42.0692676 1.001796e-09 
42.0698817 8.017254e-10 
43.4264489 3.281503e-09 
44.7843307 4.063534e-10 
43.4270653 4.477586e-09 
44.7849518 4.264421e-09 
46.1421407 2.996981e-09 
46.142777 9.137492e-10 
48.8572524 5.221105e-10 
47.5000426 4.382805e-09 
48.857861 2.017088e-09 
47.500664 6.758171e-10 
50.2151562 1.111695e-10 
50.2157468 1.690822e-09 
51.5729812 1.344718e-09 
52.9308547 5.526952e-09 
51.5735908 9.163222e-10 
52.9315241 1.572001e-09 
54.2881272 1.738834e-09 
54.2887098 6.551039e-09 
55.646031 1.011145e-09 
57.0038822 2.53659e-09 
55.6466289 3.334439e-09 
57.0044867 8.729698e-10 
58.361787 2.200888e-09 
58.3624075 2.128286e-10 
59.7190821 6.013371e-10 
61.0770061 1.997236e-09 
59.7196258 1.494411e-09 
61.0775402 1.619065e-09 
62.434833 2.507821e-09 
62.4354219 2.952328e-09 
65.1500791 1.482967e-09 
63.7927478 1.966398e-09 
65.1506148 1.958186e-09 
63.7933495 1.438268e-09 
66.5080084 1.635599e-10 
66.5085418 4.65389e-10 
67.8658753 4.83858e-10 
69.2237952 4.073896e-10 
67.866414 1.958812e-11 
69.2243368 6.914345e-10 
70.5811594 3.302753e-10 
70.5816623 5.343095e-10 
71.9390805 2.155429e-10 
73.2969522 1.120014e-09 
71.9395917 6.628458e-10 
73.2974596 5.263194e-10 
74.6548871 2.1837e-09 
74.6553853 2.167769e-09 
76.0122533 1.06587e-09 
77.370194 3.401459e-09 
76.0127602 7.25617e-10 
77.3706755 8.347386e-10 
78.7280678 3.014268e-09 
78.72854 2.515731e-09 
81.443389 1.485161e-09 
80.0859825 1.970961e-09 
81.443854 5.988467e-10 
80.0864685 3.347154e-09 
82.80131 3.372888e-09 
82.8017841 4.227752e-10 
84.1591853 3.935255e-09 
85.5171176 1.704817e-09 
84.1596722 2.23931e-09 
85.5176088 4.186933e-09 
86.874544 1.846771e-09 
86.8750062 2.295052e-10 
88.2324756 1.047496e-09 
89.5903523 2.039055e-10 
88.2329357 1.171984e-09 
89.5908194 1.069003e-09 
90.9482762 2.379769e-10 
90.9487541 3.510878e-10 
92.3057343 5.843204e-10 
93.6636567 2.986601e-10 
92.3061667 8.788666e-10 
93.6641 7.071811e-10 
95.0215369 1.992255e-10 
95.0219756 3.279362e-10 
97.7369396 2.033708e-10 
96.379463 9.619895e-10 
97.737336 1.242519e-09 
96.3798916 7.114123e-10 
99.0948549 1.290696e-09 
99.0952494 4.571148e-10 
100.4527233 3.141318e-09 
101.8106346 2.820721e-09 
100.4531151 3.639314e-10 
101.8110254 2.057688e-09 
103.1681373 3.200042e-10 
103.1685094 1.854322e-09 
104.5260525 8.897634e-10 
105.883927 2.425519e-09 
104.5264183 8.649071e-10 
105.8842751 5.063533e-10 
107.2418396 3.655263e-09 
107.2421618 1.104534e-09 
2.6976344 2.913881e-10 
2.6981254 1.227549e-09 
5.4130457 1.221298e-09 
5.4135827 5.350091e-10 
8.1279488 1.746489e-09 
8.1285139 1.557363e-09 
10.8434205 1.553088e-09 
10.8439627 7.362727e-10 
13.5583316 3.886862e-10 
13.5588732 1.85323e-09 
16.2737955 3.645363e-09 
16.274421 1.759032e-09 
18.9887349 8.423147e-10 
18.9893396 6.672679e-10 
21.7042536 1.113742e-09 
21.7048923 8.603036e-10 
24.4191851 3.175662e-09 
24.4198372 4.985151e-09 
27.1347546 2.560229e-09 
27.1354428 2.520333e-10 
29.8497438 1.919397e-09 
29.8503954 1.529607e-09 
32.5653481 4.171803e-10 
32.5660141 1.013263e-09 
35.2803559 2.401319e-09 
35.2810188 2.268976e-09 
37.9960349 3.697841e-10 
37.9966697 1.975422e-09 
40.7110832 2.121901e-09 
40.7117027 1.65567e-09 
43.4267507 2.298767e-09 
43.4273842 2.619299e-09 
46.1418395 5.374555e-10 
46.1424535 4.809624e-09 
48.8575611 1.085255e-09 
48.8581733 1.607414e-10 
51.5726904 1.584757e-09 
51.573268 4.017429e-09 
54.2884169 3.843596e-09 
54.2890364 2.008359e-09 
57.0035957 5.057894e-10 
57.0041648 3.59805e-09 
59.7193534 2.447254e-09 
59.7199404 8.834834e-10 
62.4345794 2.48926e-09 
62.4351009 1.340571e-09 
65.1503385 6.529364e-10 
65.1509179 1.508933e-09 
67.8656171 1.761948e-10 
67.8661356 6.741013e-10 
70.5814102 4.785879e-10 
70.5819242 4.468719e-10 
73.2967025 8.084928e-11 
73.2972037 1.357942e-09 
76.0125101 3.672355e-09 
76.012999 2.250456e-09 
78.7278246 2.317069e-09 
78.728302 7.414044e-10 
81.4436177 3.477319e-09 
81.444098 1.422567e-09 
84.1589581 1.547965e-09 
84.1594232 7.442699e-10 
86.87477 2.056417e-09 
86.8752413 3.032054e-09 
89.590143 8.783955e-10 
89.5905794 6.552267e-10 
92.3059357 2.88329e-11 
92.3064018 5.550635e-10 
95.0213348 2.273489e-10 
95.0217539 4.653874e-10 
97.7371317 1.590082e-09 
97.737542 7.566401e-10 
100.4525377 5.141388e-10 
100.4529142 2.012152e-09 
103.1683176 2.054882e-09 
103.1686978 4.812137e-10 
105.8837324 2.873241e-10 
105.8841083 2.361379e-09 
1.3405002 1.150738e-09 
1.3409727 3.664276e-10 
2.6978806 5.295688e-10 
2.6983758 3.807783e-10 
5.4127815 1.683006e-10 
4.0553758 5.790794e-11 
4.0558875 2.528551e-10 
5.4133181 6.095924e-10 
6.7708181 3.036827e-09 
6.7713513 1.808508e-09 
8.1282373 3.526297e-09 
9.4857321 2.688882e-09 
9.4862684 1.500843e-09 
8.1287776 2.549864e-09 
10.8431448 1.001362e-09 
10.8436887 5.93102e-10 
13.5585947 1.952738e-09 
12.2011814 7.101316e-10 
13.5591814 8.843519e-10 
12.2017605 9.261264e-10 
14.9160934 1.560515e-09 
14.9166877 2.144164e-09 
16.2735201 8.824083e-10 
17.6316016 4.451536e-09 
16.2740989 2.510389e-09 
17.6322297 4.527874e-09 
20.3465353 1.207044e-09 
18.9890293 3.508652e-09 
20.3471452 1.011677e-09 
18.9896483 2.733335e-09 
21.7039581 1.235169e-09 
21.7045786 2.161382e-09 
24.4194885 1.624573e-09 
23.0620634 2.501654e-09 
24.4201604 1.390101e-10 
23.0627147 8.178096e-10 
25.7770012 1.851705e-09 
25.7776765 1.569915e-09 
27.1344437 9.966972e-10 
28.4926212 3.079302e-09 
27.1351183 3.464491e-09 
28.4932621 1.814754e-09 
29.8500477 3.877189e-10 
29.8507147 1.35142e-09 
32.5650438 3.761615e-09 
31.2075761 6.13565e-10 
32.5656905 8.750676e-10 
31.2082444 5.913869e-10 
33.9232127 1.075157e-09 
33.9238717 6.813285e-10 
36.6382252 8.662672e-10 
35.2806755 7.228479e-10 
36.6388762 3.270698e-09 
35.2813402 1.28274e-09 
37.9957052 2.176186e-09 
37.9963631 2.954241e-09 
40.7113909 5.009481e-10 
39.3539087 4.720672e-10 
40.7120113 2.164906e-09 
39.3545253 3.101539e-10 
42.0689639 1.392387e-09 
42.0695614 3.228446e-09 
43.4264596 3.220602e-09 
44.7846402 4.48751e-09 
43.427057 4.591561e-09 
44.7852711 1.93961e-10 
46.1421432 3.189659e-09 
46.142776 8.666418e-10 
48.8572622 7.408346e-10 
47.4997396 4.390557e-10 
48.8578516 2.336309e-09 
47.500343 2.116357e-09 
50.215437 3.302879e-09 
50.2160805 5.795172e-10 
52.9305803 1.652289e-09 
51.5729811 2.269785e-09 
52.931174 3.734156e-09 
51.5735906 1.161075e-09 
54.2881332 1.6166e-09 
54.2887051 5.894496e-09 
57.0038797 2.639258e-09 
55.6463097 3.907673e-09 
57.0044849 8.513676e-10 
55.6469672 1.108583e-09 
58.3615164 7.90755e-11 
58.3620804 1.479594e-09 
59.7190889 6.130402e-10 
61.0772594 3.928712e-09 
59.7196222 1.775297e-09 
61.0778636 2.018385e-09 
62.4348302 3.584075e-09 
62.4354209 2.817667e-09 
65.1500867 1.31734e-09 
63.7924963 1.49822e-09 
65.1506122 1.653765e-09 
63.79303 2.208045e-09 
66.5082648 9.252969e-10 
66.5088381 5.57259e-10 
69.2235426 3.207898e-10 
67.8658726 4.629221e-10 
69.2240585 8.006957e-11 
67.866415 9.365871e-11 
70.5811613 4.621802e-10 
70.5816619 5.443112e-10 
73.2969537 1.452493e-09 
71.9393331 5.505267e-10 
73.2974591 6.186068e-10 
71.9398584 9.528596e-10 
74.6546293 1.479646e-09 
74.6551363 6.169127e-10 
76.0122563 1.224074e-09 
77.3704385 2.894711e-09 
76.0127574 9.850272e-10 
77.370918 4.183799e-09 
78.7280698 4.127924e-09 
78.7285378 2.448771e-09 
81.4433924 1.365808e-09 
80.085755 3.474574e-09 
81.443849 1.061579e-09 
80.0862143 4.538279e-10 
82.8015348 2.708644e-09 
82.8020427 4.445012e-09 
85.5168855 3.488506e-09 
84.1591851 4.416414e-09 
85.517361 1.152238e-09 
84.1596704 2.294294e-09 
86.8745469 1.845032e-09 
86.875003 1.609818e-10 
89.5903521 1.759024e-10 
88.2326971 1.561987e-10 
89.5908171 1.069966e-09 
88.2331752 1.340028e-09 
90.9480637 4.819581e-10 
90.9485123 1.08611e-09 
92.3057375 7.31679e-10 
93.6638672 2.715607e-10 
92.306164 7.425739e-10 
93.6643265 8.549118e-11 
95.0215366 1.126807e-10 
95.0219733 3.408171e-10 
97.7369415 2.431892e-10 
96.3792595 1.518821e-10 
97.7373327 1.307692e-09 
96.379676 5.977788e-10 
99.0950437 2.818394e-09 
99.0954578 2.25454e-09 
101.8104495 1.621783e-09 
100.4527188 2.875555e-09 
101.8108267 4.790386e-10 
100.4531155 4.390358e-10 
103.1681367 6.091178e-10 
103.1685053 2.126501e-09 
105.8839218 2.62143e-09 
104.5262372 3.042736e-09 
105.8842772 5.335105e-10 
104.5265919 1.625126e-09 
107.2416493 9.464674e-10 
107.2420075 1.675643e-09 
1.340257 3.007732e-10 
1.3407342 2.318012e-09 
4.0556311 3.594412e-10 
4.0561516 7.631962e-11 
6.7705398 1.803772e-09 
6.7710858 9.963197e-10 
9.4860062 1.611217e-09 
9.4865451 2.761129e-09 
12.2009124 1.226243e-09 
12.2014615 2.469359e-10 
14.9163768 3.426001e-09 
14.9169986 1.279711e-09 
17.6313023 3.344923e-09 
17.631921 4.834931e-10 
20.346834 2.173813e-09 
20.3474531 2.902095e-09 
23.0617599 1.137136e-09 
23.0623921 2.168211e-09 
25.7773319 3.67018e-09 
25.7779892 1.399368e-09 
28.4922758 6.107009e-10 
28.4929666 5.055253e-10 
31.2079075 1.187294e-09 
31.2085549 5.556392e-10 
33.922878 1.407524e-09 
33.9235524 2.595886e-09 
36.6385502 2.436646e-09 
36.6391993 5.404744e-10 
39.3535931 1.001869e-09 
39.3542094 3.045046e-09 
42.0692584 1.250032e-09 
42.0698871 6.135242e-10 
44.784338 2.161132e-10 
44.7849438 4.233891e-09 
47.5000347 5.117646e-09 
47.5006647 1.00253e-09 
50.2151585 3.936179e-10 
50.2157422 1.412844e-09 
52.9308529 4.740324e-09 
52.9315208 1.072893e-09 
55.6460301 1.218202e-09 
55.6466289 3.012612e-09 
58.3617879 2.818051e-09 
58.3624024 2.854118e-10 
61.0770053 1.802029e-09 
61.0775411 1.468598e-09 
63.79275 2.843111e-09 
63.7933478 1.390703e-09 
66.5080089 1.645914e-10 
66.5085427 6.32691e-10 
69.2237971 4.563397e-10 
69.2243374 9.385632e-10 
71.9390799 4.083784e-10 
71.9395918 5.327475e-10 
74.6548875 3.082159e-09 
74.6553881 2.689412e-09 
77.3701959 4.336093e-09 
77.370673 5.759235e-10 
80.0859788 2.940027e-09 
80.0864721 3.695677e-09 
82.8013116 3.589154e-09 
82.801781 4.860247e-10 
85.5171157 1.968509e-09 
85.5176086 4.257684e-09 
88.2324764 1.074938e-09 
88.2329341 9.267e-10 
90.9482764 1.541938e-10 
90.9487502 4.334444e-10 
93.663658 2.455301e-10 
93.6640978 6.087992e-10 
96.3794624 8.721511e-10 
96.3798883 5.309452e-10 
99.0948581 1.131124e-09 
99.0952448 6.391041e-10 
101.8106311 3.461164e-09 
101.8110245 2.22323e-09 
104.5260554 1.140291e-09 
104.5264129 1.101479e-09 
107.2418359 4.645788e-09 
107.2421632 1.202846e-09 
1.3405036 1.104479e-09 
1.3409751 8.120482e-10 
2.6976358 2.361016e-10 
2.6981269 1.565326e-09 
4.0553742 3.374727e-11 
5.413044 1.110549e-09 
4.0558895 2.485532e-10 
5.4135857 3.756783e-10 
6.7708126 4.030225e-09 
6.7713582 1.626177e-09 
8.1279473 1.846253e-09 
9.4857232 3.441161e-09 
8.1285168 1.910335e-09 
9.4862754 1.43067e-09 
10.8434187 1.949363e-09 
10.8439674 1.048781e-09 
13.5583277 6.550345e-10 
12.2011835 7.908819e-10 
13.5588728 1.820289e-09 
12.2017586 9.485966e-10 
14.9160891 1.697166e-09 
14.9166837 1.438068e-09 
16.2737957 3.971259e-09 
17.6316066 4.140967e-09 
16.2744181 1.214967e-09 
17.6322235 3.78109e-09 
18.9887309 1.350259e-09 
20.3465353 1.420701e-09 
18.9893406 2.151362e-10 
20.3471435 8.491983e-10 
21.704261 1.360993e-09 
21.7048855 8.924355e-10 
24.4191845 2.051541e-09 
23.0620707 2.107104e-09 
24.4198371 3.303246e-09 
23.0627107 7.81704e-10 
25.7769999 7.401203e-10 
25.7776776 6.360688e-10 
27.1347589 2.859256e-09 
28.4926221 3.480457e-09 
27.1354385 6.538791e-10 
28.4932664 2.01765e-09 
29.8497387 1.938972e-09 
29.8503993 1.910727e-09 
31.2075684 4.228746e-10 
32.5653486 6.98661e-10 
31.2082524 1.2457e-09 
32.5660147 1.696548e-09 
33.9232103 2.362288e-09 
33.9238773 9.395123e-10 
35.2803486 2.471357e-09 
36.6382153 6.953479e-10 
35.2810214 2.797206e-09 
36.6388819 3.781501e-09 
37.9960306 7.236539e-10 
37.9966727 1.727865e-09 
40.71108 2.966372e-09 
39.3539005 1.08037e-09 
40.7117005 2.420394e-09 
39.3545302 3.518364e-10 
42.0689573 1.417796e-09 
42.0695629 3.345489e-09 
43.4267495 1.72813e-09 
44.7846344 4.780536e-09 
43.4273843 2.54181e-09 
44.7852701 3.087139e-10 
46.1418471 9.198938e-10 
46.1424452 5.116726e-09 
47.4997388 1.814717e-10 
48.8575598 1.274715e-09 
47.5003406 1.965138e-09 
48.8581718 3.079541e-10 
50.2154375 2.579566e-09 
50.2160745 6.165761e-10 
51.5726952 1.462569e-09 
52.9305782 1.772942e-09 
51.573264 3.146456e-09 
52.9311759 2.86085e-09 
54.288416 3.434632e-09 
54.2890366 1.71237e-09 
57.0035978 5.243516e-10 
55.6463165 3.212435e-09 
57.0041659 3.383102e-09 
55.6469611 7.26331e-10 
58.3615136 4.768472e-11 
58.3620846 1.229878e-09 
59.7193519 2.814368e-09 
61.0772656 4.26802e-09 
59.7199417 6.686956e-10 
61.0778623 1.895017e-09 
62.4345804 2.109494e-09 
62.4351039 1.657559e-09 
63.7924943 9.05068e-10 
65.1503383 9.276422e-10 
63.7930348 2.529809e-09 
65.1509213 1.616798e-09 
66.5082707 1.462541e-09 
66.5088391 8.249693e-10 
67.8656149 1.796229e-10 
69.2235417 1.857055e-10 
67.8661401 9.144515e-10 
69.2240607 8.182995e-11 
70.5814122 3.87394e-10 
70.581926 3.054587e-10 
73.2967002 3.285387e-10 
71.9393358 9.901241e-10 
73.2972068 1.793159e-09 
71.9398597 1.1325e-09 
74.6546292 2.27873e-09 
74.6551372 8.206105e-10 
76.0125157 4.617548e-09 
77.3704396 3.684066e-09 
76.0129973 2.067293e-09 
77.3709188 3.894391e-09 
78.7278275 2.569104e-09 
78.7283005 1.082788e-09 
80.0857573 3.75268e-09 
81.4436202 4.324611e-09 
80.0862131 2.364124e-10 
81.4440973 1.25594e-09 
82.8015341 3.363902e-09 
82.8020433 4.145867e-09 
84.15896 1.226752e-09 
85.5168868 3.048535e-09 
84.1594227 1.177178e-09 
85.517361 7.107112e-10 
86.8747705 2.005511e-09 
86.8752416 2.397922e-09 
89.5901443 7.749711e-10 
88.2326972 2.15757e-10 
89.5905812 5.188809e-10 
88.2331736 1.206383e-09 
90.9480634 4.522329e-10 
90.948513 9.458053e-10 
92.3059386 4.784429e-11 
93.6638688 2.656724e-10 
92.3063994 3.72269e-10 
93.6643224 3.030039e-11 
95.0213374 1.89532e-10 
95.0217551 4.044552e-10 
96.379261 4.169201e-11 
97.7371362 1.606868e-09 
96.3796756 7.233652e-10 
97.7375376 6.176159e-10 
99.0950464 3.240344e-09 
99.0954532 2.029038e-09 
100.4525432 4.816469e-10 
101.8104556 1.414854e-09 
100.4529113 2.571811e-09 
101.8108217 7.340696e-10 
103.168318 2.349289e-09 
103.1686943 7.603165e-10 
105.8837379 2.032313e-10 
104.5262368 3.883682e-09 
105.8841016 2.654373e-09 
104.5265896 1.641168e-09 
107.2416529 1.039872e-09 
107.2420027 1.773706e-09 
2.6978831 4.378824e-10 
2.6983774 7.884458e-10 
5.4127766 9.73998e-11 
5.4133187 8.031133e-10 
8.1282281 4.903216e-09 
8.1287865 2.401097e-09 
10.8431355 9.564761e-10 
10.8436937 4.395547e-10 
13.5585912 2.397078e-09 
13.5591804 4.884894e-10 
16.2735123 1.125919e-09 
16.2740979 2.411023e-09 
18.9890334 3.126342e-09 
18.9896448 2.427526e-09 
21.7039587 4.745243e-10 
21.7045792 1.262388e-09 
24.419499 1.506817e-09 
24.4201555 4.042491e-11 
27.1344454 2.067255e-10 
27.1351163 3.105975e-09 
29.8500538 8.893993e-10 
29.8507161 1.897939e-09 
32.5650374 3.365877e-09 
32.5656934 1.311381e-09 
35.2806753 1.67201e-09 
35.2813429 1.662356e-09 
37.9956931 3.135292e-09 
37.9963661 3.859051e-09 
40.7113865 4.131827e-11 
40.7120136 2.346875e-09 
43.4264547 4.721782e-09 
43.4270576 5.329051e-09 
46.1421412 2.586349e-09 
46.1427749 8.828864e-10 
48.8572623 5.497085e-10 
48.8578516 1.806428e-09 
51.5729807 1.4571e-09 
51.5735916 9.347814e-10 
54.288129 1.647394e-09 
54.2887128 4.576883e-09 
57.0038817 1.957734e-09 
57.0044883 3.277865e-10 
59.719083 3.509566e-10 
59.719631 1.901458e-09 
62.4348322 3.18916e-09 
62.4354267 2.748886e-09 
65.150079 7.514425e-10 
65.1506212 2.337053e-09 
67.8658752 3.489419e-10 
67.8664191 2.243531e-10 
70.5811543 5.025322e-10 
70.5816675 8.87349e-10 
73.296957 1.640113e-09 
73.2974594 5.051755e-10 
76.0122546 1.610617e-09 
76.012759 1.446395e-09 
78.7280724 4.744119e-09 
78.7285366 1.956302e-09 
81.4433935 1.344087e-09 
81.4438484 1.262684e-09 
84.1591839 4.555152e-09 
84.1596723 1.76392e-09 
86.8745469 1.327324e-09 
86.875004 2.910941e-10 
89.5903508 1.612362e-10 
89.5908185 7.487812e-10 
92.3057373 6.99533e-10 
92.3061664 8.170297e-10 
95.0215399 2.441049e-10 
95.021972 2.089068e-10 
97.7369424 1.566462e-10 
97.7373358 1.857788e-09 
100.4527258 2.922147e-09 
100.4531113 2.330434e-10 
103.1681418 3.658782e-10 
103.1685048 2.514322e-09 
105.8839243 3.281209e-09 
105.884274 5.853001e-10 
1.3402594 5.986461e-10 
1.3407411 2.771406e-09 
2.697637 4.478235e-10 
2.6981316 1.66768e-09 
5.4130393 1.353157e-09 
4.055631 3.131624e-10 
5.4135875 2.955281e-10 
4.0561536 1.063458e-10 
6.7705287 1.958355e-09 
6.7710901 1.407555e-09 
8.1279368 1.459067e-09 
9.4860056 2.276245e-09 
8.12852 2.692715e-09 
9.486548 3.021215e-09 
10.8434165 2.838121e-09 
10.8439689 1.409287e-09 
13.5583241 6.960996e-10 
12.200908 1.322534e-09 
12.2014625 2.380498e-10 
13.5588755 2.045243e-09 
14.9163809 3.850695e-09 
14.9169902 1.19628e-09 
16.273798 4.237314e-09 
17.6313034 3.464231e-09 
17.6319134 1.438962e-10 
16.2744108 7.485671e-10 
18.9887302 1.478566e-09 
20.3468425 1.435829e-09 
18.9893404 2.757418e-10 
20.3474489 2.585565e-09 
21.7042723 8.361376e-10 
21.7048818 1.060333e-09 
24.4191952 6.261687e-10 
23.0617682 3.386548e-10 
24.4198335 2.01218e-09 
23.0623882 1.40595e-09 
25.7773379 2.640129e-09 
25.7779895 7.956953e-10 
28.492279 8.499507e-10 
27.1347699 2.416487e-09 
28.4929659 1.131443e-09 
27.1354359 2.607574e-10 
29.8497446 1.938787e-09 
29.850394 2.227635e-09 
32.5653554 8.406502e-10 
31.2079094 1.381127e-09 
32.5660152 1.897631e-09 
31.2085605 3.951165e-10 
33.922874 1.581618e-09 
33.9235574 3.412206e-09 
35.2803445 3.11155e-09 
36.6385489 3.772013e-09 
35.281022 3.464376e-09 
36.6392005 6.19725e-10 
37.9960302 1.333056e-09 
37.9966715 2.074209e-09 
40.7110702 4.166877e-09 
39.3535812 1.01927e-09 
40.7117049 2.780115e-09 
39.3542161 3.143409e-09 
42.0692559 8.372741e-10 
42.0698848 7.780607e-10 
44.7843284 3.145092e-10 
43.4267465 7.006298e-10 
44.7849503 4.527876e-09 
43.4273835 2.864745e-09 
46.1418408 1.575954e-09 
46.1424521 5.593227e-09 
48.8575604 7.581908e-10 
47.5000402 4.837759e-09 
48.8581702 4.613019e-10 
47.5006549 1.216089e-09 
50.2151553 1.089572e-10 
50.2157463 1.125836e-09 
51.5726881 1.400519e-09 
52.9308655 3.0714e-09 
51.5732749 2.045773e-09 
52.9315111 4.238298e-10 
54.2884216 1.800329e-09 
54.2890379 1.024652e-09 
57.0035908 5.200138e-10 
55.6460292 9.867849e-10 
57.0041784 2.707487e-09 
55.6466348 1.988634e-09 
58.3617991 2.299482e-09 
58.3623993 2.353449e-10 
61.0770037 1.423155e-09 
59.7193585 2.387449e-09 
61.0775461 1.600296e-09 
59.7199445 5.276231e-10 
62.434572 1.382727e-09 
62.4351129 1.776997e-09 
65.1503427 6.591781e-10 
63.7927568 2.621065e-09 
65.1509247 2.017574e-09 
63.7933505 1.390598e-09 
66.508008 6.10549e-11 
66.5085457 1.427917e-09 
67.8656078 2.781787e-10 
69.2237987 8.911003e-10 
67.8661451 2.039344e-09 
69.2243395 1.000298e-09 
70.5814127 4.123614e-10 
70.5819264 2.283283e-10 
73.2966952 2.406144e-10 
71.9390775 3.992166e-10 
73.2972072 2.076711e-09 
71.9395921 5.728864e-10 
74.6548867 3.455876e-09 
74.6553887 2.165658e-09 
77.3701941 4.36846e-09 
76.0125138 4.603898e-09 
77.3706737 5.213642e-10 
76.0129972 1.494969e-09 
78.7278252 2.420587e-09 
78.7282999 9.160216e-10 
81.4436158 4.186527e-09 
80.0859785 3.077617e-09 
81.4440984 9.659545e-10 
80.0864707 2.991256e-09 
82.8013107 3.470841e-09 
82.801781 4.708823e-10 
84.158958 1.291026e-09 
85.5171133 2.370262e-09 
84.1594215 1.500971e-09 
85.5176096 3.790822e-09 
86.8747647 1.923004e-09 
86.8752444 2.031437e-09 
89.5901438 8.668264e-10 
88.2324752 8.986035e-10 
89.5905785 7.931542e-10 
88.2329338 7.429275e-10 
90.948273 2.072374e-10 
90.9487506 3.678747e-10 
93.6636557 2.131039e-10 
92.305934 6.967633e-11 
93.6640984 6.766364e-10 
92.3064009 4.775932e-10 
95.0213364 1.952033e-10 
95.0217544 5.935437e-10 
97.737137 1.641717e-09 
96.3794628 9.855771e-10 
97.7375381 5.117799e-10 
96.379887 5.804062e-10 
99.0948585 9.337487e-10 
99.0952456 7.906965e-10 
100.4525435 2.891659e-10 
101.8106352 3.658943e-09 
100.4529139 2.881857e-09 
101.8110222 1.77961e-09 
103.1683238 2.232073e-09 
103.1686934 6.255123e-10 
105.8837377 2.230319e-10 
104.5260582 1.012905e-09 
105.8841067 2.472754e-09 
104.5264132 1.353464e-09 
107.2418395 4.74757e-09 
107.2421618 8.07044e-10 
1.3405099 8.217652e-10 
1.3409784 1.139598e-09 
4.0553745 8.110618e-11 
4.0558917 2.823847e-10 
6.7708123 4.971032e-09 
6.7713558 1.527094e-09 
9.4857187 4.203378e-09 
9.4862765 1.805666e-09 
12.2011902 1.106205e-09 
12.2017505 1.134632e-09 
14.9160966 1.053641e-09 
14.9166756 9.944941e-10 
17.6316113 4.095443e-09 
17.6322152 3.50758e-09 
20.3465453 1.406851e-09 
20.3471357 1.476417e-09 
23.062078 1.375174e-09 
23.062708 5.854783e-10 
25.7770146 5.257257e-10 
25.7776685 4.347008e-10 
28.4926243 2.600112e-09 
28.4932674 9.306175e-10 
31.2075769 6.970697e-10 
31.2082466 1.575823e-09 
33.9232126 2.299492e-09 
33.9238758 8.215453e-10 
36.6382135 9.749028e-10 
36.6388831 4.153901e-09 
39.3539024 1.188141e-09 
39.354523 5.153346e-10 
42.0689454 1.637483e-09 
42.0695711 3.522056e-09 
44.7846417 4.320919e-09 
44.7852588 5.746361e-10 
47.499733 2.139738e-10 
47.500348 2.513293e-09 
50.2154523 1.548745e-09 
50.2160601 4.114407e-10 
52.9305805 7.994687e-10 
52.9311789 2.398626e-09 
55.6463299 2.339469e-09 
55.6469544 7.446939e-10 
58.3615184 2.666887e-10 
58.3620855 9.522073e-10 
61.0772713 3.090646e-09 
61.0778635 1.746437e-09 
63.7924956 9.772886e-10 
63.7930344 3.730089e-09 
66.5082706 1.994368e-09 
66.5088417 8.584757e-10 
69.2235411 1.137418e-10 
69.2240585 2.195157e-10 
71.9393309 1.250648e-09 
71.9398607 9.038344e-10 
74.6546245 1.687501e-09 
74.6551368 8.804208e-10 
77.3704378 3.201447e-09 
77.3709167 2.994148e-09 
80.0857523 3.581947e-09 
80.0862149 1.619837e-10 
82.801532 3.361693e-09 
82.8020424 3.524033e-09 
85.5168825 2.980731e-09 
85.5173615 7.844037e-10 
88.2326915 2.722744e-10 
88.2331761 1.032838e-09 
90.9480612 7.784651e-10 
90.9485101 1.354143e-09 
93.6638627 3.084124e-10 
93.6643248 1.783499e-10 
96.3792593 1.296288e-10 
96.3796739 8.051738e-10 
99.0950446 3.248062e-09 
99.0954547 2.091688e-09 
101.810455 1.458258e-09 
101.8108236 7.266255e-10 
104.5262416 3.170835e-09 
104.5265896 9.543993e-10 
107.2416522 1.132312e-09 
107.2420081 1.901085e-09 
108.5993295 7.120783e-10 
109.9572364 1.243887e-09 
108.5996957 3.127822e-09 
109.9575871 2.009729e-09 
111.3151055 3.655291e-10 
111.3154169 1.367086e-09 
114.030499 2.306594e-09 
112.6730021 1.78961e-10 
114.0308425 6.500625e-10 
112.673292 8.406334e-10 
115.3883983 1.926658e-09 
115.3887158 1.156485e-09 
116.7462548 8.105305e-10 
118.1041351 2.844705e-10 
116.7465376 1.472113e-09 
118.1043905 1.446488e-09 
119.4616318 8.744336e-10 
119.4619505 6.013692e-10 
120.8195132 3.25516e-09 
122.1773515 3.958316e-09 
120.8198119 1.036348e-09 
122.1776163 1.420974e-09 
123.5352218 4.271546e-09 
123.5354699 4.36696e-09 
124.892746 1.81177e-09 
126.2505979 2.843373e-09 
124.8930291 1.970235e-09 
126.2508876 7.185028e-10 
127.6084214 2.359375e-09 
127.60869 1.657028e-09 
130.3237889 1.598849e-09 
128.9662625 1.840183e-09 
130.3240693 8.689569e-10 
128.9665377 3.112703e-09 
131.6816412 2.558834e-09 
131.6819047 9.503721e-10 
133.0394435 2.69141e-09 
134.3972824 1.766534e-09 
133.0397056 7.99789e-10 
134.3975275 1.540035e-09 
135.7547901 5.850368e-10 
135.7550775 1.139377e-09 
137.1126248 4.222962e-10 
138.470419 3.878619e-10 
137.112904 4.194066e-10 
138.4706735 6.956613e-10 
139.8282351 1.746974e-09 
139.8284801 6.379943e-10 
141.1857514 4.789463e-10 
142.5435621 6.901598e-10 
141.1860147 1.576006e-09 
142.5438166 2.380272e-09 
143.90135 2.006401e-09 
143.9015668 1.95155e-09 
146.616641 3.127454e-09 
145.2591401 1.240306e-09 
146.6168946 2.790129e-09 
145.2593557 8.560072e-10 
147.9744316 1.11405e-09 
147.9746782 3.045285e-09 
149.3321843 1.77925e-10 
150.6899646 1.979102e-09 
149.3324126 1.818604e-09 
150.690173 1.573149e-10 
152.0474873 3.188657e-09 
152.0477007 3.75137e-09 
153.4052609 1.883803e-09 
154.7629851 9.513996e-11 
153.405462 6.018941e-09 
154.7631907 3.11998e-09 
156.120741 1.139548e-09 
156.1209277 2.296956e-10 
157.4782218 3.451478e-09 
158.8359822 8.873166e-10 
157.47847 2.74855e-09 
158.8361969 1.305417e-09 
160.1937019 5.643614e-10 
160.1938973 1.786582e-10 
162.9088952 2.343979e-09 
161.5514396 2.441244e-09 
162.9091464 3.12952e-09 
161.5516291 9.123759e-10 
164.2666295 3.011732e-09 
164.2668759 4.195456e-09 
165.6243491 2.574622e-09 
166.9820629 9.48227e-10 
165.6245524 4.35838e-09 
166.9822783 1.332834e-09 
168.3394934 1.345198e-09 
168.3397469 1.244702e-09 
169.6972252 9.823974e-10 
171.0549138 7.085814e-10 
169.6974538 2.474613e-09 
171.0551241 1.720088e-09 
172.4126226 1.463247e-09 
172.4128082 1.472669e-09 
173.7700417 6.432129e-09 
175.1277595 1.767694e-09 
173.7702937 2.559211e-09 
175.1279727 2.211085e-09 
176.4854217 6.464774e-11 
176.4856292 1.16347e-09 
179.200512 4.909256e-10 
177.843091 1.19918e-09 
179.2007406 1.86403e-09 
177.8433162 7.91409e-10 
180.5581887 2.500517e-09 
180.5584228 2.639736e-09 
181.9158478 2.816656e-09 
183.2735084 1.832024e-09 
181.9160636 2.467462e-09 
183.2737446 6.477238e-10 
184.630878 4.318455e-10 
184.6311569 1.742062e-09 
185.9885442 1.295287e-10 
187.3461905 2.338918e-09 
185.9888278 4.800711e-10 
187.3464586 1.555357e-09 
188.7038657 3.278381e-09 
188.7040979 3.793108e-09 
190.0611933 1.949826e-10 
191.4188601 9.198335e-10 
190.0615038 2.355722e-09 
191.4191575 9.701272e-10 
192.7765101 1.530615e-09 
192.7767727 8.304666e-10 
195.4914567 2.357768e-09 
194.134161 1.516147e-09 
195.4917844 3.399498e-10 
194.1344255 2.247222e-09 
196.8491027 3.696195e-09 
196.8494351 7.536082e-10 
198.2067421 4.813853e-09 
199.5643897 3.037238e-09 
198.2070509 1.881496e-09 
199.5646959 2.424019e-09 
200.9216667 6.108905e-10 
200.9220138 1.040399e-09 
202.2793158 1.724369e-09 
203.6369352 7.59872e-10 
202.2796668 6.56997e-11 
203.6372972 6.453501e-10 
204.9945832 6.326401e-10 
204.9949504 8.596198e-10 
206.3517928 2.348813e-09 
206.3521675 7.940664e-10 
108.5995216 2.096093e-09 
109.9574206 1.782849e-09 
108.5998505 6.657839e-10 
109.9577341 8.770602e-10 
111.3149208 1.845568e-09 
111.3152685 1.758616e-09 
112.6728221 1.598784e-09 
114.0306895 4.943099e-10 
112.6731491 6.719623e-10 
114.0309784 9.91234e-10 
115.388575 3.006637e-10 
115.3888407 4.926745e-10 
116.7460652 2.084587e-09 
118.1039576 1.553246e-09 
116.7464088 3.490917e-10 
118.1042692 8.738997e-10 
119.461802 2.232744e-09 
119.462088 1.374898e-09 
122.1771988 1.932263e-09 
120.8196742 2.282871e-09 
122.1774876 2.706972e-09 
120.8199376 3.040874e-09 
123.535063 4.315636e-09 
123.5353503 1.667906e-09 
124.8929014 3.897112e-09 
126.250752 2.951751e-09 
124.8931524 2.150839e-09 
126.2510102 3.450131e-09 
127.6082641 1.38577e-09 
127.6085642 1.591899e-10 
128.9661128 2.458337e-09 
130.3239318 3.528823e-09 
128.9664075 4.894498e-10 
130.3242099 2.679877e-09 
131.6817697 2.133892e-09 
131.6820414 3.658219e-09 
133.0392974 7.84754e-10 
134.3971438 1.631366e-09 
133.0395791 1.287883e-09 
134.397412 2.55259e-10 
135.7549411 1.086346e-09 
135.7552007 7.174016e-11 
138.470269 1.582571e-10 
137.1127711 1.265216e-09 
138.4705585 6.827525e-10 
137.1130155 6.968817e-10 
139.8280934 1.996755e-10 
139.828371 7.097559e-10 
141.1858922 1.650455e-09 
142.5436951 3.173523e-09 
141.1861252 8.748764e-10 
142.5439219 1.83094e-10 
143.9012086 2.424574e-09 
143.9014679 3.547754e-09 
145.2590059 1.470241e-09 
146.616777 2.0387e-10 
145.2592623 3.653143e-09 
146.6170042 2.722575e-09 
147.9745603 8.597208e-10 
147.9747804 6.062441e-10 
149.3320733 2.895339e-09 
150.6898589 9.782871e-10 
149.3322985 3.20987e-09 
150.6900723 4.139098e-09 
152.0475993 4.531784e-10 
152.0478002 2.108604e-09 
154.7628674 4.108307e-09 
153.4053675 2.320495e-09 
154.7631032 4.314684e-09 
153.4055512 3.964395e-10 
156.1206375 2.52777e-09 
156.1208403 4.569974e-09 
157.4783535 7.191297e-11 
158.8360954 2.216273e-09 
157.4785568 1.813678e-09 
158.8362888 3.108325e-10 
160.1935693 2.056188e-09 
160.1938151 2.826114e-09 
161.5513251 7.890625e-11 
162.9090491 1.506184e-09 
161.5515371 1.168578e-09 
162.909222 3.321304e-09 
164.2667703 1.367459e-09 
164.2669617 2.106487e-09 
165.6241961 4.132124e-09 
166.9819272 3.059953e-09 
165.6244636 1.309932e-09 
166.9821807 3.171408e-09 
168.3396322 3.077574e-10 
168.3398511 1.439969e-09 
171.0547874 2.692757e-09 
169.6973406 4.288272e-10 
171.0550242 2.311052e-09 
169.6975548 2.1102e-10 
172.4125173 4.039699e-09 
172.4127168 4.43786e-09 
173.7701815 1.288412e-09 
175.1278709 6.572153e-10 
173.7703878 3.804297e-09 
175.1280699 6.136452e-10 
176.4852809 2.417016e-09 
176.4855291 1.12646e-09 
177.8429802 3.806985e-10 
179.2006403 1.785357e-09 
177.8432042 3.882132e-10 
179.2008497 1.736263e-09 
180.5583029 2.641209e-09 
180.5585377 2.590146e-09 
181.9157138 1.394634e-09 
183.2733794 7.318966e-10 
181.9159541 3.168301e-09 
183.2736378 2.470824e-09 
184.6310242 7.824076e-10 
184.6312779 9.112067e-11 
187.346036 9.590731e-10 
185.9886924 1.491633e-09 
187.3463344 1.431113e-09 
185.9889361 9.768529e-10 
188.7037144 1.732382e-09 
188.7039905 4.479572e-10 
190.0613597 2.483747e-09 
191.4190273 3.029195e-09 
190.0616151 4.485423e-10 
191.4192582 1.639307e-09 
192.7763336 6.952966e-10 
192.7766581 1.736798e-09 
194.1339862 2.758622e-09 
195.4916273 2.994916e-09 
194.1343101 1.131756e-09 
195.4919234 1.779004e-09 
196.8492696 1.749114e-09 
196.8495755 2.18049e-09 
198.2065727 1.687584e-09 
199.5642224 2.193589e-09 
198.2068935 8.249209e-10 
199.5645448 9.408878e-11 
200.9218465 3.443588e-09 
200.9221745 1.235547e-09 
203.6367424 6.924817e-10 
202.2794991 2.196092e-09 
203.6371201 3.787494e-10 
202.2798178 3.043347e-09 
204.9943883 1.364275e-09 
204.9947774 9.808167e-10 
206.3519735 1.467034e-09 
206.3523736 2.373974e-09 
108.5993355 3.087775e-10 
108.5996916 2.543087e-09 
111.3151029 1.734876e-10 
111.315417 8.685582e-10 
114.030503 1.809377e-09 
114.030838 3.47428e-10 
116.7462504 9.589372e-10 
116.7465407 1.72647e-09 
119.461633 8.545195e-10 
119.4619464 6.450691e-10 
122.1773483 4.792058e-09 
122.1776198 1.224172e-09 
124.892743 2.233794e-09 
124.8930279 2.128848e-09 
127.6084175 3.727657e-09 
127.6086936 2.083974e-09 
130.3237827 2.047777e-09 
130.3240708 9.074522e-10 
133.0394399 3.03489e-09 
133.0397093 8.778202e-10 
135.7547842 5.34054e-10 
135.7550819 1.245234e-09 
138.4704169 6.824766e-10 
138.4706773 5.895522e-10 
141.1857469 4.713764e-10 
141.1860187 1.709673e-09 
143.9013483 1.778615e-09 
143.9015703 1.983586e-09 
146.6166398 3.563884e-09 
146.6168978 2.906229e-09 
149.3321877 1.804027e-10 
149.332413 2.187154e-09 
152.0474864 3.124669e-09 
152.0477037 3.532919e-09 
154.7629922 7.73163e-11 
154.7631868 2.933688e-09 
157.4782218 5.839929e-09 
157.478473 4.205075e-09 
160.1937096 5.724517e-10 
160.1938934 2.297123e-10 
162.9088967 2.294328e-09 
162.909149 3.016728e-09 
165.6243522 2.396861e-09 
165.6245497 4.427891e-09 
168.339504 6.132881e-10 
168.3397439 6.744721e-10 
171.0549122 8.983253e-10 
171.0551274 1.129196e-09 
173.7700513 7.007498e-09 
173.7702905 2.56544e-09 
176.4854159 1.904305e-10 
176.4856348 7.578591e-10 
179.2005158 9.73021e-11 
179.2007397 1.499806e-09 
181.9158484 2.84032e-09 
181.9160649 2.436184e-09 
184.6308815 3.275321e-10 
184.6311554 1.402168e-09 
187.3461926 2.388707e-09 
187.3464574 1.258511e-09 
190.0612003 4.708685e-10 
190.0614989 2.40622e-09 
192.7765111 1.72184e-09 
192.7767713 7.573685e-10 
195.4914618 1.631977e-09 
195.4917798 5.128753e-10 
198.2067399 4.860737e-09 
198.2070493 1.728266e-09 
200.9216651 8.998612e-10 
200.9220117 1.340622e-09 
203.6369314 1.132214e-09 
203.6372991 9.362317e-10 
206.3517881 2.419588e-09 
206.3521666 1.119725e-09 
109.9572393 6.479139e-10 
108.599519 2.155419e-09 
109.9575801 1.440754e-09 
108.5998494 4.373718e-10 
111.314925 1.034774e-09 
111.3152626 1.429754e-09 
114.0306825 2.398409e-10 
112.6729935 1.98457e-10 
114.0309794 5.325778e-10 
112.673293 2.761759e-10 
115.3884004 8.002499e-10 
115.3887069 1.131387e-09 
116.7460709 9.600313e-10 
118.104125 4.638587e-10 
116.7463991 3.927277e-10 
118.1043938 1.557989e-09 
119.4617932 2.05494e-09 
119.4620888 1.294379e-09 
122.1772049 1.646456e-09 
120.8195117 2.831994e-09 
122.1774758 2.634374e-09 
120.8198055 3.534979e-10 
123.5352108 4.946875e-09 
123.5354753 4.10351e-09 
126.2505902 3.264661e-09 
124.8928901 4.737378e-09 
126.2508864 8.183775e-10 
124.8931544 1.710523e-09 
127.608266 1.63159e-09 
127.6085541 2.747886e-10 
130.3239209 3.963751e-09 
128.9662533 2.099835e-09 
130.324212 2.936076e-09 
128.9665425 2.994534e-09 
131.6816322 2.745476e-09 
131.6819058 1.262192e-09 
133.0392954 9.499823e-10 
134.3972779 1.876429e-09 
133.0395746 1.638774e-09 
134.3975301 1.673987e-09 
135.7549352 1.115072e-09 
135.7552017 4.460563e-11 
138.4702651 2.422389e-10 
137.1126193 4.749688e-10 
138.4705582 9.308616e-10 
137.1129067 3.868397e-10 
139.8282332 2.369593e-09 
139.8284821 9.627268e-10 
142.5435556 4.958005e-10 
141.1858863 2.169187e-09 
142.5438222 2.266598e-09 
141.1861274 9.551523e-10 
143.9012 2.286668e-09 
143.9014711 3.482649e-09 
146.6167711 4.864785e-10 
145.2591408 1.429557e-09 
146.6170071 2.793202e-09 
145.2593574 9.469279e-10 
147.9744291 1.436442e-09 
147.9746834 3.284012e-09 
149.3320639 2.432046e-09 
150.6899664 1.695946e-09 
149.3323023 2.649011e-09 
150.6901763 2.48137e-10 
152.0475966 2.94091e-10 
152.0478011 1.757114e-09 
154.7628635 4.591701e-09 
153.4052658 2.04389e-09 
154.7631019 4.123321e-09 
153.4054603 5.573673e-09 
156.1207411 1.927774e-09 
156.120931 3.86732e-10 
158.8359902 1.533575e-09 
157.4783512 1.560051e-10 
158.836193 1.514012e-09 
157.4785584 1.282104e-09 
160.1935715 2.628792e-09 
160.1938109 2.476087e-09 
162.9090449 1.272554e-09 
161.5514402 2.594018e-09 
162.909225 3.013046e-09 
161.5516314 9.431967e-10 
164.2666344 2.537611e-09 
164.2668726 3.889546e-09 
165.6242067 3.299238e-09 
166.982056 7.174817e-10 
165.6244546 8.557836e-10 
166.9822821 1.556913e-09 
168.3396256 3.763245e-10 
168.3398569 1.251766e-09 
171.0548039 2.363111e-09 
169.6972317 7.985474e-10 
171.0550135 1.821752e-09 
169.6974508 1.949918e-09 
172.4126137 1.89474e-09 
172.4128148 1.326036e-09 
175.127763 2.226283e-09 
173.7701738 1.550483e-09 
175.1279723 2.005953e-09 
173.7703962 2.95483e-09 
176.4852909 2.365542e-09 
176.4855233 1.243598e-09 
179.2006378 2.319178e-09 
177.8430868 1.289089e-09 
179.200853 1.059921e-09 
177.8433187 7.853288e-10 
180.5581946 2.22262e-09 
180.5584213 1.583289e-09 
181.9157204 7.745646e-10 
183.2735098 1.677352e-09 
181.9159512 2.26532e-09 
183.2737458 8.576576e-10 
184.6310291 1.172975e-09 
184.6312752 3.148404e-10 
187.3460444 1.488919e-09 
185.9885539 3.32138e-10 
187.3463293 6.335933e-10 
185.9888235 1.609993e-10 
188.7038643 2.869598e-09 
188.7041001 3.447984e-09 
191.4188724 1.193942e-09 
190.0613647 2.961924e-09 
191.4191504 8.250308e-10 
190.061612 4.480516e-10 
192.7763468 2.147393e-10 
192.7766499 1.658062e-09 
195.4916336 2.949665e-09 
194.1341578 1.434653e-09 
195.4919175 1.736089e-09 
194.1344272 2.24247e-09 
196.8491098 3.15605e-09 
196.8494283 5.558984e-10 
198.2065756 1.273236e-09 
199.5643877 3.211602e-09 
198.2068919 1.077865e-09 
199.5646944 2.959313e-09 
200.9218475 3.435428e-09 
200.9221732 1.589322e-09 
203.6367418 7.582433e-10 
202.279316 2.203981e-09 
203.6371196 4.528545e-10 
202.2796648 1.289302e-10 
204.9945813 8.520716e-10 
204.9949529 1.214741e-09 
206.3519718 1.64968e-09 
206.3523753 2.944922e-09 
109.9574177 2.03565e-09 
109.9577343 7.619116e-10 
112.6728242 7.603576e-10 
112.6731443 4.03228e-10 
115.3885677 3.677209e-10 
115.3888421 4.565765e-10 
118.1039615 6.424668e-10 
118.1042603 8.985164e-10 
120.8196629 2.383379e-09 
120.8199398 2.736643e-09 
123.5350636 4.269074e-09 
123.5353422 1.424348e-09 
126.2507381 2.760952e-09 
126.2510133 2.639927e-09 
128.9661093 2.737418e-09 
128.966401 9.108877e-10 
131.6817586 2.182318e-09 
131.6820433 3.854929e-09 
134.3971398 1.740727e-09 
134.3974081 4.212486e-10 
137.1127652 1.475681e-09 
137.1130156 8.917233e-10 
139.8280864 2.395472e-10 
139.8283723 7.039072e-10 
142.5436926 3.623534e-09 
142.5439208 2.495588e-10 
145.258994 1.362193e-09 
145.2592683 3.217299e-09 
147.9745597 9.870779e-10 
147.9747809 6.424463e-10 
150.6898515 6.363535e-10 
150.6900756 3.065864e-09 
153.4053638 2.074182e-09 
153.4055559 5.875229e-10 
156.1206366 2.5841e-09 
156.120838 3.429101e-09 
158.8360886 1.759213e-09 
158.8362966 2.271075e-10 
161.5513243 1.373801e-10 
161.5515344 8.75e-10 
164.2667587 9.907155e-10 
164.2669708 1.558947e-09 
166.9819265 2.842744e-09 
166.9821776 3.351043e-09 
169.6973264 5.369289e-10 
169.6975652 3.706139e-10 
172.4125183 3.790574e-09 
172.412714 3.705297e-09 
175.1278605 1.184635e-09 
175.1280773 6.611622e-10 
177.8429829 8.443333e-10 
177.8432005 2.665057e-10 
180.5582997 2.830972e-09 
180.5585401 2.623453e-09 
183.2733868 6.068107e-10 
183.2736321 1.404706e-09 
185.9886931 1.263037e-09 
185.9889373 1.148522e-09 
188.7037263 2.959736e-09 
188.7039826 2.930733e-10 
191.4190246 3.064663e-09 
191.4192616 1.689047e-09 
194.1340016 2.307134e-09 
194.1342992 8.457905e-10 
196.8492702 2.144792e-09 
196.849574 2.778718e-09 
199.5642282 2.076611e-09 
199.5645404 2.457552e-10 
202.2795003 1.971716e-09 
202.279817 3.515855e-09 
204.9943895 1.390548e-09 
204.9947769 1.147515e-09 
108.5993311 4.54915e-10 
109.9572368 8.916427e-10 
108.599693 3.064302e-09 
109.9575842 1.525212e-09 
111.3151024 3.479915e-10 
111.3154188 6.005095e-10 
114.0305037 1.228634e-09 
112.6729973 2.32912e-10 
114.0308377 2.958529e-10 
112.6732938 3.446817e-10 
115.388404 6.545081e-10 
115.3887085 1.733529e-09 
116.7462492 5.258821e-10 
118.1041268 3.71315e-10 
116.7465408 2.09395e-09 
118.1043927 1.402761e-09 
119.4616402 3.759485e-10 
119.4619421 5.703215e-10 
120.8195179 2.366758e-09 
122.1773448 4.413592e-09 
120.8198051 3.108834e-10 
122.1776196 6.577458e-10 
123.5352102 4.432468e-09 
123.5354738 3.192082e-09 
124.8927514 1.724534e-09 
126.2505954 2.953935e-09 
124.8930192 1.975293e-09 
126.2508834 6.128813e-10 
127.6084097 3.200964e-09 
127.6086946 1.517671e-09 
130.3237876 2.384591e-09 
128.96625 1.572431e-09 
130.3240634 1.330137e-09 
128.9665411 2.538407e-09 
131.6816357 3.285082e-09 
131.6819021 1.79004e-09 
133.0394342 2.944063e-09 
134.3972753 1.945215e-09 
133.0397091 1.041629e-09 
134.3975284 1.87711e-09 
135.7547858 7.326209e-10 
135.755078 1.395408e-09 
137.1126191 3.040109e-10 
138.4704133 7.900684e-10 
137.1129053 2.815466e-10 
138.4706756 7.550625e-10 
139.8282335 2.538881e-09 
139.8284773 1.270857e-09 
141.1857437 6.443504e-10 
142.5435492 6.450074e-10 
141.1860185 1.796295e-09 
142.5438248 1.843625e-09 
143.9013416 2.305097e-09 
143.9015705 1.786542e-09 
146.6166287 2.757278e-09 
145.2591427 1.639473e-09 
146.6169019 2.445491e-09 
145.2593519 9.2675e-10 
147.9744198 8.594188e-10 
147.9746874 2.167292e-09 
149.3321813 1.78534e-10 
150.6899675 1.376088e-09 
149.3324134 1.780011e-09 
150.6901733 2.20018e-10 
152.0474783 2.119133e-09 
152.0477036 2.133412e-09 
153.4052599 9.709698e-10 
154.7629849 7.98896e-11 
153.405462 3.096974e-09 
154.7631897 1.71398e-09 
156.1207376 1.015726e-09 
156.1209342 2.345082e-10 
157.4782227 5.411656e-09 
158.8359866 1.968422e-09 
157.4784656 3.048456e-09 
158.8361926 1.16818e-09 
160.1936986 6.840338e-10 
160.1939005 1.13639e-10 
162.9089041 1.759859e-09 
161.5514296 1.704199e-09 
162.9091369 2.186997e-09 
161.5516401 4.431204e-10 
164.2666294 2.47269e-09 
164.2668719 4.052321e-09 
165.6243394 2.100758e-09 
166.9820428 5.482909e-10 
165.6245587 4.002854e-09 
166.9822921 8.532386e-10 
168.339517 1.093484e-09 
168.3397298 9.84781e-10 
169.6972273 1.271537e-09 
171.0548999 1.826493e-09 
169.6974496 2.21509e-09 
171.0551376 1.400183e-09 
172.4126026 2.734383e-09 
172.4128228 2.274303e-09 
173.7700624 5.656239e-09 
175.1277623 1.812474e-09 
173.7702789 2.409917e-09 
175.1279674 2.152022e-09 
176.4854095 5.193945e-10 
176.4856406 7.273668e-10 
179.2005222 1.813771e-10 
177.8430802 1.65812e-09 
179.2007339 1.436291e-09 
177.843323 8.716625e-10 
180.5581963 2.785429e-09 
180.558415 1.220547e-09 
181.9158473 3.245142e-09 
183.2735065 1.795587e-09 
181.9160651 1.678718e-09 
183.273747 7.636883e-10 
184.630886 1.554329e-10 
184.6311502 7.01231e-10 
185.9885578 6.403531e-10 
187.3461956 3.353655e-09 
185.9888164 5.432961e-11 
187.3464556 2.355226e-09 
188.7038624 2.893178e-09 
188.7041034 4.374023e-09 
190.0612085 8.510259e-10 
191.4188806 1.71659e-09 
190.0614919 1.39213e-09 
191.4191421 2.6795e-10 
192.7765162 1.709109e-09 
192.776768 4.380332e-10 
195.4914683 9.777931e-10 
194.1341552 1.682525e-09 
195.4917752 4.534414e-10 
194.1344304 2.655967e-09 
196.8491176 2.803916e-09 
196.8494217 3.310928e-10 
198.2067469 4.612601e-09 
199.5643913 3.184285e-09 
198.207045 1.803356e-09 
199.5646931 3.183785e-09 
200.921665 1.096109e-09 
200.9220146 1.48388e-09 
202.2793186 2.019433e-09 
203.6369336 1.077762e-09 
202.2796647 2.064177e-10 
203.6372992 1.085214e-09 
204.9945832 7.897676e-10 
204.9949528 1.338874e-09 
206.351789 2.660174e-09 
206.3521657 1.146193e-09 
108.5995185 2.514638e-09 
108.5998532 4.182714e-10 
111.3149184 1.277573e-09 
111.3152682 1.698661e-09 
114.0306875 1.476128e-10 
114.0309817 7.9435e-10 
116.7460694 1.696661e-09 
116.746408 6.874312e-10 
119.4618004 1.364188e-09 
119.4620902 1.176204e-09 
122.1772066 9.093159e-10 
122.177483 2.325691e-09 
124.8928939 3.526391e-09 
124.8931572 1.116293e-09 
127.6082698 1.321606e-09 
127.6085569 2.0273e-10 
130.3239224 3.138902e-09 
130.3242148 2.672652e-09 
133.0392992 1.039561e-09 
133.0395761 1.683956e-09 
135.7549376 1.116003e-09 
135.7552011 7.514388e-11 
138.4702687 3.373469e-10 
138.4705588 9.83291e-10 
141.1858877 2.521489e-09 
141.1861245 1.029913e-09 
143.9011979 2.071397e-09 
143.9014752 3.161905e-09 
146.6167702 6.604995e-10 
146.6170048 2.140907e-09 
149.3320579 1.680605e-09 
149.3323069 2.233777e-09 
152.0475947 5.646058e-10 
152.0478004 9.249024e-10 
154.762864 2.38183e-09 
154.7631005 2.03397e-09 
157.4783446 3.924517e-10 
157.478564 1.38972e-09 
160.193578 1.639157e-09 
160.1938023 1.391447e-09 
162.9090339 9.803182e-10 
162.9092334 2.744205e-09 
165.6242157 4.278572e-09 
165.6244446 1.31943e-09 
168.3396149 4.366362e-10 
168.3398662 1.622277e-09 
171.0548099 2.268709e-09 
171.0550041 2.098513e-09 
173.7701692 1.772687e-09 
173.7703993 3.450942e-09 
176.4852964 2.150988e-09 
176.485517 1.698632e-09 
179.2006372 2.823851e-09 
179.2008529 8.118359e-10 
181.9157232 1.145159e-09 
181.9159453 2.343789e-09 
184.6310272 1.467989e-09 
184.6312738 5.89257e-10 
187.3460465 1.138004e-09 
187.346324 3.31774e-10 
190.0613646 3.239365e-09 
190.0616126 1.185711e-09 
192.7763476 3.186811e-10 
192.7766444 1.037178e-09 
195.4916356 3.033926e-09 
195.4919161 2.065946e-09 
198.2065758 9.358688e-10 
198.2068932 1.13827e-09 
200.921853 2.914981e-09 
200.9221726 1.726359e-09 
203.6367417 5.561888e-10 
203.6371213 3.28685e-10 
206.3519745 1.445365e-09 
206.3523747 2.792937e-09 
108.5993276 3.888512e-10 
109.957421 2.383891e-09 
108.5996915 3.58688e-09 
109.9577363 8.645394e-10 
111.3151013 5.974335e-10 
111.3154209 5.982841e-10 
114.0304983 1.46869e-09 
112.6728231 9.205721e-10 
114.0308428 3.069048e-10 
112.67315 4.897429e-10 
115.3885753 4.311301e-10 
115.388842 5.535645e-10 
118.1039639 7.265361e-10 
116.7462541 5.408996e-10 
118.1042686 1.375561e-09 
116.7465425 1.97215e-09 
119.4616333 6.079922e-10 
119.4619537 4.074856e-10 
122.1773501 3.285571e-09 
120.8196734 1.655085e-09 
122.177624 6.393842e-10 
120.8199376 2.153705e-09 
123.5350673 3.565721e-09 
123.5353504 1.373363e-09 
124.8927453 1.799527e-09 
126.2507483 2.141671e-09 
124.8930313 1.697481e-09 
126.2510103 1.941218e-09 
127.6084146 2.171485e-09 
127.6087002 1.151449e-09 
130.3237872 1.781914e-09 
128.9661153 2.207598e-09 
130.3240716 1.220948e-09 
128.9664053 8.149382e-10 
131.6817655 2.022592e-09 
131.6820416 3.652202e-09 
134.3971447 1.636921e-09 
133.0394404 2.879444e-09 
134.3974106 3.216524e-10 
133.0397126 1.072483e-09 
135.7547891 6.406905e-10 
135.7550822 1.382406e-09 
138.4704202 8.20291e-10 
137.112771 1.540621e-09 
138.4706742 9.201667e-10 
137.1130116 1.177129e-09 
139.8280883 7.229022e-10 
139.8283741 6.1929e-10 
141.1857479 1.251471e-09 
142.5436999 3.400778e-09 
141.1860227 1.872684e-09 
142.5439127 3.80602e-10 
143.9013485 2.332502e-09 
143.9015672 1.747937e-09 
146.6166287 2.401019e-09 
145.2589932 1.325011e-09 
146.6169081 2.269163e-09 
145.2592703 2.854213e-09 
147.9745664 1.131117e-09 
147.974772 5.36462e-10 
150.6898484 1.218548e-10 
149.3321852 4.246935e-10 
150.6900789 1.833785e-09 
149.3324114 8.751103e-10 
152.0474795 1.665167e-09 
152.0477086 2.163301e-09 
154.7629865 2.985022e-10 
153.4053708 1.695781e-09 
154.7631921 2.045004e-09 
153.4055488 2.3289e-10 
156.1206336 1.446984e-09 
156.1208429 2.363921e-09 
157.4782274 2.413636e-09 
158.836089 7.659427e-10 
157.4784663 1.230538e-09 
158.8362971 3.606645e-10 
160.193696 6.530834e-10 
160.1939056 1.314242e-10 
162.9089116 2.331065e-09 
161.5513216 2.203191e-10 
162.9091339 2.452128e-09 
161.5515371 7.890223e-10 
164.2667539 7.642052e-10 
164.2669749 7.750759e-10 
166.9819231 3.397147e-09 
165.6243373 1.869577e-09 
166.9821808 3.724079e-09 
165.6245642 3.741735e-09 
168.3395188 1.897194e-09 
168.3397295 1.656971e-09 
171.0549023 1.648869e-09 
169.6973236 8.665252e-10 
171.0551367 1.85696e-09 
169.6975681 9.641446e-10 
172.4125169 3.358797e-09 
172.4127121 3.77714e-09 
173.7700631 6.11625e-09 
175.1278595 1.563605e-09 
173.7702787 2.910397e-09 
175.1280768 7.211703e-10 
176.4854185 4.667007e-10 
176.485634 8.215755e-10 
179.2005257 5.175272e-10 
177.8429853 1.266301e-09 
179.2007324 2.282497e-09 
177.8431951 4.267415e-10 
180.558297 2.991313e-09 
180.5585396 2.698321e-09 
183.2733867 8.766116e-10 
181.9158497 3.349772e-09 
183.2736257 1.410696e-09 
181.9160606 1.504946e-09 
184.630889 1.362186e-10 
184.6311461 9.071352e-10 
187.3461951 3.076831e-09 
185.9886905 1.522833e-09 
187.3464542 3.166984e-09 
185.9889361 1.914458e-09 
188.7037259 2.629462e-09 
188.7039778 4.566979e-10 
190.0612065 4.869706e-10 
191.4190213 2.78998e-09 
190.0614896 1.119034e-09 
191.4192649 2.211426e-09 
192.7765131 1.338073e-09 
192.7767689 3.264162e-10 
195.4914662 1.190794e-09 
194.1340012 2.491036e-09 
195.4917736 2.326559e-10 
194.1342942 6.698812e-10 
196.8492694 2.559233e-09 
196.8495758 3.380321e-09 
199.5642297 1.567989e-09 
198.2067488 4.710012e-09 
199.5645404 2.836421e-10 
198.2070462 2.114133e-09 
200.9216641 9.753727e-10 
200.9220173 1.407509e-09 
203.6369373 7.209381e-10 
202.2795034 1.471243e-09 
203.6372975 9.010214e-10 
202.2798169 3.386002e-09 
204.9943914 1.230748e-09 
204.9947763 9.961121e-10 
206.3517941 3.11291e-09 
206.3521663 8.178179e-10 
109.9572355 7.642897e-10 
109.9575832 1.599767e-09 
112.6729963 1.871121e-10 
112.6732953 4.088578e-10 
115.3884008 7.370477e-10 
115.3887122 1.396708e-09 
118.1041308 1.793353e-10 
118.1043933 1.186291e-09 
120.8195142 1.826919e-09 
120.819813 4.880442e-10 
123.5352184 3.476356e-09 
123.535473 2.600992e-09 
126.2505939 2.188109e-09 
126.2508912 3.712447e-10 
128.9662588 1.324508e-09 
128.9665408 2.086438e-09 
131.6816388 2.713685e-09 
131.6819069 1.788566e-09 
134.3972818 1.997044e-09 
134.3975288 1.86975e-09 
137.1126222 2.878109e-10 
137.1129076 4.217196e-10 
139.8282405 2.322841e-09 
139.8284737 1.276893e-09 
142.5435534 1.281544e-09 
142.5438251 2.385704e-09 
145.2591494 1.604836e-09 
145.2593458 8.604123e-10 
147.9744213 8.973543e-10 
147.9746883 1.906834e-09 
150.6899746 1.819922e-09 
150.6901652 2.501858e-11 
153.4052571 4.588157e-10 
153.4054688 3.155584e-09 
156.1207462 5.045512e-10 
156.1209282 5.214952e-10 
158.835983 9.457159e-10 
158.8362 7.828043e-10 
161.5514333 1.586358e-09 
161.5516378 3.352978e-10 
164.2666296 3.196265e-09 
164.2668773 4.207786e-09 
166.9820497 8.05557e-10 
166.9822896 6.337092e-10 
169.6972277 1.030528e-09 
169.697453 2.121541e-09 
172.4126116 2.754308e-09 
172.4128158 2.181713e-09 
175.1277671 1.232158e-09 
175.1279655 2.178253e-09 
177.8430863 2.343473e-09 
177.843317 1.016925e-09 
180.5581991 3.618319e-09 
180.558412 1.886979e-09 
183.2735064 1.672748e-09 
183.2737415 6.499145e-10 
185.988557 1.714863e-10 
185.9888138 3.85552e-11 
188.7038629 2.689776e-09 
188.7040998 5.079175e-09 
191.4188749 1.197945e-09 
191.4191417 2.13423e-10 
194.1341534 1.362439e-09 
194.1344299 2.727221e-09 
196.8491152 3.197586e-09 
196.849422 4.439869e-10 
199.5643927 2.990974e-09 
199.5646947 2.917922e-09 
202.2793183 1.374706e-09 
202.2796652 1.642135e-10 
204.9945849 5.264507e-10 
204.9949504 1.084637e-09 
108.599513 3.221715e-09 
109.9574163 2.820398e-09 
108.5998521 1.467341e-10 
109.9577365 5.985525e-10 
111.3149187 7.726308e-10 
111.3152622 2.096677e-09 
112.6728198 6.012584e-10 
114.0306824 9.395901e-11 
112.6731473 5.261615e-10 
114.0309801 5.350291e-10 
115.3885692 2.91674e-10 
115.388843 2.929179e-10 
116.7460646 1.416682e-09 
118.1039577 5.522418e-10 
116.7464063 4.026617e-10 
118.1042669 8.00167e-10 
119.4617966 1.326398e-09 
119.4620906 9.894385e-10 
122.1771979 1.043519e-09 
120.8196694 1.342409e-09 
122.1774865 2.054464e-09 
120.8199386 1.967303e-09 
123.5350612 2.670112e-09 
123.5353495 1.137159e-09 
124.8928909 2.716891e-09 
126.2507469 1.830262e-09 
124.89316 1.088612e-09 
126.2510108 1.761224e-09 
127.6082648 1.265129e-09 
127.6085618 2.05078e-10 
128.9661137 1.67298e-09 
130.3239243 2.928637e-09 
128.9664045 9.00292e-10 
130.3242172 2.800711e-09 
131.6817654 1.950211e-09 
131.6820434 3.583733e-09 
133.0393001 7.146464e-10 
134.3971459 1.139892e-09 
133.0395776 1.602709e-09 
134.3974085 2.476576e-10 
135.7549422 9.371739e-10 
135.7552013 9.052944e-11 
138.4702718 6.493878e-10 
137.1127709 1.334673e-09 
138.4705594 1.172363e-09 
137.1130134 7.404083e-10 
139.8280905 1.016859e-09 
139.8283714 1.090409e-09 
141.1858943 2.539062e-09 
142.5437004 3.642105e-09 
141.1861224 1.132822e-09 
142.5439135 3.118349e-10 
143.9012006 2.282012e-09 
143.9014777 3.560621e-09 
145.2589959 1.743764e-09 
146.6167752 7.271255e-10 
145.2592672 3.641662e-09 
146.6170038 1.976216e-09 
147.9745648 1.015677e-09 
147.9747722 4.535841e-10 
149.3320595 1.777914e-09 
150.6898452 2.513463e-10 
149.3323095 2.623253e-09 
150.6900803 2.382122e-09 
152.0475956 6.002909e-10 
152.047803 8.613066e-10 
154.7628657 1.541242e-09 
153.405372 1.843502e-09 
154.7631049 1.58124e-09 
153.4055467 3.186545e-10 
156.1206254 1.055154e-09 
156.1208506 2.609071e-09 
157.4783449 3.322322e-10 
158.8360918 7.362087e-10 
157.4785678 1.745314e-09 
158.8362945 6.15078e-10 
160.1935803 6.449823e-10 
160.1938045 1.326334e-09 
161.5513176 2.651304e-10 
162.9090372 1.039691e-09 
161.5515423 1.003118e-09 
162.9092347 2.531144e-09 
164.2667616 1.036064e-09 
164.2669706 7.012564e-10 
165.624215 5.50454e-09 
166.9819234 3.94003e-09 
165.62445 1.845064e-09 
166.9821856 3.698111e-09 
168.339623 1.617597e-10 
168.3398635 1.37048e-09 
171.0548031 2.472515e-09 
169.6973371 8.412156e-10 
171.055012 2.422783e-09 
169.69756 7.267479e-10 
172.4125187 2.59032e-09 
172.4127141 3.969057e-09 
173.7701835 9.891911e-10 
175.1278718 1.498691e-09 
173.7703888 3.440176e-09 
175.1280677 4.447826e-10 
176.4852959 2.717321e-09 
176.4855225 2.109273e-09 
177.8429889 1.451762e-09 
179.2006492 3.427298e-09 
177.8431966 5.98918e-10 
179.200844 1.317607e-09 
180.5583028 3.29193e-09 
180.5585334 2.724477e-09 
181.9157258 1.621165e-09 
183.2733859 1.370424e-09 
181.9159468 3.192052e-09 
183.2736277 2.195934e-09 
184.6310304 9.389826e-10 
184.6312693 2.27335e-10 
187.3460484 6.382569e-10 
185.9886934 1.259087e-09 
187.3463255 4.901216e-10 
185.9889294 1.567531e-09 
188.7037223 1.683641e-09 
188.7039817 4.637886e-10 
190.0613651 2.312408e-09 
191.4190256 2.260606e-09 
190.0616111 1.119367e-09 
191.4192587 1.97233e-09 
192.7763431 5.087162e-10 
192.7766466 8.681403e-10 
194.1339946 3.044409e-09 
195.4916338 3.001824e-09 
194.1342987 8.48086e-10 
195.4919169 2.122929e-09 
196.8492715 2.094893e-09 
196.8495738 2.952676e-09 
198.2065771 8.507537e-10 
199.56423 1.35436e-09 
198.2068945 8.161643e-10 
199.5645427 9.783753e-11 
200.9218557 2.492682e-09 
200.9221727 1.375431e-09 
203.6367428 4.283893e-10 
202.2795041 1.232977e-09 
203.6371221 1.996475e-10 
202.2798165 2.747552e-09 
204.9943929 1.122239e-09 
204.9947756 6.941044e-10 
206.3519783 1.276288e-09 
206.3523729 2.078619e-09 
108.5993314 2.760034e-10 
108.5996874 3.857946e-09 
111.3150967 6.735123e-10 
111.3154174 7.276897e-10 
114.0304994 8.08542e-10 
114.0308352 3.58585e-10 
116.746247 4.040717e-10 
116.7465382 1.078447e-09 
119.4616312 4.481171e-10 
119.4619454 2.847545e-10 
122.1773419 3.382568e-09 
122.1776201 9.79648e-10 
124.8927443 1.792482e-09 
124.8930253 1.580513e-09 
127.6084109 1.895289e-09 
127.6086961 1.268554e-09 
130.3237887 1.631095e-09 
130.3240665 1.214693e-09 
133.0394401 2.716877e-09 
133.0397089 1.025147e-09 
135.7547914 5.718208e-10 
135.7550763 1.436732e-09 
138.4704204 5.951314e-10 
138.4706726 9.150485e-10 
141.1857496 1.02414e-09 
141.1860183 1.921501e-09 
143.9013501 2.601263e-09 
143.9015665 1.853473e-09 
146.6166314 2.576397e-09 
146.6169032 2.589235e-09 
149.3321823 1.588464e-10 
149.332414 1.017174e-09 
152.0474809 2.595029e-09 
152.047706 3.099782e-09 
154.7629818 9.286751e-11 
154.763196 2.476376e-09 
157.4782243 1.766837e-09 
157.4784681 1.315799e-09 
160.193696 5.537707e-10 
160.1939052 5.820527e-11 
162.908906 2.572172e-09 
162.9091388 2.907061e-09 
165.6243443 2.09038e-09 
165.6245603 3.756756e-09 
168.3395058 1.943715e-09 
168.3397397 1.685391e-09 
171.0549131 8.73027e-10 
171.0551278 1.625124e-09 
173.7700527 6.506002e-09 
173.7702885 2.869094e-09 
176.4854293 2.415228e-10 
176.4856259 9.053808e-10 
179.2005221 6.485531e-10 
179.2007381 2.43907e-09 
181.9158547 3.547309e-09 
181.9160571 2.117381e-09 
184.6308878 2.440227e-10 
184.6311517 1.20605e-09 
187.3461967 2.239476e-09 
187.346453 2.241278e-09 
190.0612025 2.076373e-10 
190.0614971 1.536083e-09 
192.7765138 1.148025e-09 
192.7767683 4.59933e-10 
195.4914633 1.838101e-09 
195.4917793 1.629521e-10 
198.2067486 4.55295e-09 
198.2070474 1.942396e-09 
200.9216671 7.478384e-10 
200.9220167 1.060116e-09 
203.6369387 5.39638e-10 
203.6372959 6.58463e-10 
206.3517976 2.692756e-09 
206.3521674 6.066899e-10 
109.9572351 8.154122e-10 
108.5995179 3.140959e-09 
109.9575837 2.139941e-09 
108.5998506 4.11927e-10 
111.3149191 1.385314e-09 
111.3152643 2.405607e-09 
114.0306842 1.659908e-10 
112.6729948 1.606405e-10 
114.0309763 7.734638e-10 
112.673294 5.640616e-10 
115.3883972 6.736219e-10 
115.3887105 7.819183e-10 
116.7460656 1.109117e-09 
118.1041262 1.286389e-10 
116.7464036 2.658118e-10 
118.1043925 9.543321e-10 
119.4617957 1.580779e-09 
119.4620853 1.041715e-09 
122.1772012 1.392127e-09 
120.8195112 2.151849e-09 
122.1774805 2.194656e-09 
120.8198069 6.99195e-10 
123.5352127 3.436801e-09 
123.5354717 3.110736e-09 
126.2505946 1.702313e-09 
124.8928923 2.810678e-09 
126.2508834 3.463106e-10 
124.8931518 1.381342e-09 
127.6082692 8.553163e-10 
127.6085565 1.89446e-10 
130.3239265 2.88887e-09 
128.9662542 1.302509e-09 
130.3242091 2.785685e-09 
128.9665398 2.50933e-09 
131.6816407 2.60255e-09 
131.6818999 1.474582e-09 
133.0393029 9.075222e-10 
134.3972772 1.839583e-09 
133.0395718 1.529479e-09 
134.3975294 1.542556e-09 
135.7549404 6.47039e-10 
135.7551977 8.087746e-11 
138.4702727 2.705445e-10 
137.1126234 1.275776e-10 
138.4705533 8.496192e-10 
137.1129013 6.835635e-10 
139.8282348 1.99063e-09 
139.8284776 7.731299e-10 
142.543556 1.266175e-09 
141.185892 2.245926e-09 
142.5438185 2.821395e-09 
141.186122 1.120395e-09 
143.9012046 2.100068e-09 
143.9014687 3.671008e-09 
146.6167731 4.884923e-10 
145.2591418 1.685696e-09 
146.6170041 2.241466e-09 
145.2593518 7.2304e-10 
147.9744213 9.473833e-10 
147.9746828 2.525292e-09 
149.3320654 2.398019e-09 
150.6899655 1.818548e-09 
149.3322998 3.000252e-09 
150.6901705 9.605021e-11 
152.0475908 3.857954e-10 
152.0478045 1.419949e-09 
154.762865 2.558091e-09 
153.4052504 1.126782e-09 
154.7631014 2.68352e-09 
153.4054689 4.533145e-09 
156.1207406 4.93025e-10 
156.1209299 4.529293e-10 
158.8359743 6.275044e-10 
157.4783423 4.328465e-11 
158.8362023 8.057109e-10 
157.4785654 1.517237e-09 
160.1935724 8.665591e-10 
160.1938076 1.847982e-09 
162.9090403 1.540729e-09 
161.5514339 1.913401e-09 
162.9092294 2.887032e-09 
161.5516352 5.607329e-10 
164.2666263 3.545952e-09 
164.2668789 4.511608e-09 
165.6242001 5.325272e-09 
166.982059 9.868603e-10 
165.6244579 1.837885e-09 
166.9822837 6.678812e-10 
168.3396285 2.150831e-10 
168.3398561 1.39012e-09 
171.0547867 2.375022e-09 
169.6972246 8.586524e-10 
171.0550217 2.444443e-09 
169.697455 2.340717e-09 
172.4126223 2.074558e-09 
172.4128085 1.804195e-09 
175.1277646 8.94013e-10 
173.7701862 8.978825e-10 
175.1279692 2.150333e-09 
173.7703846 3.847214e-09 
176.4852843 2.257986e-09 
176.4855283 1.387419e-09 
179.2006478 2.727057e-09 
177.8430928 2.134622e-09 
179.2008446 1.8798e-09 
177.8433138 9.879157e-10 
180.5581948 3.611934e-09 
180.5584176 2.656973e-09 
181.9157175 1.893328e-09 
183.2735094 1.654144e-09 
181.9159527 3.294616e-09 
183.2737393 5.203395e-10 
184.6310274 7.237186e-10 
184.6312734 1.995661e-11 
187.3460407 5.760624e-10 
185.9885509 7.54959e-11 
187.3463336 9.096015e-10 
185.9888216 2.381003e-10 
188.7038676 2.687254e-09 
188.7040948 4.214161e-09 
191.4188672 1.065757e-09 
190.061364 2.192345e-09 
191.4191508 6.161108e-10 
190.0616127 7.746059e-10 
192.7763349 9.005967e-10 
192.7766571 1.191818e-09 
195.4916321 2.860356e-09 
194.1341605 1.227821e-09 
195.4919201 1.983912e-09 
194.1344242 2.452269e-09 
196.8491107 3.629001e-09 
196.8494294 6.143492e-10 
198.206576 1.27187e-09 
199.5643939 2.654253e-09 
198.2068962 5.560845e-10 
199.5646944 2.266304e-09 
200.9218534 2.707173e-09 
200.9221729 1.029307e-09 
203.6367451 4.732994e-10 
202.2793191 1.252132e-09 
203.6371214 2.092011e-10 
202.2796659 8.507246e-11 
204.994585 4.353707e-10 
204.9949482 8.094827e-10 
206.3519778 1.231223e-09 
206.3523723 1.845923e-09 
109.9574238 2.338499e-09 
109.9577347 9.640915e-10 
112.6728195 1.724575e-09 
112.673152 1.074547e-09 
115.3885752 2.322693e-10 
115.3888401 4.612912e-10 
118.1039575 1.237309e-09 
118.1042689 9.595304e-10 
120.8196729 1.651136e-09 
120.8199354 2.666004e-09 
123.5350658 3.314994e-09 
123.5353458 1.476173e-09 
126.2507493 2.109018e-09 
126.2510073 2.815253e-09 
128.966119 1.824824e-09 
128.9664004 6.088982e-10 
131.6817662 2.018867e-09 
131.6820402 3.815144e-09 
134.3971484 1.369153e-09 
134.3974052 2.004606e-10 
137.1127683 9.941395e-10 
137.113014 3.845273e-10 
139.8280938 4.893082e-10 
139.8283663 9.925713e-10 
142.543694 3.378185e-09 
142.5439191 2.126954e-10 
145.2590016 1.376681e-09 
145.2592599 3.618691e-09 
147.9745566 7.860955e-10 
147.9747786 5.468553e-10 
150.6898483 6.880183e-10 
150.6900738 3.39374e-09 
153.4053641 1.750793e-09 
153.4055505 2.457159e-10 
156.1206241 1.779289e-09 
156.1208465 3.569019e-09 
158.8360887 1.221529e-09 
158.8362926 3.317366e-10 
161.5513153 1.943748e-10 
161.5515403 1.154698e-09 
164.2667658 1.2861e-09 
164.2669656 1.214859e-09 
166.9819204 3.859779e-09 
166.9821844 3.739038e-09 
169.6973431 5.270415e-10 
169.6975547 3.839816e-10 
172.4125132 3.093547e-09 
172.4127165 4.51225e-09 
175.1278747 7.663938e-10 
175.1280672 7.056682e-10 
177.8429808 8.203738e-10 
177.8432019 6.997366e-10 
180.5583036 2.861235e-09 
180.5585358 2.444564e-09 
183.2733767 1.136575e-09 
183.2736363 2.800391e-09 
185.9886934 1.579839e-09 
185.9889321 1.17675e-09 
188.7037126 1.593564e-09 
188.703991 5.933785e-10 
191.4190305 2.757579e-09 
191.4192558 1.753511e-09 
194.133985 3.301527e-09 
194.13431 1.026257e-09 
196.8492739 1.72055e-09 
196.8495735 2.319101e-09 
199.5642259 1.770667e-09 
199.5645466 2.517472e-11 
202.2795027 1.637794e-09 
202.2798167 2.458147e-09 
204.994392 1.137376e-09 
204.9947766 6.79422e-10 
