# c_kinat vs. Position.Y (3040 data points):
# Position.Y c_kinat
1.3479729 4.522661e-10 
-0.0097796 4.81997e-10 
-0.0093976 3.040535e-10 
1.3483624 3.10831e-10 
2.7056877 8.836889e-11 
2.7060841 2.479013e-10 
4.063025 5.498585e-10 
5.4207704 1.43227e-09 
4.0634689 2.055984e-10 
5.4211881 1.201526e-09 
6.7785638 3.745429e-10 
6.7789588 1.290212e-09 
9.4937093 1.870715e-09 
8.1362926 3.65586e-10 
9.4940634 7.301332e-10 
8.136687 4.352417e-10 
10.8514259 1.108867e-09 
10.8517951 5.210644e-10 
12.2091885 1.651619e-10 
13.5669161 1.49625e-10 
12.2095844 8.215844e-10 
13.5673161 5.902083e-10 
14.9243179 1.469613e-09 
14.924701 1.180471e-09 
16.2820436 1.308906e-09 
17.6398228 3.647678e-10 
16.2824273 2.618893e-09 
17.6401978 1.432006e-09 
18.9975446 1.690977e-09 
18.9979346 3.627729e-10 
20.3549437 1.312019e-09 
21.7126661 2.424352e-10 
20.3553155 2.390354e-09 
21.7130545 1.596214e-09 
23.0704409 3.209303e-10 
24.4281807 6.019912e-10 
23.070835 1.710719e-09 
24.428555 6.78266e-10 
25.7855547 2.608888e-09 
25.7859601 3.616449e-09 
27.1432965 9.472603e-10 
28.5010777 1.611454e-10 
27.1436784 4.624214e-09 
28.5014494 1.715985e-09 
29.8588011 1.125585e-09 
29.8591816 7.418998e-10 
31.2161711 2.221242e-09 
32.573902 1.630667e-09 
31.2165816 1.310523e-09 
32.5743189 2.342843e-09 
33.9316935 7.917356e-10 
33.9320896 3.113891e-09 
36.6467884 2.718836e-09 
35.2894388 2.533907e-10 
36.6472173 1.0786e-09 
35.2898118 1.522266e-09 
38.0045367 1.470934e-09 
38.0049479 9.678564e-10 
39.3623209 5.930092e-10 
40.7200617 4.632701e-10 
39.3627299 5.477282e-10 
40.7204591 5.316627e-10 
42.0774219 2.094727e-10 
42.0778532 3.231931e-10 
43.4351684 7.596797e-10 
44.792965 8.053066e-10 
43.4355874 1.538248e-10 
44.7933607 2.348005e-10 
46.150703 1.15664e-10 
46.1510897 1.930434e-10 
47.5080892 1.816641e-10 
48.86583 1.446275e-10 
47.508481 1.655464e-10 
48.866217 2.732645e-10 
50.2236123 5.360635e-10 
50.223998 1.852325e-10 
52.9387556 5.74664e-10 
51.5813521 4.788254e-10 
52.9391332 6.976039e-11 
51.5817322 3.210547e-10 
54.2965018 9.012098e-10 
54.2968662 6.194142e-10 
55.6542846 3.822113e-10 
57.0120161 4.562012e-10 
55.6546492 1.134023e-09 
57.012385 8.621206e-10 
58.3694359 1.880189e-09 
58.3697974 1.180912e-09 
59.7271713 1.888294e-09 
61.0849563 5.458625e-10 
59.727533 2.555731e-09 
61.0853157 2.679421e-09 
62.4426925 4.042976e-10 
62.4430559 1.252882e-09 
63.8001115 4.291876e-09 
65.157853 2.028997e-09 
63.8004758 2.513412e-09 
65.1582169 4.202834e-09 
66.5156391 4.199371e-10 
66.5160005 3.856276e-09 
69.2308019 4.10214e-09 
67.8733826 6.226219e-10 
69.2311697 3.01747e-09 
67.8737314 1.386202e-09 
70.5885472 1.980311e-09 
70.5889054 4.111869e-09 
71.9463377 1.963234e-10 
73.3040774 8.4731e-10 
71.9466879 2.316725e-09 
73.3044165 8.442682e-10 
74.6615096 2.354857e-09 
74.6618668 1.665227e-09 
76.0192491 1.081458e-09 
77.3770434 1.630017e-10 
76.0196034 2.223473e-09 
77.3773766 1.503254e-09 
78.7347854 5.159158e-10 
78.7351008 3.277053e-10 
80.0922244 8.144186e-10 
81.449968 6.361544e-10 
80.0925688 8.433314e-10 
81.4503015 3.772574e-10 
82.8077535 4.686799e-10 
82.8080776 2.708947e-10 
85.5229481 3.779264e-11 
84.165493 1.365041e-10 
85.5232762 1.519354e-10 
84.165794 3.009168e-10 
86.8806843 5.982573e-11 
86.8810023 1.323783e-10 
88.2384706 5.622332e-10 
89.5961979 3.198213e-10 
88.2387723 5.526648e-10 
89.5964936 6.024171e-10 
90.9536821 9.040243e-10 
90.9539756 2.370219e-10 
92.3114064 9.680679e-10 
93.6691827 5.657709e-10 
92.3117014 9.05249e-10 
93.6694702 1.279367e-09 
95.0269087 4.640437e-10 
95.0271854 2.16498e-09 
96.3844137 1.678357e-09 
97.7421389 3.009024e-09 
96.3846801 2.130338e-10 
97.7423987 9.586941e-10 
99.0999055 2.952932e-09 
99.1001671 2.654733e-09 
101.8151543 2.328328e-09 
100.4576246 1.335236e-09 
101.8153917 1.267141e-10 
100.457877 3.221066e-09 
103.172868 4.283699e-09 
103.1731045 5.428239e-10 
104.5306386 4.324056e-09 
105.8883476 2.175632e-09 
104.5308586 2.451989e-09 
105.8885629 3.947435e-09 
107.2458874 1.504034e-09 
107.2461063 2.475818e-10 
1.347775 2.192283e-10 
-0.0095853 8.109151e-10 
1.3481679 1.441665e-10 
-0.0092061 3.038018e-10 
2.7054749 2.046781e-10 
2.7058878 2.585449e-10 
4.0632584 2.756413e-10 
5.4209899 2.912863e-11 
4.0636646 7.795087e-10 
5.4213831 9.138673e-10 
6.7783774 2.197753e-09 
6.7787649 6.869938e-10 
8.1361105 7.665085e-10 
9.4938786 3.667866e-10 
8.1364847 1.394447e-09 
9.4942648 7.708641e-10 
10.8515992 1.006234e-10 
10.8520035 2.352019e-10 
12.2090132 1.522176e-09 
13.5667292 1.412797e-09 
12.2093805 4.835215e-10 
13.5671162 1.098236e-09 
14.9245068 6.276146e-10 
14.9248946 1.290246e-09 
17.6396348 2.113082e-09 
16.2822344 6.435192e-10 
17.6400072 2.036676e-09 
16.2826215 5.357154e-10 
18.9973584 2.480633e-10 
18.9977356 2.696654e-09 
20.3551282 3.620914e-10 
21.7128587 1.211614e-09 
20.3555145 1.21078e-09 
21.7132503 8.095892e-11 
23.070244 1.471038e-09 
24.4279801 8.946592e-10 
23.0706397 2.195954e-09 
24.4283715 3.003624e-09 
25.7857648 2.402309e-11 
25.7861417 2.860929e-09 
28.5008693 2.576257e-09 
27.1434952 1.683339e-09 
28.5012682 3.250275e-09 
27.1438611 4.238882e-10 
29.8586008 9.628426e-10 
29.8589935 2.882057e-09 
31.2163818 1.344831e-10 
32.5741182 1.956044e-10 
31.2167701 2.042721e-09 
32.5744999 1.442383e-09 
33.9314731 3.047404e-09 
33.9319027 1.211307e-09 
35.2892184 2.214656e-09 
36.6470097 8.159876e-10 
35.2896359 2.322979e-09 
36.6474065 1.90138e-09 
38.0047502 1.153777e-10 
38.0051332 7.999685e-10 
39.3621049 9.742477e-10 
40.7198483 8.826819e-10 
39.3625322 2.329535e-10 
40.7202685 3.939802e-10 
42.0776381 8.9177e-10 
42.0780513 2.386983e-10 
44.7927513 1.822415e-10 
43.4353822 7.374046e-10 
44.7931696 1.062544e-10 
43.4357758 5.063168e-10 
46.1504988 3.842536e-10 
46.1509002 8.522075e-11 
47.5082881 3.35589e-10 
48.8660236 2.939177e-10 
47.5086742 2.38169e-10 
48.8664105 6.02415e-11 
50.2234215 1.481242e-10 
50.2238022 1.931854e-10 
51.5811628 4.020514e-10 
52.9389457 6.033164e-10 
51.5815412 4.469349e-11 
52.9393239 7.360383e-10 
54.2966849 2.948567e-10 
54.2970548 6.860405e-10 
55.654096 1.314814e-09 
57.011839 1.332789e-09 
55.6544648 7.743175e-10 
57.012195 1.472056e-09 
58.3696208 5.481813e-10 
58.3699791 1.343185e-09 
61.0847731 2.866686e-09 
59.7273507 3.839931e-10 
61.0851339 1.458784e-09 
59.7277204 1.253122e-09 
62.4425085 1.988975e-09 
62.4428747 3.742024e-09 
63.800296 3.399139e-10 
65.1580377 7.502431e-10 
63.8006559 3.637658e-09 
65.1583917 1.198728e-09 
66.5154553 4.614377e-09 
66.5158209 3.07784e-09 
67.8732005 2.279076e-09 
69.2309864 1.702133e-10 
67.8735594 4.098157e-09 
69.2313449 3.215144e-09 
70.5887281 5.729335e-10 
70.5890736 1.007623e-09 
71.9461539 2.734196e-09 
73.3038955 1.493367e-09 
71.9465185 2.492148e-09 
73.3042537 3.307654e-09 
74.6616906 4.505115e-10 
74.6620301 2.074334e-09 
77.3768673 1.937856e-09 
76.0194301 6.976839e-10 
77.3772161 1.345354e-09 
76.0197583 6.451065e-10 
78.7346074 4.306157e-10 
78.7349524 1.055348e-09 
80.092397 3.218573e-10 
81.4501399 3.160338e-10 
80.0927267 6.49222e-10 
81.4504455 5.181918e-10 
82.8075842 3.96892e-10 
82.8079232 3.186261e-10 
84.1653271 4.106928e-10 
85.5231124 2.340186e-10 
84.1656512 3.413867e-10 
85.5234256 7.14391e-11 
86.880845 3.300064e-10 
86.8811442 1.428542e-10 
88.2383155 3.960391e-10 
89.5960433 5.851991e-10 
88.2386263 1.312854e-10 
89.5963527 4.201168e-10 
90.9538269 4.909092e-10 
90.9541202 9.982793e-10 
93.6690475 7.828946e-10 
92.3115527 2.228777e-10 
93.6693266 2.526311e-10 
92.3118402 1.060967e-09 
95.0267731 2.048359e-09 
95.0270493 9.845824e-10 
96.3845418 1.70116e-09 
97.7422661 8.237526e-10 
96.3848201 2.083673e-09 
97.7425309 2.867287e-09 
99.0997832 2.11555e-09 
99.1000355 1.445497e-10 
100.4575033 3.080588e-09 
101.8152725 4.079478e-09 
100.4577513 5.687609e-10 
101.8155126 2.644725e-09 
103.1729857 2.016647e-09 
103.1732216 3.823926e-09 
104.5305228 2.110615e-09 
105.8882355 4.376785e-09 
104.5307493 2.319159e-10 
105.8884563 4.640858e-10 
107.2460016 3.131877e-09 
107.2462065 1.768836e-09 
-0.0097798 4.859919e-10 
-0.0093977 2.853773e-10 
2.7056876 8.15646e-11 
2.7060844 2.382963e-10 
5.4207703 1.380917e-09 
5.421188 1.188632e-09 
8.136292 4.035169e-10 
8.1366869 4.076792e-10 
10.8514254 1.051419e-09 
10.851795 5.159851e-10 
13.5669158 1.391546e-10 
13.5673161 5.712707e-10 
16.2820435 1.228625e-09 
16.2824275 2.667794e-09 
18.9975449 1.773544e-09 
18.9979343 3.48135e-10 
21.7126665 2.524309e-10 
21.7130547 1.657345e-09 
24.4281815 6.392581e-10 
24.4285547 6.987888e-10 
27.1432975 9.924632e-10 
27.1436784 4.782061e-09 
29.858802 1.137234e-09 
29.8591814 7.232582e-10 
32.5739028 1.680745e-09 
32.574319 2.340346e-09 
35.2894393 2.607268e-10 
35.289812 1.540415e-09 
38.0045366 1.479502e-09 
38.0049485 8.801894e-10 
40.7200617 5.212007e-10 
40.7204595 5.339115e-10 
43.4351675 7.362976e-10 
43.4355882 1.294495e-10 
46.1507028 1.572827e-10 
46.1510901 1.709637e-10 
48.8658292 1.357887e-10 
48.8662174 2.733645e-10 
51.5813519 5.209517e-10 
51.5817323 2.962991e-10 
54.2965018 9.039106e-10 
54.2968658 5.422326e-10 
57.0120159 4.673958e-10 
57.0123848 8.105981e-10 
59.7271719 1.852907e-09 
59.7275321 2.401804e-09 
62.4426922 4.000096e-10 
62.4430556 1.18919e-09 
65.1578534 1.876776e-09 
65.1582161 4.056277e-09 
67.8733822 6.22234e-10 
67.8737311 1.323589e-09 
70.5885471 1.848937e-09 
70.5889049 4.073459e-09 
73.3040771 8.895007e-10 
73.3044161 8.614727e-10 
76.0192487 1.092822e-09 
76.0196032 2.328403e-09 
78.7347853 5.507754e-10 
78.7351005 3.362115e-10 
81.4499679 6.241575e-10 
81.4503014 4.384026e-10 
84.165493 1.390398e-10 
84.1657938 2.981942e-10 
86.8806846 5.412931e-11 
86.8810022 1.037519e-10 
89.5961982 3.053827e-10 
89.5964935 5.601504e-10 
92.311407 9.1023e-10 
92.3117015 8.039994e-10 
95.0269091 5.072366e-10 
95.0271854 2.060775e-09 
97.7421394 2.923444e-09 
97.7423991 8.670894e-10 
100.4576252 1.321567e-09 
100.457877 3.060896e-09 
103.1728683 4.08975e-09 
103.1731049 5.073903e-10 
105.8883482 2.103714e-09 
105.8885628 3.779507e-09 
1.3479724 4.391657e-10 
-0.0095857 7.74549e-10 
1.3483628 3.131091e-10 
-0.0092057 3.156292e-10 
2.7054745 1.93857e-10 
2.705888 2.496779e-10 
4.063025 5.250372e-10 
5.4209896 2.607216e-11 
4.0634687 1.945299e-10 
5.421383 8.696185e-10 
6.7785632 3.404479e-10 
6.7789586 1.236673e-09 
9.493709 1.744312e-09 
8.13611 6.876396e-10 
8.1364845 1.346465e-09 
9.4940629 7.36056e-10 
10.851599 1.066128e-10 
10.8520034 2.250191e-10 
12.209188 1.394939e-10 
13.566729 1.299077e-09 
13.5671164 1.079932e-09 
12.2095845 8.062829e-10 
14.9243178 1.391737e-09 
14.9247011 1.203102e-09 
17.6398228 3.486876e-10 
16.2822348 6.745587e-10 
17.6401978 1.426329e-09 
16.2826211 5.021748e-10 
18.9973586 2.1476e-10 
18.9977357 2.696422e-09 
20.3549436 1.287494e-09 
21.7128594 1.261144e-09 
20.3553159 2.472943e-09 
21.71325 7.814691e-11 
24.427981 9.418426e-10 
23.0704415 3.594915e-10 
24.4283716 3.082508e-09 
23.070835 1.7554e-09 
25.7855549 2.732946e-09 
25.7859604 3.715159e-09 
28.5010785 1.415084e-10 
27.1434958 1.709987e-09 
28.5014494 1.727232e-09 
27.143861 4.172589e-10 
29.8586017 9.845713e-10 
29.8589935 2.873226e-09 
31.2161714 2.262633e-09 
32.5741186 1.755637e-10 
31.2165817 1.297361e-09 
32.5745001 1.429779e-09 
33.9316939 8.147849e-10 
33.93209 3.048857e-09 
36.6467883 2.687688e-09 
35.2892188 2.241397e-09 
35.2896362 2.20775e-09 
36.6472175 1.018263e-09 
38.0047504 1.289798e-10 
38.0051335 8.086847e-10 
40.7198477 8.656855e-10 
39.3623205 6.423193e-10 
40.7202691 3.533714e-10 
39.3627306 4.934605e-10 
42.0774211 1.738421e-10 
42.0778536 3.683768e-10 
44.7929642 8.625857e-10 
43.4353822 8.479746e-10 
44.7933613 2.04177e-10 
43.435776 4.856994e-10 
46.1504976 3.761882e-10 
46.1509007 6.372838e-11 
47.5080883 1.642021e-10 
48.8660232 2.985976e-10 
47.5084814 1.906238e-10 
48.8664106 6.373776e-11 
50.2236117 5.507536e-10 
50.2239982 1.598608e-10 
52.9387554 5.300672e-10 
51.5811621 4.04903e-10 
52.939133 5.302941e-11 
51.581541 3.113832e-11 
54.2966841 2.915271e-10 
54.2970549 6.290335e-10 
57.011839 1.343157e-09 
55.6542846 4.043354e-10 
57.0121942 1.393934e-09 
55.6546487 1.037111e-09 
58.3694368 1.716807e-09 
58.3697967 1.14593e-09 
61.0849567 5.922681e-10 
59.7273499 4.206983e-10 
61.0853149 2.550613e-09 
59.7277203 1.238779e-09 
62.442509 1.955514e-09 
62.4428736 3.680243e-09 
63.8001128 4.087725e-09 
65.1580371 7.573072e-10 
63.800475 2.449087e-09 
65.1583915 1.170781e-09 
66.5156395 3.590291e-10 
66.5159997 3.770907e-09 
69.2308027 3.920088e-09 
67.8732008 2.103993e-09 
69.2311692 3.030745e-09 
67.8735587 4.106696e-09 
70.5887279 6.178889e-10 
70.5890733 1.009022e-09 
73.3038954 1.432322e-09 
71.9463377 1.922016e-10 
73.3042535 3.41301e-09 
71.9466875 2.343213e-09 
74.6615098 2.373895e-09 
74.6618668 1.751815e-09 
77.3770433 1.5905e-10 
76.0194302 7.67197e-10 
77.3773763 1.590493e-09 
76.019758 6.644973e-10 
78.7346071 4.250424e-10 
78.7349526 1.158494e-09 
80.0922244 8.679411e-10 
81.4501402 3.59858e-10 
80.0925689 9.332236e-10 
81.4504453 5.364824e-10 
82.8077535 4.754196e-10 
82.8080774 2.97558e-10 
85.5229482 3.962548e-11 
84.1653272 4.452773e-10 
85.5232762 1.499127e-10 
84.1656515 3.547651e-10 
86.8808454 3.086576e-10 
86.8811442 1.434522e-10 
89.5960438 5.358881e-10 
88.2384706 5.239844e-10 
89.596353 3.756643e-10 
88.2387723 5.034981e-10 
90.9536823 8.227568e-10 
90.9539755 2.143217e-10 
93.6691828 5.738625e-10 
92.3115532 2.457874e-10 
93.6694704 1.193369e-09 
92.3118403 1.031151e-09 
95.0267738 2.052548e-09 
95.0270497 9.268345e-10 
96.3844138 1.619162e-09 
97.7422667 8.351101e-10 
96.3846802 2.110521e-10 
97.7425309 2.813422e-09 
99.0999057 2.888117e-09 
99.1001674 2.543375e-09 
101.8151541 2.217657e-09 
100.4575039 2.987531e-09 
101.815392 1.190766e-10 
100.4577517 5.517162e-10 
103.1729865 1.895508e-09 
103.1732214 3.713566e-09 
105.8882358 4.213833e-09 
104.5306388 4.122383e-09 
105.8884567 4.908122e-10 
104.5308589 2.374226e-09 
107.2458869 1.418262e-09 
107.2461066 2.297126e-10 
1.3477744 2.10283e-10 
1.348168 1.286943e-10 
4.0632581 2.633165e-10 
4.0636647 7.581896e-10 
6.7783772 2.054329e-09 
6.7787646 6.619457e-10 
9.4938782 3.515509e-10 
9.494265 7.380892e-10 
12.2090128 1.435627e-09 
12.2093808 4.814133e-10 
14.9245069 5.834049e-10 
14.9248946 1.265182e-09 
17.6396345 2.011995e-09 
17.6400076 2.071783e-09 
20.3551286 3.836176e-10 
20.3555146 1.160987e-09 
23.0702441 1.527828e-09 
23.07064 2.232663e-09 
25.7857652 2.82275e-11 
25.7861419 2.836521e-09 
28.5008699 2.602558e-09 
28.5012681 3.204893e-09 
31.216382 1.354164e-10 
31.2167703 1.993031e-09 
33.9314735 2.982924e-09 
33.9319025 1.148616e-09 
36.6470097 8.581027e-10 
36.6474067 1.823744e-09 
39.3621046 8.693721e-10 
39.3625324 2.048484e-10 
42.0776379 9.614701e-10 
42.0780515 2.045866e-10 
44.7927504 1.789661e-10 
44.7931701 1.430899e-10 
47.5082879 3.525057e-10 
47.5086742 2.356016e-10 
50.2234212 1.540855e-10 
50.2238024 1.786159e-10 
52.9389455 5.659514e-10 
52.9393236 6.760948e-10 
55.6540967 1.239674e-09 
55.6544643 8.052096e-10 
58.3696209 6.348821e-10 
58.3699785 1.30213e-09 
61.0847745 2.781845e-09 
61.085133 1.46187e-09 
63.8002964 3.328305e-10 
63.8006553 3.6412e-09 
66.5154564 4.481868e-09 
66.5158204 3.115477e-09 
69.2309867 1.39876e-10 
69.2313445 3.277758e-09 
71.946154 2.707427e-09 
71.9465185 2.601148e-09 
74.6616907 4.430173e-10 
74.6620301 2.133259e-09 
77.3768666 1.944388e-09 
77.3772165 1.443645e-09 
80.0923969 3.466873e-10 
80.0927268 6.913458e-10 
82.8075835 4.372775e-10 
82.8079235 3.708232e-10 
85.5231122 2.521029e-10 
85.5234259 6.731651e-11 
88.2383153 3.531129e-10 
88.2386264 1.172439e-10 
90.9538267 4.483939e-10 
90.9541206 9.81403e-10 
93.6690476 7.67476e-10 
93.6693266 2.710712e-10 
96.3845418 1.729955e-09 
96.3848204 2.082526e-09 
99.0997833 2.147041e-09 
99.1000356 1.29348e-10 
101.8152727 3.922167e-09 
101.8155127 2.653875e-09 
104.5305226 2.101373e-09 
104.5307495 1.987584e-10 
107.2460017 3.001949e-09 
107.2462065 1.809168e-09 
1.3479723 4.105663e-10 
-0.0097804 4.661333e-10 
-0.0093976 2.709248e-10 
1.348363 3.127015e-10 
2.7056875 7.871348e-11 
2.7060845 2.324442e-10 
4.0630248 4.884167e-10 
5.42077 1.309572e-09 
4.0634687 1.97459e-10 
5.4211878 1.15432e-09 
6.778563 3.368631e-10 
6.7789588 1.201675e-09 
9.4937085 1.650851e-09 
8.1362918 3.894306e-10 
9.4940633 6.940988e-10 
8.1366869 3.837118e-10 
10.8514251 9.948751e-10 
10.8517952 4.900524e-10 
12.2091883 1.355235e-10 
13.5669163 1.359748e-10 
12.2095846 7.936642e-10 
13.5673157 5.552299e-10 
14.9243174 1.316591e-09 
14.9247016 1.195066e-09 
16.2820437 1.142855e-09 
17.6398232 3.284284e-10 
16.2824275 2.618234e-09 
17.6401978 1.341874e-09 
18.9975454 1.804641e-09 
18.9979339 3.261294e-10 
20.3549434 1.263839e-09 
21.712667 2.663406e-10 
20.3553162 2.431159e-09 
21.7130547 1.623988e-09 
23.0704416 3.75873e-10 
24.4281818 6.628113e-10 
23.0708352 1.682183e-09 
24.4285547 6.863842e-10 
25.7855554 2.752214e-09 
25.7859602 3.649968e-09 
27.1432981 1.005828e-09 
28.5010781 1.406811e-10 
27.1436784 4.722504e-09 
28.5014497 1.64966e-09 
29.8588018 1.09136e-09 
29.8591818 7.01741e-10 
31.216172 2.174178e-09 
32.5739031 1.693147e-09 
31.2165813 1.214823e-09 
32.5743191 2.258636e-09 
33.9316937 8.42424e-10 
33.9320901 2.991565e-09 
36.6467885 2.536061e-09 
35.2894393 2.582222e-10 
36.6472174 9.455856e-10 
35.2898123 1.538636e-09 
38.0045364 1.455117e-09 
38.0049486 7.865207e-10 
39.3623208 6.619039e-10 
40.7200619 5.984159e-10 
39.3627303 4.664363e-10 
40.7204595 5.174172e-10 
42.0774207 1.407389e-10 
42.0778539 3.749616e-10 
43.4351667 7.460945e-10 
44.7929646 9.140872e-10 
43.4355883 1.11506e-10 
44.7933608 2.052176e-10 
46.1507028 1.975129e-10 
46.15109 1.850083e-10 
47.508088 1.965991e-10 
48.8658283 1.421048e-10 
47.5084816 1.767999e-10 
48.8662173 2.731176e-10 
50.2236119 4.913829e-10 
50.2239977 1.441929e-10 
52.9387559 5.263744e-10 
51.5813512 4.532586e-10 
52.9391329 7.256755e-11 
51.5817323 2.611055e-10 
54.2965012 8.965825e-10 
54.2968654 5.291492e-10 
55.6542845 4.168663e-10 
57.0120147 5.140989e-10 
55.6546485 1.032905e-09 
57.0123849 8.180885e-10 
58.3694379 1.736051e-09 
58.3697962 1.225849e-09 
59.7271719 1.931681e-09 
61.0849567 6.615467e-10 
59.7275314 2.430346e-09 
61.0853148 2.641218e-09 
62.4426913 4.235702e-10 
62.4430557 1.208368e-09 
63.8001137 4.109285e-09 
65.1578538 1.806535e-09 
63.8004746 2.516826e-09 
65.1582154 4.146492e-09 
66.5156397 3.395501e-10 
66.5159997 3.920334e-09 
69.2308028 3.949016e-09 
67.8733819 6.60034e-10 
69.2311693 3.154498e-09 
67.873731 1.359602e-09 
70.5885473 1.775741e-09 
70.5889046 4.212582e-09 
71.946338 1.825943e-10 
73.3040773 9.532298e-10 
71.9466876 2.421403e-09 
73.3044159 8.715398e-10 
74.6615091 2.35841e-09 
74.6618673 1.83606e-09 
76.0192486 1.036195e-09 
77.3770434 1.587805e-10 
76.0196034 2.41886e-09 
77.3773766 1.59155e-09 
78.7347858 6.140131e-10 
78.7351004 3.510134e-10 
80.0922232 8.578793e-10 
81.4499677 6.778533e-10 
80.0925695 9.846048e-10 
81.4503019 4.73162e-10 
82.8077533 5.489708e-10 
82.808078 3.001818e-10 
85.5229474 5.400189e-11 
84.1654936 1.563907e-10 
85.5232765 1.543968e-10 
84.1657938 3.336163e-10 
86.8806847 5.311276e-11 
86.8810028 9.383903e-11 
88.2384703 4.964103e-10 
89.5961986 2.911232e-10 
88.2387729 5.224675e-10 
89.5964936 5.640107e-10 
90.9536821 8.094639e-10 
90.9539756 2.437185e-10 
92.3114074 9.145333e-10 
93.6691825 5.924075e-10 
92.311702 8.111703e-10 
93.6694709 1.269707e-09 
95.0269096 5.392513e-10 
95.0271855 2.114723e-09 
96.384414 1.728282e-09 
97.74214 2.979061e-09 
96.3846802 2.220727e-10 
97.7423994 8.854394e-10 
99.0999057 2.862392e-09 
99.1001675 2.652281e-09 
101.8151543 2.337646e-09 
100.4576258 1.237418e-09 
101.815392 8.501651e-11 
100.4578769 3.070295e-09 
103.1728688 4.032029e-09 
103.1731052 5.610624e-10 
104.5306389 4.026109e-09 
105.8883489 1.961756e-09 
104.5308587 2.498479e-09 
105.8885626 3.804126e-09 
107.2458869 1.479215e-09 
107.2461066 1.943346e-10 
-0.0095859 7.33866e-10 
-0.0092054 3.123214e-10 
2.7054742 1.88283e-10 
2.705888 2.540469e-10 
5.4209894 3.096456e-11 
5.421383 8.529199e-10 
8.1361097 6.735758e-10 
8.1364846 1.29614e-09 
10.8515995 9.431067e-11 
10.8520033 2.258075e-10 
13.5667292 1.261192e-09 
13.5671164 1.052299e-09 
16.2822353 6.637394e-10 
16.2826207 4.743506e-10 
18.9973589 2.015954e-10 
18.9977357 2.591981e-09 
21.7128594 1.2558e-09 
21.71325 7.700107e-11 
24.4279812 9.372313e-10 
24.4283715 2.975312e-09 
27.1434951 1.677404e-09 
27.1438614 3.915839e-10 
29.8586016 9.792672e-10 
29.8589936 2.759324e-09 
32.574118 1.579452e-10 
32.5745005 1.424168e-09 
35.2892186 2.214299e-09 
35.2896361 2.131874e-09 
38.0047504 1.287196e-10 
38.0051334 7.885454e-10 
40.7198474 8.440037e-10 
40.7202688 3.380908e-10 
43.4353824 8.938549e-10 
43.4357756 4.851093e-10 
46.1504973 4.208595e-10 
46.1509004 6.195359e-11 
48.866023 2.404377e-10 
48.8664104 8.314098e-11 
51.5811615 3.860287e-10 
51.5815408 3.119233e-11 
54.2966832 2.650959e-10 
54.297055 6.195498e-10 
57.0118386 1.409537e-09 
57.012194 1.476236e-09 
59.7273489 4.678873e-10 
59.7277206 1.295497e-09 
62.4425089 2.015475e-09 
62.4428734 3.837098e-09 
65.1580366 7.843297e-10 
65.1583917 1.238553e-09 
67.8732011 2.122648e-09 
67.8735585 4.298187e-09 
70.5887281 6.563311e-10 
70.5890734 1.055188e-09 
73.3038956 1.386649e-09 
73.3042536 3.508156e-09 
76.0194308 8.072178e-10 
76.019758 6.483059e-10 
78.7346071 4.260177e-10 
78.7349531 1.153593e-09 
81.4501409 3.936904e-10 
81.4504454 5.777689e-10 
84.165327 4.986038e-10 
84.1656521 3.491562e-10 
86.8808458 3.015136e-10 
86.8811443 1.616467e-10 
89.5960438 5.293664e-10 
89.5963535 4.113406e-10 
92.3115534 2.530064e-10 
92.3118404 1.114036e-09 
95.026774 2.151861e-09 
95.0270499 1.008555e-09 
97.7422669 8.073597e-10 
97.7425309 2.928544e-09 
100.4575042 3.05883e-09 
100.4577518 6.212037e-10 
103.1729868 1.790619e-09 
103.1732213 3.831569e-09 
105.8882359 4.285599e-09 
105.8884568 5.719424e-10 
1.3477741 1.973517e-10 
-0.0097806 4.499474e-10 
1.3481682 1.326019e-10 
-0.0093974 2.794806e-10 
2.7056875 8.386306e-11 
2.7060843 2.382004e-10 
4.0632581 2.628663e-10 
5.42077 1.315702e-09 
5.4211878 1.146694e-09 
4.0636647 7.712697e-10 
6.7783768 2.019537e-09 
6.778765 6.32748e-10 
9.4938787 3.44974e-10 
8.1362922 3.439525e-10 
9.4942653 7.28149e-10 
8.136687 3.952938e-10 
10.8514254 1.013688e-09 
10.8517953 4.802557e-10 
12.2090124 1.40569e-09 
13.5669169 1.440105e-10 
12.2093815 4.612767e-10 
13.5673154 5.642538e-10 
14.9245075 5.804433e-10 
14.9248945 1.236284e-09 
17.6396342 1.981967e-09 
16.2820439 1.167769e-09 
16.2824273 2.54038e-09 
17.6400079 1.996535e-09 
18.9975454 1.74047e-09 
18.997934 3.272376e-10 
20.3551287 3.747578e-10 
21.7126669 2.631346e-10 
21.7130546 1.54183e-09 
20.3555147 1.094649e-09 
23.0702443 1.529772e-09 
24.428181 6.387662e-10 
23.0706398 2.154036e-09 
24.428555 6.585648e-10 
25.7857645 2.562111e-11 
25.7861421 2.700223e-09 
28.5008703 2.488488e-09 
27.1432975 9.682415e-10 
27.1436784 4.529712e-09 
28.5012676 3.068483e-09 
29.8588008 1.051451e-09 
29.8591822 7.068196e-10 
32.5739025 1.651185e-09 
31.2163812 1.476352e-10 
32.574319 2.21173e-09 
31.2167705 1.954165e-09 
33.9314739 2.841261e-09 
33.9319021 1.099301e-09 
36.6470097 8.60454e-10 
35.2894388 2.487254e-10 
36.6474063 1.829191e-09 
35.2898122 1.519122e-09 
38.0045363 1.431839e-09 
38.0049481 8.112939e-10 
39.3621048 8.020123e-10 
40.720062 5.825916e-10 
39.3625323 1.795374e-10 
40.720459 5.059701e-10 
42.0776388 9.600727e-10 
42.0780505 2.123556e-10 
44.7927507 2.273318e-10 
43.4351671 7.797677e-10 
44.7931702 1.335498e-10 
43.4355876 1.167328e-10 
46.1507029 1.77563e-10 
46.1510895 2.170995e-10 
48.8658285 1.617363e-10 
47.5082888 3.500525e-10 
48.8662169 2.660825e-10 
47.5086733 2.480321e-10 
50.2234217 1.651228e-10 
50.2238024 1.384957e-10 
52.9389457 4.991128e-10 
51.5813509 3.742306e-10 
52.9393234 6.850322e-10 
51.5817322 2.628875e-10 
54.2965009 8.955156e-10 
54.2968655 5.96227e-10 
55.6540974 1.312361e-09 
57.0120142 5.358353e-10 
55.6544642 9.010703e-10 
57.0123852 8.707648e-10 
58.3696206 6.837702e-10 
58.3699789 1.415211e-09 
61.0847749 2.919701e-09 
59.7271714 2.012854e-09 
61.085133 1.55643e-09 
59.7275317 2.604522e-09 
62.442691 4.418437e-10 
62.443056 1.282165e-09 
65.1578536 1.906335e-09 
63.8002962 3.444891e-10 
65.1582157 4.353763e-09 
63.8006557 3.850628e-09 
66.5154562 4.635782e-09 
66.5158206 3.242135e-09 
69.2309869 1.588746e-10 
67.8733821 6.828507e-10 
69.231345 3.429071e-09 
67.8737313 1.44507e-09 
70.5885476 1.859061e-09 
70.5889049 4.339268e-09 
71.9461533 2.781893e-09 
73.3040778 9.492758e-10 
71.946519 2.676448e-09 
73.3044161 8.61739e-10 
74.6616909 4.160271e-10 
74.6620305 2.11471e-09 
77.3768656 1.870119e-09 
76.0192489 9.941886e-10 
77.3772171 1.444915e-09 
76.0196037 2.367762e-09 
78.7347863 6.151988e-10 
78.7351006 3.532145e-10 
81.4499677 7.286004e-10 
80.0923968 4.058572e-10 
81.4503023 4.293739e-10 
80.0927274 6.482531e-10 
82.8075825 4.429418e-10 
82.807924 3.651726e-10 
85.5231119 2.839219e-10 
84.1654939 1.602191e-10 
85.5234265 8.485881e-11 
84.1657939 3.613538e-10 
86.8806844 6.009282e-11 
86.8810031 1.137807e-10 
88.2383147 3.660466e-10 
89.5961987 2.926207e-10 
88.2386266 1.422064e-10 
89.5964937 6.118586e-10 
90.9538263 4.418561e-10 
90.954121 1.071861e-09 
93.6690475 8.579733e-10 
92.3114071 9.744332e-10 
93.6693266 3.077542e-10 
92.3117021 9.17841e-10 
95.0269094 5.142305e-10 
95.0271855 2.252989e-09 
97.7421399 3.097523e-09 
96.3845415 1.750539e-09 
97.7423993 9.9132e-10 
96.3848205 2.246932e-09 
99.0997835 2.32588e-09 
99.1000354 1.168837e-10 
101.8152727 3.929173e-09 
100.4576256 1.198345e-09 
101.8155125 2.836845e-09 
100.4578769 3.235472e-09 
103.1728687 4.187211e-09 
103.173105 6.332535e-10 
104.5305229 2.285898e-09 
105.8883487 1.943963e-09 
104.5307493 1.677785e-10 
105.8885626 3.987178e-09 
107.2460018 3.039039e-09 
107.2462062 1.949322e-09 
1.3479726 4.058609e-10 
1.3483628 3.102294e-10 
4.0630248 4.896827e-10 
4.0634689 2.105906e-10 
6.7785635 3.691761e-10 
6.7789591 1.233288e-09 
9.4937084 1.716176e-09 
9.4940641 6.63325e-10 
12.2091891 1.587856e-10 
12.2095846 8.019807e-10 
14.9243171 1.347638e-09 
14.9247018 1.168701e-09 
17.6398235 3.305308e-10 
17.6401978 1.296011e-09 
20.3549435 1.271242e-09 
20.355316 2.323532e-09 
23.0704411 3.462426e-10 
23.0708353 1.594234e-09 
25.7855554 2.637935e-09 
25.7859597 3.513138e-09 
28.5010771 1.59376e-10 
28.5014499 1.59212e-09 
31.2161722 2.083225e-09 
31.2165809 1.177022e-09 
33.9316932 8.366872e-10 
33.9320898 3.020457e-09 
36.6467888 2.473944e-09 
36.6472171 9.54377e-10 
39.3623213 6.241144e-10 
39.3627294 5.021034e-10 
42.0774214 1.551195e-10 
42.0778537 3.306331e-10 
44.7929658 8.906805e-10 
44.7933597 2.330765e-10 
47.5080889 2.375229e-10 
47.5084815 1.441575e-10 
50.2236126 4.466573e-10 
50.2239973 1.572617e-10 
52.9387564 5.718777e-10 
52.939133 1.019278e-10 
55.6542844 4.019873e-10 
55.6546489 1.128313e-09 
58.3694377 1.910717e-09 
58.3697966 1.312024e-09 
61.0849562 6.50565e-10 
61.0853156 2.830541e-09 
63.800113 4.324745e-09 
63.8004751 2.62523e-09 
66.5156394 3.842426e-10 
66.5160004 4.102285e-09 
69.230802 4.151887e-09 
69.2311698 3.217337e-09 
71.9463381 1.814808e-10 
71.9466881 2.44432e-09 
74.6615084 2.334785e-09 
74.6618676 1.799205e-09 
77.3770435 1.650646e-10 
77.3773772 1.504577e-09 
80.0922226 8.020675e-10 
80.0925698 9.234645e-10 
82.8077532 5.88356e-10 
82.8080785 2.772642e-10 
85.5229468 6.32707e-11 
85.5232768 1.573076e-10 
88.23847 5.14173e-10 
88.2387732 5.881454e-10 
90.9536817 8.849434e-10 
90.9539757 2.844287e-10 
93.6691823 5.907071e-10 
93.6694709 1.408699e-09 
96.3844139 1.859183e-09 
96.38468 2.317941e-10 
99.0999055 2.906862e-09 
99.1001672 2.836137e-09 
101.8151546 2.527833e-09 
101.8153917 7.148909e-11 
104.5306389 4.164152e-09 
104.5308584 2.657763e-09 
107.2458874 1.609018e-09 
107.2461062 1.892668e-10 
1.3477746 1.982783e-10 
-0.0095856 7.441096e-10 
1.3481682 1.505887e-10 
-0.0092056 2.991043e-10 
2.7054744 1.954393e-10 
2.7058879 2.65515e-10 
4.0632585 2.747102e-10 
5.4209896 3.837819e-11 
4.0636647 8.009202e-10 
5.421383 8.861772e-10 
6.7783768 2.141085e-09 
6.7787655 6.401058e-10 
8.1361101 7.431396e-10 
9.4938795 3.586199e-10 
8.1364849 1.313195e-09 
9.4942653 7.549913e-10 
10.8516001 8.255108e-11 
10.8520032 2.359559e-10 
12.2090126 1.474591e-09 
13.5667295 1.349863e-09 
12.2093816 4.519671e-10 
13.5671162 1.053819e-09 
14.9245077 6.232898e-10 
14.9248945 1.241996e-09 
17.6396342 2.062355e-09 
16.2822352 6.272266e-10 
17.6400077 1.916382e-09 
16.2826209 4.896504e-10 
18.9973588 2.25379e-10 
18.9977355 2.527882e-09 
20.3551285 3.481465e-10 
21.7128589 1.202817e-09 
20.3555147 1.102935e-09 
21.7132503 7.835936e-11 
23.0702443 1.473322e-09 
24.4279804 8.873495e-10 
23.0706393 2.071095e-09 
24.4283714 2.833454e-09 
25.7857637 2.066071e-11 
25.7861422 2.640889e-09 
28.50087 2.396635e-09 
27.1434942 1.631165e-09 
28.5012674 3.029888e-09 
27.1438617 3.822141e-10 
29.8586006 9.566362e-10 
29.8589936 2.699522e-09 
31.2163806 1.542611e-10 
32.5741172 1.650967e-10 
31.2167704 1.979117e-09 
32.5745005 1.433919e-09 
33.9314738 2.817249e-09 
33.931902 1.127617e-09 
35.2892182 2.171185e-09 
36.6470096 8.191615e-10 
35.2896357 2.196905e-09 
36.6474058 1.910255e-09 
38.0047501 1.093655e-10 
38.005133 7.691653e-10 
39.3621052 8.580436e-10 
40.719848 8.471034e-10 
39.3625321 1.930027e-10 
40.7202681 3.658497e-10 
42.0776395 8.904652e-10 
42.0780498 2.519398e-10 
44.7927517 2.60518e-10 
43.4353826 8.105908e-10 
44.7931698 9.714245e-11 
43.4357752 5.070217e-10 
46.1504982 4.602865e-10 
46.1508997 8.126881e-11 
47.5082896 3.316523e-10 
48.8660232 2.012917e-10 
47.5086729 2.593167e-10 
48.8664102 9.029215e-11 
50.2234224 1.706222e-10 
50.2238023 1.309798e-10 
51.581162 3.732897e-10 
52.938946 4.868657e-10 
51.5815407 4.593878e-11 
52.9393236 7.543517e-10 
54.2966834 2.514042e-10 
54.2970551 6.693863e-10 
55.654097 1.436398e-09 
57.0118382 1.432807e-09 
55.6544647 9.295213e-10 
57.0121947 1.608919e-09 
58.3696202 6.182634e-10 
58.3699796 1.531975e-09 
61.0847737 3.095455e-09 
59.7273491 4.590451e-10 
61.0851339 1.613137e-09 
59.7277209 1.346318e-09 
62.4425084 2.080467e-09 
62.4428743 4.000989e-09 
63.8002957 3.591179e-10 
65.158037 7.923873e-10 
63.8006566 3.979375e-09 
65.158392 1.310463e-09 
66.5154551 4.87155e-09 
66.5158212 3.281957e-09 
67.8732009 2.310875e-09 
69.2309867 2.042859e-10 
67.8735591 4.409794e-09 
69.2313456 3.459668e-09 
70.5887285 6.33147e-10 
70.5890737 1.083836e-09 
71.9461528 2.858869e-09 
73.3038959 1.4223e-09 
71.9465192 2.612094e-09 
73.3042539 3.46038e-09 
74.661691 4.065996e-10 
74.6620309 2.04399e-09 
77.3768656 1.818748e-09 
76.0194311 7.597526e-10 
77.3772171 1.348332e-09 
76.0197583 6.201132e-10 
78.7346073 4.333907e-10 
78.7349532 1.047386e-09 
80.0923969 4.139081e-10 
81.4501409 3.677745e-10 
80.0927276 5.823016e-10 
81.4504456 5.863509e-10 
82.8075825 4.078651e-10 
82.807924 3.129874e-10 
84.1653268 4.955265e-10 
85.5231119 2.810284e-10 
84.1656521 3.361277e-10 
85.5234266 1.046096e-10 
86.8808457 3.154344e-10 
86.8811444 1.733081e-10 
88.2383145 4.199506e-10 
89.5960433 5.72256e-10 
88.2386266 1.752076e-10 
89.5963534 4.840219e-10 
90.9538263 4.769271e-10 
90.9541208 1.14913e-09 
93.6690473 9.319009e-10 
92.311553 2.320763e-10 
93.6693265 3.135316e-10 
92.3118404 1.196317e-09 
95.0267735 2.207746e-09 
95.0270496 1.122485e-09 
96.3845414 1.732048e-09 
97.7422663 7.756542e-10 
96.3848202 2.353829e-09 
97.742531 3.055853e-09 
99.0997835 2.407301e-09 
99.1000352 1.227114e-10 
100.4575038 3.195972e-09 
101.8152725 4.089856e-09 
100.4577514 6.834947e-10 
101.8155122 2.94327e-09 
103.1729861 1.841815e-09 
103.1732214 4.018223e-09 
104.5305232 2.414431e-09 
105.8882356 4.494999e-09 
104.5307489 1.769235e-10 
105.8884564 5.947708e-10 
107.2460017 3.194875e-09 
107.2462059 1.995927e-09 
-0.0097801 4.59758e-10 
-0.0093975 2.996243e-10 
2.7056877 8.983056e-11 
2.7060841 2.478823e-10 
5.4207702 1.390978e-09 
5.421188 1.17583e-09 
8.1362927 3.303076e-10 
8.136687 4.271659e-10 
10.8514259 1.085441e-09 
10.8517953 4.993736e-10 
13.5669167 1.53526e-10 
13.5673157 5.853559e-10 
16.2820439 1.270299e-09 
16.2824272 2.540192e-09 
18.997545 1.670924e-09 
18.9979344 3.491434e-10 
21.7126663 2.48337e-10 
21.7130545 1.525763e-09 
24.4281803 6.016662e-10 
24.4285552 6.531616e-10 
27.1432965 9.332429e-10 
27.1436784 4.470454e-09 
29.8588004 1.072593e-09 
29.8591821 7.319004e-10 
32.5739018 1.613549e-09 
32.5743189 2.262731e-09 
35.2894384 2.431428e-10 
35.2898119 1.509783e-09 
38.0045365 1.44098e-09 
38.0049477 9.22768e-10 
40.7200618 4.987018e-10 
40.7204588 5.157577e-10 
43.4351681 7.873945e-10 
43.435587 1.445648e-10 
46.1507031 1.289074e-10 
46.1510894 2.216868e-10 
48.8658296 1.633413e-10 
48.8662166 2.687992e-10 
51.5813515 3.883997e-10 
51.5817321 2.99165e-10 
54.2965013 8.940767e-10 
54.296866 6.541812e-10 
57.0120151 4.977478e-10 
57.0123852 8.994013e-10 
59.727171 1.982048e-09 
59.7275328 2.684095e-09 
62.4426918 4.293061e-10 
62.4430562 1.311595e-09 
65.1578531 2.046391e-09 
65.1582167 4.3891e-09 
67.8733826 6.58978e-10 
67.8737316 1.46243e-09 
70.5885475 1.988284e-09 
70.5889053 4.276043e-09 
73.3040779 8.827982e-10 
73.3044165 8.451763e-10 
76.0192492 1.021891e-09 
76.0196037 2.247054e-09 
78.7347861 5.539459e-10 
78.7351009 3.39034e-10 
81.4499679 7.00653e-10 
81.450302 3.728445e-10 
84.1654935 1.477389e-10 
84.1657941 3.407271e-10 
86.8806841 6.210878e-11 
86.8810028 1.418837e-10 
89.5961982 3.101712e-10 
89.5964937 6.349713e-10 
92.3114065 1.006474e-09 
92.3117018 9.794901e-10 
95.0269088 4.668368e-10 
95.0271855 2.284819e-09 
97.7421392 3.116297e-09 
97.7423989 1.038099e-09 
100.4576248 1.256407e-09 
100.457877 3.330771e-09 
103.1728682 4.344321e-09 
103.1731046 6.208916e-10 
105.8883479 2.073777e-09 
105.8885628 4.077926e-09 
1.347973 4.31292e-10 
-0.0095853 7.914305e-10 
1.3483624 3.095015e-10 
-0.009206 2.940469e-10 
2.7054749 2.056301e-10 
2.7058878 2.684037e-10 
4.0630249 5.27447e-10 
5.4209899 3.705349e-11 
4.063469 2.156629e-10 
5.4213831 9.242526e-10 
6.778564 3.933697e-10 
6.778959 1.28823e-09 
9.4937089 1.85445e-09 
8.1361105 8.028283e-10 
8.1364849 1.37348e-09 
9.4940641 6.85451e-10 
10.8515999 8.618378e-11 
10.8520034 2.420382e-10 
12.2091892 1.78028e-10 
13.5667295 1.445506e-09 
13.5671161 1.081065e-09 
12.2095844 8.184184e-10 
14.9243174 1.441825e-09 
14.9247014 1.159973e-09 
17.6398232 3.536792e-10 
16.2822347 6.151855e-10 
17.6401978 1.350441e-09 
16.2826214 5.274094e-10 
18.9973585 2.551442e-10 
18.9977355 2.592141e-09 
20.3549436 1.300379e-09 
21.7128584 1.176237e-09 
20.3553156 2.299063e-09 
21.7132505 8.070315e-11 
24.4279797 8.619895e-10 
23.0704406 3.131639e-10 
24.4283714 2.850817e-09 
23.0708352 1.611478e-09 
25.785555 2.551577e-09 
25.7859596 3.492987e-09 
28.5010769 1.726363e-10 
27.1434942 1.63539e-09 
28.5014497 1.632334e-09 
27.1438616 4.020845e-10 
29.8586001 9.463186e-10 
29.8589936 2.773853e-09 
31.2161716 2.112843e-09 
32.5741174 1.880569e-10 
31.2165811 1.234648e-09 
32.5745001 1.445429e-09 
33.9316931 8.048946e-10 
33.9320895 3.096008e-09 
36.6467887 2.583151e-09 
35.2892181 2.171415e-09 
36.6472171 1.037526e-09 
35.2896356 2.316184e-09 
38.00475 1.030995e-10 
38.0051329 7.760909e-10 
40.7198485 8.697019e-10 
39.3623214 5.817705e-10 
40.7202679 4.047982e-10 
39.3627292 5.534313e-10 
42.0774221 1.950636e-10 
42.0778533 3.027767e-10 
44.792966 8.235475e-10 
43.4353824 7.175448e-10 
44.7933597 2.530402e-10 
43.4357753 5.191862e-10 
46.1504991 4.340202e-10 
46.1508996 1.005496e-10 
47.5080896 2.291344e-10 
48.8660236 2.335047e-10 
47.5084811 1.400476e-10 
48.8664102 7.592072e-11 
50.2236129 4.693646e-10 
50.2239975 1.849695e-10 
52.9387562 6.031571e-10 
51.5811628 3.786311e-10 
52.9391332 1.003721e-10 
51.581541 5.714451e-11 
54.2966844 2.662132e-10 
54.297055 7.121755e-10 
57.0118385 1.383906e-09 
55.6542844 3.742531e-10 
57.0121953 1.606018e-09 
55.6546493 1.193705e-09 
58.3694365 2.002829e-09 
58.3697973 1.284066e-09 
61.0849559 5.791501e-10 
59.7273503 4.063664e-10 
61.0853161 2.855417e-09 
59.7277207 1.321987e-09 
62.4425081 2.068744e-09 
62.4428751 3.939657e-09 
63.8001116 4.442876e-09 
65.1580376 7.720757e-10 
63.8004759 2.622739e-09 
65.158392 1.286126e-09 
66.5156391 4.37387e-10 
66.5160009 4.061659e-09 
69.2308014 4.249592e-09 
67.8732005 2.411756e-09 
69.23117 3.131541e-09 
67.8735597 4.283528e-09 
70.5887285 5.819891e-10 
70.5890739 1.053753e-09 
73.3038958 1.487421e-09 
71.9463379 1.908527e-10 
73.3042539 3.336478e-09 
71.9466884 2.378748e-09 
74.6615087 2.331923e-09 
74.6618674 1.694115e-09 
77.3770435 1.653738e-10 
76.0194307 6.933734e-10 
77.3773771 1.450776e-09 
76.0197585 6.173526e-10 
78.7346075 4.327329e-10 
78.7349528 9.888052e-10 
80.0922233 7.744716e-10 
81.4501403 3.221293e-10 
80.0925694 8.387537e-10 
81.4504457 5.481583e-10 
82.8077533 5.35707e-10 
82.8080782 2.609728e-10 
85.5229473 5.392035e-11 
84.1653269 4.386954e-10 
85.5232766 1.58953e-10 
84.1656516 3.337453e-10 
86.8808452 3.358828e-10 
86.8811444 1.594773e-10 
89.596043 6.065918e-10 
88.2384702 5.537059e-10 
89.596353 4.898524e-10 
88.2387728 6.078651e-10 
90.9536817 9.443283e-10 
90.9539757 2.819763e-10 
93.6691824 5.744057e-10 
92.3115526 2.152679e-10 
93.6694705 1.415181e-09 
92.3118403 1.162233e-09 
95.0267729 2.144386e-09 
95.0270493 1.106324e-09 
96.3844138 1.828058e-09 
97.7422658 7.862691e-10 
96.38468 2.259518e-10 
97.742531 3.01819e-09 
99.0999054 2.963346e-09 
99.100167 2.837809e-09 
101.8151546 2.522128e-09 
100.4575032 3.210859e-09 
101.8153915 9.508498e-11 
100.4577511 6.490174e-10 
103.1729854 1.982329e-09 
103.1732216 4.01395e-09 
105.8882353 4.553539e-09 
104.5306387 4.350335e-09 
105.8884561 5.256869e-10 
104.5308583 2.628063e-09 
107.2458877 1.626332e-09 
107.246106 2.193995e-10 
1.3477752 2.117085e-10 
1.348168 1.583164e-10 
4.0632587 2.826437e-10 
4.0636646 8.061077e-10 
6.7783772 2.253434e-09 
6.7787655 6.73027e-10 
9.4938795 3.71095e-10 
9.494265 7.811268e-10 
12.2090131 1.547479e-09 
12.209381 4.648987e-10 
14.9245073 6.531266e-10 
14.9248946 1.274864e-09 
17.6396346 2.143682e-09 
17.6400072 1.940369e-09 
20.3551282 3.411902e-10 
20.3555145 1.174116e-09 
23.0702441 1.439468e-09 
23.0706393 2.096387e-09 
25.7857639 2.028202e-11 
25.7861419 2.738708e-09 
28.5008693 2.449616e-09 
28.5012678 3.140795e-09 
31.216381 1.460855e-10 
31.2167701 2.033629e-09 
33.9314733 2.942187e-09 
33.9319024 1.199232e-09 
36.6470096 7.917501e-10 
36.6474059 1.955714e-09 
39.3621054 9.65558e-10 
39.362532 2.298488e-10 
42.077639 8.483802e-10 
42.0780503 2.698714e-10 
44.7927521 2.316208e-10 
44.7931694 8.044236e-11 
47.5082892 3.195126e-10 
47.5086734 2.553596e-10 
50.2234223 1.578287e-10 
50.2238022 1.642845e-10 
52.938946 5.485324e-10 
52.9393239 7.865337e-10 
55.6540961 1.436828e-09 
55.6544651 8.506331e-10 
58.3696204 5.377217e-10 
58.3699797 1.485492e-09 
61.0847726 3.064154e-09 
61.0851344 1.551247e-09 
63.8002956 3.603437e-10 
63.8006567 3.844747e-09 
66.5154546 4.858097e-09 
66.5158214 3.179774e-09 
69.2309864 2.122486e-10 
69.2313456 3.325717e-09 
71.9461532 2.826655e-09 
71.9465189 2.499166e-09 
74.6616908 4.266489e-10 
74.6620307 2.019211e-09 
77.3768666 1.857659e-09 
77.3772165 1.288555e-09 
80.092397 3.606833e-10 
80.0927272 5.825033e-10 
82.8075835 3.775586e-10 
82.8079235 2.858167e-10 
85.5231122 2.510534e-10 
85.523426 9.406302e-11 
88.238315 4.37263e-10 
88.2386264 1.691022e-10 
90.9538266 5.102235e-10 
90.9541203 1.100248e-09 
93.6690473 8.83463e-10 
93.6693266 2.791091e-10 
96.3845416 1.704436e-09 
96.3848199 2.249467e-09 
99.0997833 2.274256e-09 
99.1000352 1.394106e-10 
101.8152724 4.185459e-09 
101.8155123 2.821534e-09 
104.5305232 2.302511e-09 
104.5307489 2.170656e-10 
107.2460016 3.254435e-09 
107.2462061 1.881358e-09 
108.6036034 3.499666e-09 
109.9613615 2.561924e-09 
108.6038051 5.571421e-10 
109.9615529 1.800973e-09 
111.3190668 9.406959e-10 
111.3192404 1.976994e-09 
112.6766131 1.421208e-09 
114.034325 7.5504e-10 
112.676811 1.793091e-10 
114.0344991 5.438346e-10 
115.3920755 4.635452e-10 
115.392235 7.291293e-10 
118.1073356 3.774655e-10 
116.7497656 1.772865e-10 
118.1075007 3.879949e-10 
116.7499228 4.428554e-10 
119.4650284 5.749793e-10 
119.4651817 2.160472e-10 
120.8227709 3.101729e-10 
122.1804478 3.132775e-10 
120.8229135 3.303245e-11 
122.1805976 1.562945e-10 
123.5380362 8.165096e-10 
123.538178 1.974542e-10 
124.8957234 9.089036e-10 
126.2534465 7.393139e-10 
124.8958518 3.497164e-10 
126.2535861 9.828841e-10 
127.6111224 3.508435e-10 
127.6112624 9.097732e-10 
128.9687263 1.478634e-09 
130.3263972 1.673836e-09 
128.9688437 6.106596e-10 
130.3265198 2.031736e-09 
131.6841208 5.004456e-10 
131.684243 2.140626e-09 
134.3994011 2.867039e-09 
133.041786 2.723742e-10 
134.3995087 2.056687e-09 
133.0419184 1.150113e-09 
135.7570651 1.074102e-09 
135.7571735 2.985896e-09 
137.1147812 6.823846e-11 
138.4724428 8.825168e-10 
137.1148935 2.802509e-09 
138.4725508 7.178816e-10 
139.8300506 3.08016e-09 
139.8301568 2.540339e-09 
141.1877139 1.608668e-09 
142.5454227 1.803441e-10 
141.1878136 3.924473e-09 
142.545522 2.218715e-09 
143.903084 5.641823e-10 
143.9031695 8.39318e-10 
145.2606924 2.00113e-09 
146.6183432 8.798859e-10 
145.2607904 1.941216e-09 
146.6184432 1.947134e-09 
147.9760535 4.021199e-10 
147.9761392 1.651466e-09 
150.6913052 1.392076e-09 
149.3337012 6.700586e-10 
150.6914047 6.550994e-10 
149.3337794 5.468251e-10 
152.0489568 8.133171e-10 
152.0490406 8.880794e-10 
153.4066565 6.814542e-10 
154.7643016 1.603179e-10 
153.4067323 5.133414e-10 
154.7643568 5.078719e-10 
156.1219108 1.623616e-10 
156.1219902 1.925169e-10 
157.4795511 3.98897e-10 
158.8372384 3.378876e-10 
157.4796208 7.717829e-11 
158.8372998 8.827683e-11 
160.1948675 4.983795e-10 
160.1949256 3.209108e-10 
161.5525053 4.158101e-10 
162.9101321 9.005232e-10 
161.5525455 2.063745e-10 
162.9101671 2.523383e-11 
164.2678105 1.116033e-09 
164.2678453 1.606336e-10 
166.9830659 8.892708e-10 
165.625423 4.200972e-10 
166.9830947 2.69246e-10 
165.6254707 3.565812e-10 
168.3406803 1.405591e-09 
168.3407072 8.913961e-10 
169.6983404 1.011046e-09 
171.0559527 3.452842e-10 
169.6983868 2.165498e-09 
171.0560053 1.852962e-09 
172.4136055 2.338536e-09 
172.4136198 6.893042e-10 
173.7712101 1.214741e-09 
175.1288719 7.813455e-11 
173.7712408 2.318039e-09 
175.1289154 1.996663e-09 
176.4864787 8.006656e-10 
176.4865363 7.738608e-10 
177.8441124 3.188218e-09 
179.2017162 1.213094e-09 
177.8441485 3.398108e-09 
179.2017588 3.517267e-09 
180.5593827 1.591584e-10 
180.5594288 2.208074e-09 
183.2746155 1.161484e-09 
181.9169912 8.572644e-10 
183.2746587 1.568785e-09 
181.9170309 3.413509e-10 
184.6322214 5.831801e-10 
184.6322612 2.071976e-09 
185.9898773 5.891451e-10 
187.3474798 8.784197e-10 
185.9899209 7.294758e-10 
187.3475156 1.218971e-10 
188.7051075 2.114111e-09 
188.7051328 1.878056e-09 
190.0627072 1.325099e-09 
191.4203693 3.838463e-10 
190.0627288 1.469485e-09 
191.4203807 1.091113e-09 
192.7779595 3.776223e-10 
192.7779789 3.997799e-10 
194.1355875 1.369584e-09 
195.4931732 8.177634e-10 
194.1356153 1.054633e-09 
195.4932031 1.835507e-09 
196.8508163 4.165897e-10 
196.8508663 2.173548e-09 
199.5660339 2.187674e-09 
198.2084008 1.760887e-11 
199.5660633 3.034977e-10 
198.2084661 1.35117e-09 
200.9236074 1.175648e-09 
200.9236622 9.129077e-10 
202.2812668 3.761062e-10 
203.6388817 1.090935e-09 
202.2813453 5.860004e-10 
203.6389563 8.740772e-10 
204.9964417 1.071943e-09 
204.9965311 1.615664e-09 
109.9612495 1.712394e-09 
108.6037091 1.637775e-09 
109.961461 1.501104e-10 
108.6039015 3.015565e-09 
111.3189677 2.247388e-09 
111.3191527 6.796507e-10 
112.6767195 1.678926e-09 
114.0344192 3.33639e-10 
112.6768958 1.450792e-09 
114.0345811 7.361661e-10 
115.3919762 6.09106e-10 
115.3921573 3.608601e-10 
116.7496777 5.66954e-10 
118.1074264 2.469832e-10 
116.7498427 5.068834e-10 
118.107574 3.036341e-10 
119.4651078 3.774597e-10 
119.4652621 3.662131e-10 
120.8226883 1.602482e-10 
122.1803781 1.994826e-10 
120.8228411 3.123597e-10 
122.1805171 6.461767e-11 
123.5381094 5.082008e-10 
123.5382519 5.546548e-10 
126.2533818 1.192085e-09 
124.8957864 2.704642e-10 
126.2535115 1.096283e-10 
124.8959303 6.504974e-10 
127.6110623 1.314259e-09 
127.6111868 9.892095e-10 
128.9687835 4.195781e-10 
130.3264551 1.286474e-10 
128.9689159 1.25147e-09 
130.3265929 1.029595e-09 
131.6840668 2.60189e-09 
131.6841764 1.30506e-09 
134.3994545 4.827911e-10 
133.0417318 1.798003e-09 
133.0418487 2.494162e-09 
134.3995695 2.583688e-09 
135.7571163 6.646311e-10 
135.7572372 7.170174e-10 
137.114727 2.967456e-09 
138.4723923 1.268986e-09 
137.1148367 2.525933e-09 
138.4724952 3.836323e-09 
139.8301017 2.733778e-10 
139.8302114 2.823007e-09 
142.5453746 2.593598e-09 
141.1877649 9.101295e-10 
142.5454732 2.365321e-09 
141.187861 1.004801e-09 
143.903032 1.234916e-09 
143.9031302 3.059094e-09 
145.260743 5.811883e-11 
146.6183974 4.665695e-10 
145.2608308 1.902543e-09 
146.6184771 8.091587e-10 
147.976 1.583653e-09 
147.9761029 1.30523e-09 
149.3336493 7.517927e-10 
150.6913555 5.330332e-10 
149.3337466 1.200579e-09 
150.6914403 1.087829e-09 
152.0490016 2.177812e-10 
152.049071 3.925544e-10 
153.4066117 5.320281e-10 
154.7642604 7.38089e-10 
153.4066998 3.552723e-11 
154.7643328 2.195823e-10 
156.1219521 5.91493e-10 
156.1220193 9.697673e-11 
158.8372064 1.203222e-10 
157.4795901 3.820651e-10 
158.83727 2.508638e-10 
157.4796438 2.313582e-10 
160.1948394 7.974177e-10 
160.1948964 1.366416e-10 
161.5525254 1.12569e-09 
162.9101466 1.031868e-09 
161.5525717 2.524817e-10 
162.9101982 5.63429e-10 
164.2677939 1.434202e-10 
164.2678238 4.543399e-10 
165.6254129 4.942211e-10 
166.9830786 5.561617e-10 
165.62544 5.564243e-11 
166.983121 7.83768e-10 
168.3406877 1.29335e-10 
168.3407421 9.494179e-10 
169.6983361 2.576069e-09 
171.0559476 2.47586e-09 
169.6983546 3.679598e-10 
171.0559708 1.749429e-09 
172.4136083 7.699866e-10 
172.4136481 1.832e-09 
175.128862 1.886639e-09 
173.7712206 4.390123e-10 
175.1288883 2.019953e-09 
173.7712693 9.875685e-10 
176.4864618 9.730135e-10 
176.4865064 3.375899e-09 
177.8441263 2.073883e-10 
179.2017323 1.080746e-09 
177.8441775 2.981601e-09 
179.2017897 5.804091e-10 
180.5593664 2.884669e-09 
180.5594045 2.425844e-09 
181.9169747 5.947776e-10 
183.2746355 2.372876e-10 
181.9170105 2.531123e-09 
183.2746784 8.008054e-10 
184.6322425 1.549203e-09 
184.6322756 2.299199e-10 
185.9898585 8.813833e-10 
187.347461 6.868737e-10 
185.989899 2.449857e-09 
187.3474977 2.486051e-09 
188.7051209 1.527641e-11 
188.7051491 1.424161e-09 
191.4203556 1.616411e-09 
190.0627195 2.140368e-10 
191.4203758 9.829285e-10 
190.0627436 4.048527e-10 
192.7779487 4.154654e-10 
192.7779686 1.120523e-09 
194.1356011 7.096318e-11 
195.493183 3.486149e-10 
194.1356261 1.090453e-09 
195.4932268 6.133185e-10 
196.8508117 2.850154e-09 
196.8508372 1.243997e-09 
198.2083926 2.419576e-09 
199.5660369 9.333603e-10 
198.2084258 2.013176e-09 
199.5660988 2.113685e-09 
200.9236361 7.152244e-11 
200.9236997 1.020159e-09 
202.2812359 5.995679e-10 
203.6388208 6.054765e-10 
202.2813092 1.061211e-10 
203.6389163 2.626043e-10 
204.9964791 1.134391e-09 
204.9965856 8.094881e-10 
108.6036037 3.354725e-09 
108.6038054 5.578447e-10 
111.3190671 9.094021e-10 
111.3192403 1.924089e-09 
114.0343252 6.799651e-10 
114.0344992 5.439803e-10 
116.7497656 1.647887e-10 
116.7499228 3.926053e-10 
119.4650286 5.184138e-10 
119.4651817 2.139318e-10 
122.1804478 3.107277e-10 
122.1805975 1.613123e-10 
124.8957235 9.785479e-10 
124.8958517 3.432812e-10 
127.6111225 3.773957e-10 
127.6112624 9.549296e-10 
130.3263971 1.655037e-09 
130.3265199 2.000684e-09 
133.0417862 2.521254e-10 
133.0419183 1.144586e-09 
135.757065 1.081536e-09 
135.7571737 2.945343e-09 
138.4724429 8.600247e-10 
138.4725507 7.225077e-10 
141.187714 1.663588e-09 
141.1878137 3.870169e-09 
143.903084 5.295491e-10 
143.9031696 8.457483e-10 
146.6183435 9.207546e-10 
146.6184431 1.892175e-09 
149.3337011 6.353439e-10 
149.3337795 5.572537e-10 
152.0489569 8.125356e-10 
152.0490404 8.373568e-10 
154.7643015 1.807786e-10 
154.7643569 4.943804e-10 
157.4795508 4.035977e-10 
157.4796207 7.90255e-11 
160.1948674 5.341037e-10 
160.1949257 3.420969e-10 
162.9101316 9.269368e-10 
162.9101672 2.973035e-11 
165.6254229 4.129384e-10 
165.6254708 3.663659e-10 
168.3406799 1.436668e-09 
168.3407074 8.84538e-10 
171.0559525 3.65824e-10 
171.0560055 1.857565e-09 
173.7712102 1.216975e-09 
173.7712408 2.351798e-09 
176.4864787 8.040683e-10 
176.4865364 7.631787e-10 
179.2017165 1.166014e-09 
179.2017587 3.477655e-09 
181.9169914 8.531986e-10 
181.917031 3.417816e-10 
184.6322217 6.040511e-10 
184.6322612 2.025525e-09 
187.3474801 8.799617e-10 
187.3475155 1.172132e-10 
190.0627074 1.283606e-09 
190.062729 1.436359e-09 
192.7779598 3.650691e-10 
192.7779788 3.980403e-10 
195.4931732 8.387585e-10 
195.4932031 1.805612e-09 
198.208401 1.648669e-11 
198.2084659 1.345003e-09 
200.9236074 1.197347e-09 
200.9236621 8.996079e-10 
203.6388814 1.095282e-09 
203.6389563 8.727196e-10 
109.9613614 2.487383e-09 
108.6037098 1.53618e-09 
109.9615531 1.790091e-09 
108.6039013 2.973905e-09 
111.3189678 2.182016e-09 
111.319153 7.106962e-10 
112.6766127 1.371971e-09 
114.0344194 3.083419e-10 
112.6768112 1.724322e-10 
114.0345811 7.313569e-10 
115.3920751 4.155897e-10 
115.3922353 7.142554e-10 
118.1073355 3.326634e-10 
116.7496778 4.946474e-10 
118.1075005 3.784199e-10 
116.7498428 5.319155e-10 
119.4651077 3.625823e-10 
119.4652622 3.469688e-10 
122.1803783 2.204433e-10 
120.8227704 3.220814e-10 
122.180517 5.456585e-11 
120.8229136 3.054954e-11 
123.5380361 8.52714e-10 
123.5381776 1.699317e-10 
126.2534461 8.092285e-10 
124.8957865 3.072335e-10 
126.2535861 9.936371e-10 
124.8959303 6.731608e-10 
127.6110625 1.343405e-09 
127.6111867 9.292051e-10 
128.9687258 1.470497e-09 
130.3264553 1.303986e-10 
128.9688437 5.773075e-10 
130.3265928 1.026139e-09 
131.6841205 4.713446e-10 
131.6842431 2.106924e-09 
134.3994006 2.868074e-09 
133.0417318 1.76335e-09 
134.3995089 1.99805e-09 
133.0418488 2.397675e-09 
135.7571164 6.294068e-10 
135.7572371 7.007423e-10 
137.114781 7.162092e-11 
138.4723922 1.321836e-09 
138.4724953 3.763596e-09 
137.1148937 2.757329e-09 
139.8300505 3.113808e-09 
139.8301568 2.488262e-09 
142.5454226 1.876059e-10 
141.1877647 8.73452e-10 
142.545522 2.191746e-09 
141.187861 9.978601e-10 
143.9030321 1.291967e-09 
143.9031301 3.034653e-09 
145.2606928 2.019449e-09 
146.6183971 4.257424e-10 
145.2607902 1.880497e-09 
146.6184772 8.306254e-10 
147.9760538 4.057045e-10 
147.976139 1.649199e-09 
150.6913057 1.373151e-09 
149.3336495 7.827072e-10 
150.6914044 6.02303e-10 
149.3337462 1.171318e-09 
152.0490015 2.20494e-10 
152.0490711 3.888394e-10 
154.7642602 7.140004e-10 
153.4066567 6.884906e-10 
154.7643327 1.985232e-10 
153.406732 4.906576e-10 
156.1219108 1.551923e-10 
156.12199 2.084382e-10 
158.8372382 3.456873e-10 
157.47959 3.919361e-10 
158.8372996 9.515642e-11 
157.4796439 2.215076e-10 
160.1948387 7.956453e-10 
160.1948966 1.507999e-10 
161.5525051 4.430085e-10 
162.9101464 1.00297e-09 
161.5525454 2.189612e-10 
162.9101985 5.775486e-10 
164.26781 1.130232e-09 
164.2678454 1.580843e-10 
166.9830658 8.706254e-10 
165.6254122 4.870915e-10 
166.9830945 2.399338e-10 
165.6254405 4.659057e-11 
168.3406876 1.19484e-10 
168.3407425 9.239966e-10 
171.0559473 2.446515e-09 
169.6983399 1.031047e-09 
171.0559711 1.748275e-09 
169.6983869 2.154372e-09 
172.4136055 2.329481e-09 
172.4136194 7.005908e-10 
175.1288718 7.58899e-11 
173.7712207 4.624853e-10 
175.1289154 2.003938e-09 
173.7712695 9.653295e-10 
176.4864622 9.26924e-10 
176.4865064 3.345037e-09 
177.8441125 3.11404e-09 
179.2017326 1.054244e-09 
177.8441482 3.37773e-09 
179.2017896 5.521493e-10 
180.5593828 1.357417e-10 
180.5594287 2.160111e-09 
183.2746156 1.13236e-09 
181.9169752 5.684083e-10 
183.2746586 1.541788e-09 
181.9170104 2.447714e-09 
184.6322428 1.5502e-09 
184.6322755 2.34455e-10 
187.3474615 6.510032e-10 
185.9898774 6.310055e-10 
187.3474977 2.39007e-09 
185.9899209 6.909689e-10 
188.7051077 2.025596e-09 
188.7051329 1.830628e-09 
191.4203694 3.722842e-10 
190.0627198 2.063332e-10 
191.4203808 1.062194e-09 
190.0627435 3.904464e-10 
192.7779487 4.054853e-10 
192.7779688 1.079571e-09 
194.1355874 1.359936e-09 
195.4931828 3.226152e-10 
194.1356154 1.012647e-09 
195.4932266 6.139866e-10 
196.8508162 4.400939e-10 
196.8508662 2.151512e-09 
199.5660339 2.204219e-09 
198.2083927 2.478176e-09 
198.2084257 1.970438e-09 
199.5660633 2.846674e-10 
200.9236361 8.259778e-11 
200.9236996 1.020128e-09 
203.6388205 6.000603e-10 
202.2812665 3.84046e-10 
203.6389161 2.593747e-10 
202.2813452 5.836413e-10 
204.9964416 1.124851e-09 
204.9965307 1.622243e-09 
109.9612492 1.683644e-09 
109.9614611 1.291649e-10 
112.6767192 1.637557e-09 
112.6768958 1.484953e-09 
115.3919761 5.70127e-10 
115.3921571 3.73995e-10 
118.1074259 2.222647e-10 
118.1075741 3.15507e-10 
120.8226883 1.494521e-10 
120.8228406 2.985003e-10 
123.5381091 5.803563e-10 
123.5382518 5.334384e-10 
126.2533817 1.164911e-09 
126.2535112 7.921467e-11 
128.9687833 4.505006e-10 
128.9689157 1.203907e-09 
131.6840665 2.544845e-09 
131.6841764 1.22457e-09 
134.3994543 4.698998e-10 
134.3995694 2.497236e-09 
137.114727 2.994908e-09 
137.1148367 2.457514e-09 
139.8301015 2.740785e-10 
139.8302113 2.772989e-09 
142.545375 2.630562e-09 
142.5454729 2.329744e-09 
145.2607431 5.982144e-11 
145.2608305 1.93278e-09 
147.9760006 1.602067e-09 
147.9761025 1.272532e-09 
150.6913558 5.345787e-10 
150.6914398 1.096864e-09 
153.4066119 5.137443e-10 
153.4066995 2.985492e-11 
156.1219522 5.680416e-10 
156.122019 8.71019e-11 
158.8372062 1.322604e-10 
158.8372699 2.629583e-10 
161.552525 1.09443e-09 
161.5525718 2.653386e-10 
164.2677936 1.353703e-10 
164.2678238 4.228437e-10 
166.9830781 5.399053e-10 
166.9831213 7.535617e-10 
169.6983359 2.504419e-09 
169.6983546 3.617027e-10 
172.4136081 7.670586e-10 
172.4136483 1.815922e-09 
175.128862 1.782797e-09 
175.1288883 2.006614e-09 
177.8441267 1.95206e-10 
177.8441774 2.92262e-09 
180.5593665 2.756587e-09 
180.5594046 2.369589e-09 
183.2746359 2.531731e-10 
183.2746783 7.55609e-10 
185.9898589 8.350724e-10 
185.9898991 2.383671e-09 
188.7051212 1.596891e-11 
188.7051491 1.353111e-09 
191.4203558 1.552682e-09 
191.420376 9.38725e-10 
194.1356009 7.457231e-11 
194.1356261 1.068152e-09 
196.850812 2.842169e-09 
196.850837 1.188942e-09 
199.5660368 9.799547e-10 
199.5660986 2.091431e-09 
202.2812359 6.212672e-10 
202.281309 1.032423e-10 
204.9964786 1.124484e-09 
204.9965854 8.138008e-10 
108.6036038 3.309396e-09 
109.9613614 2.454256e-09 
108.6038057 6.121547e-10 
109.9615529 1.867715e-09 
111.3190675 8.512055e-10 
111.3192402 1.962792e-09 
112.6766127 1.346471e-09 
114.0343251 6.500847e-10 
112.676811 1.828273e-10 
114.0344995 5.867481e-10 
115.3920748 3.901857e-10 
115.3922352 7.724376e-10 
118.1073356 3.47602e-10 
116.7497656 1.489991e-10 
118.1075001 3.95276e-10 
116.7499229 4.126576e-10 
119.4650286 5.088938e-10 
119.4651818 2.447774e-10 
120.8227702 3.496201e-10 
122.1804477 3.25998e-10 
120.8229135 2.197366e-11 
122.1805977 1.588321e-10 
123.5380362 7.924673e-10 
123.5381773 1.621074e-10 
124.8957237 9.96622e-10 
126.2534462 8.602552e-10 
124.8958516 2.897997e-10 
126.2535858 9.35894e-10 
127.6111226 4.101872e-10 
127.6112623 9.37575e-10 
128.9687259 1.392011e-09 
130.3263972 1.627961e-09 
128.9688435 5.227066e-10 
130.3265198 1.897787e-09 
131.6841205 4.782432e-10 
131.6842428 2.021134e-09 
134.3994007 2.845447e-09 
133.0417863 2.25997e-10 
134.3995087 1.920629e-09 
133.0419182 1.123385e-09 
135.7570649 1.100939e-09 
135.7571737 2.842262e-09 
137.1147808 7.672642e-11 
138.4724427 8.290482e-10 
137.1148934 2.679641e-09 
138.4725507 6.97714e-10 
139.830051 3.141583e-09 
139.8301565 2.462155e-09 
141.1877139 1.704098e-09 
142.5454225 1.758687e-10 
141.1878136 3.844426e-09 
142.5455217 2.206762e-09 
143.9030836 4.995933e-10 
143.9031696 8.519235e-10 
145.2606933 2.053945e-09 
146.6183436 9.577635e-10 
145.2607897 1.889698e-09 
146.6184428 1.921704e-09 
147.9760539 4.024773e-10 
147.9761384 1.709498e-09 
150.6913058 1.377258e-09 
149.3337009 6.25614e-10 
150.691404 6.12625e-10 
149.3337795 5.798638e-10 
152.0489569 8.013359e-10 
152.0490401 8.22485e-10 
153.4066569 6.586038e-10 
154.7643015 1.750956e-10 
153.4067316 4.841565e-10 
154.764357 4.641012e-10 
156.1219107 1.537282e-10 
156.1219899 2.041894e-10 
157.4795504 3.927914e-10 
158.8372381 3.071797e-10 
157.4796208 8.616125e-11 
158.8372996 1.062236e-10 
160.1948673 5.006784e-10 
160.194926 3.485235e-10 
161.5525048 4.472163e-10 
162.9101309 8.920842e-10 
161.5525454 1.995813e-10 
162.9101677 3.25605e-11 
164.2678096 1.072551e-09 
164.2678457 1.543705e-10 
166.9830655 8.211252e-10 
165.6254227 3.757255e-10 
166.9830946 2.316289e-10 
165.6254713 3.513636e-10 
168.3406794 1.380305e-09 
168.3407079 8.766197e-10 
169.6983397 9.93746e-10 
171.0559526 3.588935e-10 
169.6983873 2.111203e-09 
171.0560058 1.802202e-09 
172.4136054 2.189308e-09 
172.4136197 6.903469e-10 
173.7712103 1.158828e-09 
175.1288721 7.148853e-11 
173.771241 2.328597e-09 
175.1289154 1.967932e-09 
176.4864791 7.908435e-10 
176.4865364 7.373143e-10 
177.8441125 2.958007e-09 
179.201717 1.105321e-09 
177.8441485 3.313926e-09 
179.2017587 3.37796e-09 
180.5593833 1.345746e-10 
180.5594285 2.085704e-09 
183.2746158 1.088804e-09 
181.9169918 8.424479e-10 
183.2746587 1.490504e-09 
181.9170308 3.264137e-10 
184.6322223 5.955693e-10 
184.6322611 1.939264e-09 
185.9898778 6.295861e-10 
187.3474803 8.530458e-10 
185.9899206 6.451671e-10 
187.3475153 1.074131e-10 
188.7051081 1.974966e-09 
188.705133 1.76445e-09 
190.0627077 1.25811e-09 
191.4203695 3.846092e-10 
190.062729 1.363301e-09 
191.4203808 1.027451e-09 
192.7779596 3.539091e-10 
192.7779789 3.992371e-10 
194.1355878 1.330619e-09 
195.4931731 8.515889e-10 
194.1356153 9.78516e-10 
195.493203 1.766534e-09 
196.8508161 4.539874e-10 
196.850866 2.14245e-09 
199.5660343 2.206782e-09 
198.2084008 1.92589e-11 
199.5660631 2.642776e-10 
198.2084657 1.358334e-09 
200.9236074 1.215522e-09 
200.923662 8.739835e-10 
202.2812664 3.838155e-10 
203.6388811 1.120102e-09 
202.281345 5.744324e-10 
203.6389563 8.651323e-10 
204.9964418 1.189471e-09 
204.9965301 1.658902e-09 
108.6037101 1.470379e-09 
108.6039013 3.082315e-09 
111.3189676 2.179097e-09 
111.3191532 7.444782e-10 
114.0344194 2.83704e-10 
114.0345813 7.832215e-10 
116.7496775 5.367043e-10 
116.749843 5.911356e-10 
119.4651076 3.689596e-10 
119.4652624 3.821869e-10 
122.1803783 2.094319e-10 
122.1805171 4.49383e-11 
124.8957865 3.274721e-10 
124.8959304 6.343182e-10 
127.6110626 1.310177e-09 
127.6111866 8.548908e-10 
130.3264554 1.294017e-10 
130.3265927 9.929644e-10 
133.0417318 1.779349e-09 
133.0418487 2.317616e-09 
135.7571162 6.142576e-10 
135.757237 6.867691e-10 
138.472392 1.314728e-09 
138.4724952 3.711982e-09 
141.1877643 8.542581e-10 
141.187861 9.709253e-10 
143.903032 1.315145e-09 
143.9031299 3.090591e-09 
146.6183968 4.312263e-10 
146.6184773 8.571991e-10 
149.3336495 7.845378e-10 
149.333746 1.218642e-09 
152.0490015 2.165273e-10 
152.0490711 3.781595e-10 
154.7642601 6.973222e-10 
154.7643326 1.945405e-10 
157.47959 3.697765e-10 
157.4796442 2.119513e-10 
160.1948384 7.566635e-10 
160.1948969 1.630273e-10 
162.9101463 9.318761e-10 
162.9101989 5.621086e-10 
165.6254118 4.434435e-10 
165.625441 4.506104e-11 
168.3406875 1.055899e-10 
168.3407429 8.803491e-10 
171.0559472 2.355242e-09 
171.0559714 1.724639e-09 
173.7712209 4.409012e-10 
173.7712695 9.303217e-10 
176.4864624 8.926048e-10 
176.4865065 3.273075e-09 
179.201733 1.054684e-09 
179.2017894 5.257754e-10 
181.9169755 5.452358e-10 
181.9170102 2.393109e-09 
184.6322429 1.522506e-09 
184.6322753 2.288323e-10 
187.3474618 6.366994e-10 
187.3474976 2.322297e-09 
190.0627196 2.080132e-10 
190.0627436 3.838216e-10 
192.7779487 3.996377e-10 
192.7779688 1.043481e-09 
195.4931825 3.115033e-10 
195.4932268 6.29789e-10 
198.2083927 2.506637e-09 
198.2084255 1.949872e-09 
200.923636 8.897739e-11 
200.9236995 1.003391e-09 
203.6388203 5.904663e-10 
203.6389159 2.624868e-10 
109.9612495 1.70315e-09 
108.6036036 3.422562e-09 
109.9614608 1.216817e-10 
108.6038057 6.494799e-10 
111.3190674 8.439321e-10 
111.3192404 2.041415e-09 
114.0343247 7.028656e-10 
112.6767192 1.622423e-09 
114.0344996 6.179272e-10 
112.6768955 1.548307e-09 
115.3919763 6.251336e-10 
115.3921569 4.00657e-10 
118.107426 2.444944e-10 
116.7497655 1.482771e-10 
118.1075739 3.665531e-10 
116.7499231 4.774492e-10 
119.4650284 5.563583e-10 
119.4651819 2.690356e-10 
120.8226886 1.224446e-10 
122.1804477 3.336356e-10 
120.8228405 3.148518e-10 
122.1805978 1.537082e-10 
123.5381093 5.888422e-10 
123.5382515 4.831574e-10 
126.253382 1.07079e-09 
124.8957237 9.368251e-10 
126.2535111 6.611951e-11 
124.8958516 2.646228e-10 
127.6111226 4.009867e-10 
127.6112623 8.828089e-10 
130.3263973 1.628495e-09 
128.9687836 4.581578e-10 
130.3265196 1.866057e-09 
128.9689153 1.138001e-09 
131.6840669 2.508435e-09 
131.6841762 1.181062e-09 
134.3994544 5.037687e-10 
133.0417861 2.290771e-10 
134.399569 2.43922e-09 
133.0419181 1.116818e-09 
135.7570648 1.105397e-09 
135.7571735 2.819479e-09 
137.1147275 2.971902e-09 
138.4724424 8.321016e-10 
137.1148363 2.433659e-09 
138.4725507 6.788054e-10 
139.8301014 2.462818e-10 
139.8302109 2.752325e-09 
142.5453753 2.665523e-09 
141.1877137 1.674972e-09 
142.5454725 2.359581e-09 
141.1878134 3.883087e-09 
143.9030833 5.145651e-10 
143.9031696 8.505982e-10 
146.6183434 9.380674e-10 
145.260743 5.908328e-11 
146.6184427 1.995782e-09 
145.2608301 1.999189e-09 
147.9760006 1.617568e-09 
147.9761022 1.331516e-09 
150.6913558 5.132494e-10 
149.3337008 6.527467e-10 
150.6914395 1.134291e-09 
149.3337795 5.835218e-10 
152.0489568 7.936942e-10 
152.0490401 8.644758e-10 
153.4066117 5.165945e-10 
154.7643015 1.527357e-10 
153.4066994 3.037536e-11 
154.7643571 4.577288e-10 
156.1219522 5.410679e-10 
156.1220189 8.444339e-11 
158.837206 1.364979e-10 
157.4795503 3.817797e-10 
158.8372699 2.581926e-10 
157.4796209 8.888519e-11 
160.1948673 4.46747e-10 
160.1949262 3.306598e-10 
162.910131 8.459193e-10 
161.552525 1.01594e-09 
162.9101679 2.926894e-11 
161.552572 2.717355e-10 
164.2677935 1.173902e-10 
164.267824 3.96694e-10 
166.9830781 4.95537e-10 
165.6254227 3.599862e-10 
166.9831217 7.35401e-10 
165.6254715 3.325053e-10 
168.3406795 1.316224e-09 
168.3407081 8.773609e-10 
169.6983358 2.394708e-09 
171.0559527 3.334686e-10 
169.6983549 3.681267e-10 
171.0560058 1.763812e-09 
172.4136084 7.340663e-10 
172.4136485 1.776152e-09 
175.1288619 1.67337e-09 
173.7712103 1.121394e-09 
175.1288888 1.964009e-09 
173.7712412 2.280114e-09 
176.4864793 7.788713e-10 
176.4865362 7.322323e-10 
179.2017169 1.113941e-09 
177.8441272 2.104224e-10 
179.2017587 3.355852e-09 
177.8441773 2.866934e-09 
180.5593665 2.682128e-09 
180.5594049 2.337683e-09 
183.2746364 2.409596e-10 
181.9169919 8.397912e-10 
183.274678 7.353213e-10 
181.9170306 3.163322e-10 
184.6322223 5.677151e-10 
184.632261 1.931645e-09 
185.9898592 8.187733e-10 
187.3474801 8.349286e-10 
185.9898992 2.338516e-09 
187.3475153 1.059508e-10 
188.7051214 1.861828e-11 
188.7051489 1.326346e-09 
191.4203562 1.545543e-09 
190.0627077 1.283916e-09 
191.4203759 9.261485e-10 
190.0627288 1.350379e-09 
192.7779593 3.591693e-10 
192.7779791 4.018099e-10 
195.4931731 8.388641e-10 
194.1356008 7.346506e-11 
195.4932029 1.772206e-09 
194.1356261 1.057215e-09 
196.8508124 2.823836e-09 
196.8508367 1.178135e-09 
199.5660369 1.000684e-09 
198.2084005 2.161098e-11 
199.5660984 2.085275e-09 
198.2084659 1.373511e-09 
200.9236074 1.204836e-09 
200.923662 8.713361e-10 
202.2812359 6.203911e-10 
203.6388812 1.131077e-09 
202.281309 1.014843e-10 
203.6389563 8.616026e-10 
204.9964785 1.098776e-09 
204.9965852 8.058973e-10 
109.9613615 2.505399e-09 
109.9615526 1.931614e-09 
112.6766131 1.386033e-09 
112.6768108 1.946656e-10 
115.3920751 4.195202e-10 
115.3922349 8.27362e-10 
118.1073358 4.058419e-10 
118.1075002 4.122093e-10 
120.8227706 3.501732e-10 
120.8229132 2.108667e-11 
123.5380365 7.220994e-10 
123.5381775 1.813385e-10 
126.2534466 8.188703e-10 
126.2535855 8.903162e-10 
128.9687264 1.352923e-09 
128.9688435 5.202592e-10 
131.6841209 5.113996e-10 
131.6842425 2.002223e-09 
134.3994014 2.831125e-09 
134.3995084 1.93037e-09 
137.114781 7.819762e-11 
137.1148931 2.677165e-09 
139.8300512 3.125996e-09 
139.8301562 2.4979e-09 
142.5454225 1.608313e-10 
142.5455214 2.243477e-09 
145.2606931 2.056879e-09 
145.2607896 1.956504e-09 
147.9760537 3.944116e-10 
147.9761384 1.749454e-09 
150.6913055 1.397589e-09 
150.6914041 6.727017e-10 
153.4066567 6.338478e-10 
153.4067317 5.023018e-10 
156.1219105 1.583142e-10 
156.1219899 1.881064e-10 
158.8372382 2.780418e-10 
158.8372998 1.050978e-10 
161.5525048 4.211546e-10 
161.5525455 1.763815e-10 
164.2678099 1.024529e-09 
164.2678459 1.533734e-10 
166.9830655 8.095755e-10 
166.9830949 2.548687e-10 
169.6983401 9.517165e-10 
169.6983874 2.094973e-09 
172.4136053 2.113362e-09 
172.4136202 6.724979e-10 
175.1288725 7.131137e-11 
175.1289154 1.938655e-09 
177.8441123 2.935233e-09 
177.8441489 3.295571e-09 
180.5593836 1.570622e-10 
180.5594284 2.087259e-09 
183.2746159 1.088785e-09 
183.2746589 1.485956e-09 
185.989878 5.867578e-10 
185.9899205 6.541238e-10 
188.7051083 2.030984e-09 
188.7051328 1.77013e-09 
191.4203694 4.043069e-10 
191.4203807 1.033908e-09 
194.1355881 1.322038e-09 
194.1356151 9.984796e-10 
196.850816 4.386026e-10 
196.850866 2.159304e-09 
199.5660345 2.191583e-09 
199.566063 2.698591e-10 
202.2812666 3.755348e-10 
202.281345 5.711085e-10 
204.9964421 1.174926e-09 
204.9965301 1.675187e-09 
109.96125 1.752017e-09 
108.6037095 1.526973e-09 
109.9614606 1.332577e-10 
108.6039015 3.194319e-09 
111.3189673 2.24891e-09 
111.3191531 7.34079e-10 
112.6767195 1.659446e-09 
114.0344192 2.904402e-10 
112.6768953 1.552608e-09 
114.0345814 8.234862e-10 
115.3919766 7.041978e-10 
115.392157 3.998508e-10 
116.7496773 6.402035e-10 
118.1074264 2.852009e-10 
116.749843 6.015588e-10 
118.1075737 3.854605e-10 
119.4651077 3.833998e-10 
119.4652624 4.266788e-10 
120.8226887 1.184927e-10 
122.1803781 1.83588e-10 
120.8228409 3.350392e-10 
122.1805171 4.675804e-11 
123.5381097 5.216474e-10 
123.5382514 4.727498e-10 
126.2533823 1.039627e-09 
124.8957865 2.980024e-10 
126.2535113 8.463306e-11 
124.8959304 5.903297e-10 
127.6110626 1.261408e-09 
127.6111865 8.65792e-10 
128.9687839 4.327932e-10 
130.3264552 1.245488e-10 
128.9689153 1.143196e-09 
130.3265927 9.771004e-10 
131.6840675 2.544926e-09 
131.6841761 1.232571e-09 
134.3994547 5.399191e-10 
133.0417318 1.826905e-09 
133.0418485 2.362672e-09 
134.3995689 2.488481e-09 
135.757116 6.395218e-10 
135.757237 6.947158e-10 
137.1147278 2.930668e-09 
138.472392 1.258541e-09 
137.1148362 2.486877e-09 
138.472495 3.752842e-09 
139.8301016 2.282459e-10 
139.8302108 2.789511e-09 
142.545375 2.649738e-09 
141.1877642 8.790063e-10 
142.5454726 2.414341e-09 
141.187861 9.616733e-10 
143.9030319 1.270562e-09 
143.9031298 3.149544e-09 
145.2607429 5.536981e-11 
146.6183969 4.759446e-10 
145.2608302 2.008953e-09 
146.6184772 8.511398e-10 
147.9760001 1.608834e-09 
147.9761025 1.402287e-09 
149.3336493 7.539326e-10 
150.6913555 4.99893e-10 
149.3337461 1.27805e-09 
150.6914399 1.147472e-09 
152.0490015 2.145169e-10 
152.0490711 3.734867e-10 
153.4066114 5.360206e-10 
154.7642601 7.104535e-10 
153.4066996 3.882741e-11 
154.7643327 2.140577e-10 
156.1219521 5.486186e-10 
156.1220192 9.19968e-11 
158.8372061 1.263654e-10 
157.4795901 3.486334e-10 
158.8372701 2.443472e-10 
157.4796442 2.151302e-10 
160.1948388 7.340861e-10 
160.1948969 1.562323e-10 
161.5525254 9.980898e-10 
162.9101465 9.16591e-10 
161.5525721 2.619748e-10 
162.9101989 5.378166e-10 
164.2677937 1.148032e-10 
164.2678241 4.118474e-10 
165.6254123 4.239099e-10 
166.9830787 4.8416e-10 
165.6254408 5.245058e-11 
166.9831215 7.539941e-10 
168.3406877 1.069155e-10 
168.3407427 8.783696e-10 
169.6983358 2.398602e-09 
171.0559474 2.328236e-09 
169.6983552 3.794262e-10 
171.0559714 1.711422e-09 
172.4136088 7.17031e-10 
172.4136484 1.767707e-09 
175.1288617 1.706389e-09 
173.771221 4.055891e-10 
175.1288891 1.952506e-09 
173.7712694 9.305326e-10 
176.4864621 9.165804e-10 
176.4865065 3.259714e-09 
177.8441271 2.332589e-10 
179.2017328 1.082909e-09 
177.8441774 2.8914e-09 
179.2017893 5.369339e-10 
180.5593664 2.760787e-09 
180.559405 2.374064e-09 
181.9169752 5.563165e-10 
183.2746363 2.188573e-10 
181.9170102 2.441274e-09 
183.2746781 7.666636e-10 
184.6322428 1.504603e-09 
184.6322753 2.20101e-10 
185.9898591 8.548583e-10 
187.3474615 6.64359e-10 
185.9898992 2.37602e-09 
187.3474975 2.37458e-09 
188.7051213 2.038605e-11 
188.7051488 1.379651e-09 
191.4203563 1.604856e-09 
190.0627193 2.163209e-10 
191.4203757 9.615025e-10 
190.0627437 3.939268e-10 
192.7779487 4.062716e-10 
192.7779686 1.061322e-09 
194.1356009 6.931965e-11 
195.4931823 3.299062e-10 
194.1356261 1.072642e-09 
195.493227 6.392666e-10 
196.8508125 2.819939e-09 
196.8508367 1.226143e-09 
198.2083927 2.464833e-09 
199.5660369 9.65792e-10 
198.2084255 1.979783e-09 
199.5660985 2.103689e-09 
200.923636 8.129548e-11 
200.9236996 9.932168e-10 
202.281236 5.981619e-10 
203.6388206 5.897051e-10 
202.2813092 1.033046e-10 
203.6389161 2.677511e-10 
204.996479 1.092676e-09 
204.9965853 7.961991e-10 
108.6036034 3.544303e-09 
108.6038053 6.13404e-10 
111.3190669 8.979963e-10 
111.3192405 2.051527e-09 
114.0343247 7.73203e-10 
114.0344994 5.893203e-10 
116.7497655 1.648516e-10 
116.749923 4.975018e-10 
119.4650283 6.00578e-10 
119.4651818 2.489282e-10 
122.1804478 3.242634e-10 
122.1805977 1.535252e-10 
124.8957235 8.836429e-10 
124.8958517 2.994194e-10 
127.6111224 3.628244e-10 
127.6112624 8.66436e-10 
130.3263972 1.658636e-09 
130.3265196 1.946647e-09 
133.0417859 2.574178e-10 
133.0419183 1.133294e-09 
135.757065 1.090615e-09 
135.7571734 2.907775e-09 
138.4724424 8.650849e-10 
138.4725507 6.911557e-10 
141.1877137 1.615129e-09 
141.1878134 3.932389e-09 
143.9030836 5.549388e-10 
143.9031695 8.422282e-10 
146.6183432 8.895993e-10 
146.6184429 2.011405e-09 
149.333701 6.818405e-10 
149.3337794 5.619902e-10 
152.0489567 8.012859e-10 
152.0490404 9.054742e-10 
154.7643015 1.451457e-10 
154.764357 4.844058e-10 
157.4795508 3.849958e-10 
157.4796209 8.357259e-11 
160.1948674 4.448868e-10 
160.194926 3.135059e-10 
162.9101317 8.505005e-10 
162.9101675 2.449614e-11 
165.6254229 3.870797e-10 
165.6254711 3.35267e-10 
168.34068 1.331327e-09 
168.3407077 8.867662e-10 
171.0559528 3.257917e-10 
171.0560055 1.794799e-09 
173.7712102 1.155345e-09 
173.771241 2.274055e-09 
176.486479 7.86228e-10 
176.4865362 7.544094e-10 
179.2017164 1.180254e-09 
179.2017587 3.44158e-09 
181.9169915 8.494084e-10 
181.9170307 3.250423e-10 
184.6322218 5.606905e-10 
184.6322611 2.01288e-09 
187.3474798 8.505516e-10 
187.3475155 1.147464e-10 
190.0627074 1.325549e-09 
190.0627287 1.415308e-09 
192.7779593 3.736699e-10 
192.7779791 4.021014e-10 
195.4931732 8.17705e-10 
195.493203 1.814835e-09 
198.2084005 1.99882e-11 
198.2084661 1.369142e-09 
200.9236075 1.180071e-09 
200.9236621 8.952697e-10 
203.6388816 1.112904e-09 
203.6389563 8.671105e-10 
109.9613615 2.575951e-09 
108.603709 1.631876e-09 
109.9615525 1.888209e-09 
108.6039016 3.152501e-09 
111.3189674 2.293481e-09 
111.3191528 6.909515e-10 
112.6766133 1.434608e-09 
114.034419 3.231258e-10 
112.6768108 1.903959e-10 
114.0345813 7.930332e-10 
115.3920755 4.684492e-10 
115.3922348 7.985647e-10 
118.1073358 4.252746e-10 
116.7496774 6.611993e-10 
116.7498428 5.469459e-10 
118.1075006 4.064033e-10 
119.4651078 3.911448e-10 
119.4652623 4.15715e-10 
122.180378 1.788427e-10 
120.822771 3.279255e-10 
122.1805171 5.760004e-11 
120.8229132 2.677151e-11 
123.5380365 7.358406e-10 
123.5381779 2.021591e-10 
126.2534467 7.451335e-10 
124.8957864 2.652572e-10 
126.2535857 9.184589e-10 
124.8959304 5.995648e-10 
127.6110624 1.264638e-09 
127.6111867 9.481616e-10 
128.9687267 1.406512e-09 
130.326455 1.251235e-10 
128.9688436 5.733896e-10 
130.3265929 9.990631e-10 
131.684121 5.264221e-10 
131.6842426 2.074726e-09 
134.3994016 2.84526e-09 
133.0417318 1.839209e-09 
134.3995084 2.014241e-09 
133.0418485 2.471374e-09 
135.757116 6.71057e-10 
135.7572372 7.128377e-10 
137.1147812 7.327783e-11 
138.4723922 1.22972e-09 
138.472495 3.829634e-09 
137.1148931 2.752741e-09 
139.830051 3.087478e-09 
139.8301564 2.546314e-09 
142.5454226 1.628079e-10 
141.1877646 9.137861e-10 
142.5455216 2.250339e-09 
141.187861 9.818555e-10 
143.9030318 1.221334e-09 
143.90313 3.129659e-09 
145.2606925 2.024179e-09 
146.6183972 4.98957e-10 
145.26079 1.988964e-09 
146.6184771 8.208695e-10 
147.9760534 3.950121e-10 
147.9761388 1.712733e-09 
150.6913051 1.407044e-09 
149.3336492 7.348861e-10 
149.3337465 1.266443e-09 
150.6914045 6.998768e-10 
152.0490016 2.153344e-10 
152.049071 3.827924e-10 
154.7642603 7.360254e-10 
153.4066565 6.487002e-10 
154.7643329 2.292906e-10 
153.4067321 5.200548e-10 
156.1219106 1.636239e-10 
156.1219901 1.81278e-10 
158.8372384 2.959239e-10 
157.4795901 3.545772e-10 
158.8372999 9.39598e-11 
157.4796439 2.277817e-10 
160.1948394 7.584748e-10 
160.1948965 1.400016e-10 
161.5525051 4.021455e-10 
162.9101466 9.776131e-10 
161.5525456 1.801634e-10 
162.9101984 5.387422e-10 
164.2678105 1.050373e-09 
164.2678457 1.572479e-10 
166.9830657 8.519551e-10 
165.6254129 4.54104e-10 
166.9830949 2.786055e-10 
165.6254402 5.962851e-11 
168.3406878 1.218504e-10 
168.3407423 9.20786e-10 
171.0559476 2.401897e-09 
169.6983405 9.620801e-10 
171.055971 1.727251e-09 
169.6983871 2.128701e-09 
172.4136053 2.203946e-09 
172.4136202 6.72938e-10 
175.1288723 7.582794e-11 
173.7712208 4.048306e-10 
175.1289154 1.956419e-09 
173.7712692 9.656866e-10 
176.4864618 9.662723e-10 
176.4865064 3.323299e-09 
177.8441122 3.075343e-09 
179.2017324 1.099005e-09 
177.8441489 3.347766e-09 
179.2017894 5.706688e-10 
180.5593832 1.732016e-10 
180.5594286 2.162563e-09 
183.2746157 1.133372e-09 
181.9169747 5.88092e-10 
183.2746589 1.533943e-09 
181.9170104 2.526847e-09 
184.6322425 1.521223e-09 
184.6322755 2.208856e-10 
187.347461 6.957539e-10 
185.9898776 5.625962e-10 
187.3474976 2.476361e-09 
185.9899207 7.059018e-10 
188.7051079 2.117647e-09 
188.7051327 1.839951e-09 
191.4203694 4.038553e-10 
190.0627192 2.200339e-10 
191.4203806 1.073089e-09 
190.0627437 4.07027e-10 
192.7779487 4.157839e-10 
192.7779685 1.109265e-09 
194.135588 1.345962e-09 
195.4931826 3.532226e-10 
194.1356151 1.045609e-09 
195.493227 6.286597e-10 
196.8508162 4.151912e-10 
196.8508662 2.178467e-09 
199.5660342 2.179664e-09 
198.2083926 2.410985e-09 
199.5660632 2.939659e-10 
198.2084257 2.019024e-09 
200.9236361 7.072174e-11 
200.9236997 1.003418e-09 
203.6388209 5.990323e-10 
202.2812668 3.70767e-10 
203.6389163 2.676654e-10 
202.2813452 5.782445e-10 
204.996442 1.101954e-09 
204.9965307 1.6483e-09 
109.96125 1.753612e-09 
109.9614606 1.515003e-10 
112.6767197 1.695967e-09 
112.6768954 1.489343e-09 
115.3919765 6.911677e-10 
115.3921573 3.76671e-10 
118.1074267 2.891415e-10 
118.1075738 3.447689e-10 
120.8226885 1.396675e-10 
120.8228412 3.35652e-10 
123.5381098 4.744447e-10 
123.5382516 5.161352e-10 
126.2533822 1.113169e-09 
126.2535116 1.133177e-10 
128.9687838 4.098505e-10 
128.9689156 1.212959e-09 
131.6840674 2.602232e-09 
131.6841762 1.310033e-09 
134.3994547 5.263815e-10 
134.3995692 2.57755e-09 
137.1147275 2.927372e-09 
137.1148364 2.544411e-09 
139.8301018 2.442549e-10 
139.8302111 2.832983e-09 
142.5453746 2.605007e-09 
142.545473 2.417683e-09 
145.2607429 5.618295e-11 
145.2608306 1.948853e-09 
147.9759997 1.588246e-09 
147.9761029 1.385794e-09 
150.6913553 5.127909e-10 
150.6914404 1.118757e-09 
153.4066114 5.465141e-10 
153.4066998 4.085598e-11 
156.1219521 5.78503e-10 
156.1220195 1.002645e-10 
158.8372064 1.173334e-10 
158.8372701 2.38354e-10 
161.5525257 1.064518e-09 
161.5525719 2.508266e-10 
164.2677939 1.314355e-10 
164.267824 4.475311e-10 
166.983079 5.207845e-10 
166.9831211 7.845501e-10 
169.698336 2.509738e-09 
169.698355 3.797784e-10 
172.4136087 7.388234e-10 
172.4136482 1.80227e-09 
175.1288618 1.837749e-09 
175.1288888 1.986884e-09 
177.8441266 2.312512e-10 
177.8441775 2.96219e-09 
180.5593664 2.886968e-09 
180.5594048 2.428157e-09 
183.2746357 2.16956e-10 
183.2746783 8.077549e-10 
185.9898587 8.946475e-10 
185.9898991 2.445087e-09 
188.7051209 1.791384e-11 
188.705149 1.440917e-09 
191.4203559 1.649104e-09 
191.4203756 9.972384e-10 
194.135601 6.770069e-11 
194.1356261 1.093276e-09 
196.850812 2.836136e-09 
196.850837 1.267443e-09 
199.5660369 9.244612e-10 
199.5660988 2.121085e-09 
202.2812359 5.855795e-10 
202.2813093 1.062302e-10 
204.9964794 1.114803e-09 
204.9965855 7.984595e-10 
