# c_kinat vs. Position.Y (3040 data points):
# Position.Y c_kinat
-0.0083061 1.573026e-10 
1.3494361 8.512372e-11 
1.3497572 2.962364e-11 
-0.0079781 1.357903e-10 
2.7068247 3.614704e-11 
2.7071546 3.881868e-11 
4.0645851 1.730919e-10 
5.4222999 3.720288e-10 
4.0649095 1.261245e-11 
5.4226232 5.808448e-11 
6.7800549 3.243609e-10 
6.7803754 2.166999e-10 
8.137429 2.202292e-10 
9.4951866 5.1648e-10 
8.1377725 8.827497e-11 
9.4955304 1.780358e-10 
10.8529079 6.508878e-10 
10.8532444 6.35899e-10 
13.5680374 7.540188e-10 
12.2106685 3.833883e-10 
13.5683859 2.273554e-10 
12.2109931 7.89675e-10 
14.9257971 1.66194e-09 
14.9261433 8.686113e-10 
16.2835147 1.273617e-09 
17.6412768 3.021785e-10 
16.283856 2.126299e-09 
17.6416046 2.553312e-09 
18.9986504 2.447724e-09 
18.9989953 3.910575e-10 
20.3564139 2.595081e-09 
21.7141344 2.13565e-09 
20.35675 1.713323e-09 
21.7144621 3.260304e-09 
24.4292833 3.153743e-09 
23.0718906 7.690182e-10 
24.4296029 5.229212e-11 
23.0722099 3.735362e-09 
25.7870408 4.885545e-09 
25.7873565 1.68081e-09 
27.1447542 2.846469e-09 
28.5025133 7.061016e-10 
28.5028211 3.088871e-09 
27.1450713 3.339541e-09 
29.8599073 1.739888e-09 
29.8602282 1.400246e-10 
31.2176741 1.763128e-09 
32.5753918 2.387265e-09 
31.2179744 4.266399e-10 
32.5756804 1.297751e-09 
33.9331385 1.472319e-09 
33.9334313 1.639008e-09 
36.648294 1.060892e-09 
35.2905403 7.003383e-10 
35.2908463 2.595492e-10 
36.6485995 3.441642e-10 
38.0060095 3.687513e-10 
38.0063082 1.976569e-10 
40.7211552 2.595202e-10 
39.3637692 3.424305e-10 
40.7214783 1.956478e-10 
39.3640553 1.675132e-10 
42.0789223 2.700675e-10 
42.0792258 2.007712e-10 
43.436636 1.82844e-10 
44.7943883 2.661042e-10 
44.7946873 7.633958e-12 
43.4369374 2.352332e-10 
46.1517839 9.765902e-11 
46.1521049 1.872059e-10 
47.5095411 2.3968e-10 
48.8672614 1.664966e-10 
47.5098593 6.989522e-11 
48.8675688 3.753801e-10 
50.2250189 1.149834e-10 
50.2253203 1.981755e-10 
52.9401776 4.513782e-10 
51.5824206 2.247753e-10 
51.5827306 2.524373e-10 
52.9404876 3.238489e-10 
54.297888 5.518349e-10 
54.2982 6.020917e-10 
57.0130555 8.396289e-10 
55.6556466 2.644969e-10 
57.0133628 2.920767e-10 
55.6559495 1.095752e-09 
58.3708133 1.475521e-09 
58.3711188 6.883861e-10 
59.7285284 2.131656e-09 
61.0862853 1.313549e-09 
61.0865843 2.510913e-09 
59.7288333 1.661446e-09 
62.4437046 1.625707e-09 
62.4440024 1.315922e-10 
63.8014609 3.548372e-09 
65.1591775 3.447838e-09 
63.8017587 6.697583e-10 
65.159464 2.748948e-09 
66.5169362 1.967581e-09 
66.5172108 4.505928e-09 
69.2321205 4.262294e-09 
67.8743588 1.961528e-09 
67.8746439 1.947048e-10 
69.2323941 8.340023e-10 
70.5898315 3.835282e-09 
70.590096 2.895948e-09 
73.3050185 2.085637e-09 
71.9475862 1.359784e-09 
73.305291 2.334888e-10 
71.9478361 3.559593e-09 
74.6627808 2.515127e-09 
74.6630321 6.016788e-10 
76.0204927 1.838426e-09 
77.3782403 7.420652e-10 
77.3784688 1.478019e-09 
76.0207276 1.623611e-09 
78.7356846 8.414431e-10 
78.7359378 3.810167e-10 
80.0934426 7.166078e-10 
81.4511481 2.589529e-10 
80.0936781 6.169959e-10 
81.4513681 3.101183e-10 
82.8088957 2.093999e-10 
82.8091058 4.806084e-11 
85.5240984 1.380404e-10 
84.1663414 2.28474e-10 
84.1665876 3.476698e-10 
85.5243249 3.541484e-10 
86.8817991 4.002669e-10 
86.8820159 2.771122e-10 
89.5969949 2.14604e-10 
88.2395432 8.855077e-10 
89.5972381 6.343628e-10 
88.2397527 6.932636e-10 
90.9547465 7.24487e-10 
90.9549762 1.10951e-10 
92.3124471 1.665455e-09 
93.6701919 1.91172e-09 
93.6704009 1.135086e-09 
92.3126649 2.16699e-10 
95.0276515 6.093839e-11 
95.0278836 1.601834e-09 
96.3853994 5.881957e-10 
97.7430937 1.890713e-09 
96.3856232 4.426694e-10 
97.7433086 1.732001e-11 
99.1008374 2.890371e-09 
99.1010404 8.442989e-10 
101.8160553 1.928203e-10 
100.4583121 2.189608e-10 
100.4585252 2.287391e-09 
101.8162599 9.811914e-10 
103.173745 1.442151e-09 
103.1739417 2.180328e-11 
105.8889765 4.002054e-10 
104.5314798 2.571096e-09 
105.8891626 2.315541e-09 
104.531672 5.219125e-10 
107.2467134 1.429357e-10 
107.2468925 7.703307e-10 
1.349276 1.139276e-10 
-0.0084617 2.566362e-10 
-0.0081451 9.381056e-11 
1.3496008 8.168166e-11 
2.7069909 8.628049e-11 
2.7073155 1.367548e-11 
5.4221282 8.358271e-11 
4.0647501 1.5348e-10 
5.4224647 1.578468e-10 
4.0650642 9.361139e-11 
6.7798878 3.184307e-10 
6.7802177 8.294144e-11 
8.1376034 6.611931e-10 
9.4953601 3.984845e-10 
8.1379345 3.125075e-10 
9.4956874 4.04438e-10 
10.8527308 4.609695e-10 
10.8530812 9.509444e-11 
12.2104905 8.596099e-10 
13.5682125 7.443963e-10 
12.2108401 3.521175e-10 
13.5685496 1.086667e-09 
14.9259732 4.624294e-10 
14.9262978 1.762508e-09 
16.2833435 1.622926e-09 
17.6411027 2.538247e-09 
16.2836886 3.582418e-10 
17.6414468 1.776223e-09 
18.9988217 1.545028e-09 
18.9991623 2.980193e-09 
21.7139663 2.550955e-09 
20.3565842 2.491939e-10 
21.7143005 1.782207e-10 
20.3569075 2.651422e-09 
23.0717292 3.755479e-09 
24.4294437 3.177523e-09 
23.0720507 1.396869e-09 
24.4297633 3.985296e-09 
25.7871979 9.701354e-10 
25.7875169 4.487588e-09 
27.1445932 2.970305e-09 
28.5023548 3.282032e-09 
27.1449132 4.858213e-11 
28.5026675 1.119361e-09 
29.8600743 2.245923e-09 
29.8603768 1.855193e-09 
32.5752281 8.88913e-10 
31.2178291 1.14809e-09 
32.5755373 5.641686e-10 
31.2181224 2.046412e-09 
33.9329868 1.808063e-09 
33.9332829 2.308968e-10 
35.2907 1.430354e-09 
36.6484518 5.23167e-10 
35.2909919 8.942977e-10 
36.648745 8.261805e-10 
38.0058449 1.036289e-10 
38.0061623 3.038038e-10 
39.3636072 2.41569e-10 
40.7213238 4.506085e-10 
39.3639152 2.32542e-10 
40.7216225 1.35957e-10 
42.0790806 8.861056e-11 
42.079368 1.63841e-10 
43.4364699 2.476124e-10 
44.7942311 2.695201e-11 
43.4367912 1.660335e-10 
44.7945403 2.497583e-10 
46.1519473 2.71043e-10 
46.152254 1.166849e-10 
48.8671008 2.708871e-10 
47.5097019 2.296938e-10 
48.8674187 1.203246e-10 
47.5100064 1.956587e-10 
50.2248583 1.631536e-10 
50.2251754 3.302654e-10 
51.582575 7.482254e-11 
52.9403331 3.314998e-10 
51.5828832 3.120934e-10 
52.9406335 5.494211e-10 
54.2977382 4.239882e-10 
54.2980444 1.468073e-10 
55.6554949 1.122295e-09 
57.0132054 1.10798e-09 
55.6558013 5.693654e-10 
57.0135175 1.225961e-09 
58.3709637 5.723083e-10 
58.3712673 1.472834e-09 
59.7283778 1.098255e-09 
61.0861352 2.290038e-09 
59.7286829 3.35664e-10 
61.0864385 5.607089e-10 
62.4438531 3.068956e-09 
62.4441482 2.368395e-09 
65.159032 2.05934e-09 
63.80161 1.785243e-09 
65.1593221 1.841701e-10 
63.8018987 3.782018e-09 
66.5167899 4.280279e-09 
66.5170771 8.218891e-10 
67.874503 3.867028e-09 
69.2322614 1.713483e-09 
67.8747803 2.861552e-09 
69.2325225 4.461573e-09 
70.5896872 2.166919e-09 
70.5899671 1.038975e-10 
71.9474509 3.509147e-09 
73.305162 3.040263e-09 
71.9477116 8.162357e-10 
73.3054112 2.468496e-09 
74.662912 1.23925e-09 
74.6631518 2.493636e-09 
76.020352 1.510213e-09 
77.3781115 1.723762e-09 
76.0206142 2.871241e-10 
77.3783547 5.218509e-10 
78.7358214 7.224865e-10 
78.7360464 8.056482e-10 
81.4510144 3.062113e-10 
81.4512621 4.610298e-10 
80.0935689 3.025152e-10 
80.0937864 5.043462e-10 
82.8087722 1.121262e-10 
82.8090011 5.051723e-10 
84.1664737 2.266438e-10 
85.5242198 3.727745e-10 
84.1666916 2.429494e-10 
85.5244281 2.19541e-10 
86.8816679 2.953284e-10 
86.8819133 3.751621e-10 
88.2394224 4.444658e-10 
89.5971238 1.003295e-09 
88.2396501 2.064885e-10 
89.5973405 2.621689e-10 
90.9548673 1.360566e-09 
90.9550776 1.07056e-09 
92.3123229 1.385767e-10 
93.6700723 7.184787e-10 
92.3125615 1.002227e-09 
93.670301 1.85889e-10 
95.02777 1.942793e-09 
95.027988 1.170714e-10 
97.7429811 6.56585e-11 
96.3855155 2.504453e-09 
97.7432048 1.992622e-09 
96.3857218 1.041902e-09 
99.1007271 3.855483e-10 
99.1009426 7.314502e-10 
100.4584192 1.572452e-09 
101.8161584 2.845808e-09 
100.4586262 1.479359e-12 
101.8163572 6.441889e-10 
103.1736443 3.64455e-10 
103.1738447 2.410268e-09 
104.5313844 1.289187e-10 
105.88907 1.346634e-09 
104.5315764 9.680182e-10 
105.8892562 2.575888e-11 
107.2468018 2.138448e-09 
107.2469855 5.156177e-10 
-0.0083063 1.565562e-10 
-0.0079781 1.425393e-10 
2.7068246 3.674247e-11 
2.7071546 3.848278e-11 
5.4222998 3.814294e-10 
5.4226232 6.07045e-11 
8.1374291 2.333336e-10 
8.1377724 8.841683e-11 
10.8529078 6.65351e-10 
10.8532444 6.483176e-10 
13.5680376 7.780333e-10 
13.5683859 2.258784e-10 
16.2835147 1.30029e-09 
16.283856 2.141537e-09 
18.9986505 2.483665e-09 
18.9989953 3.846171e-10 
21.7141345 2.163182e-09 
21.7144621 3.263494e-09 
24.4292835 3.174941e-09 
24.429603 5.082382e-11 
27.1447545 2.847888e-09 
27.1450712 3.343941e-09 
29.8599074 1.728568e-09 
29.8602284 1.424551e-10 
32.575392 2.374682e-09 
32.5756804 1.307981e-09 
35.2905403 7.108163e-10 
35.2908464 2.593389e-10 
38.0060096 3.548314e-10 
38.0063082 2.078591e-10 
40.7211551 2.520289e-10 
40.7214784 1.831637e-10 
43.4366359 1.698027e-10 
43.4369374 2.352162e-10 
46.1517838 1.036345e-10 
46.1521049 1.952314e-10 
48.8672612 1.67831e-10 
48.8675689 3.869336e-10 
51.5824205 2.344625e-10 
51.5827305 2.635124e-10 
54.2978879 5.305403e-10 
54.2981999 6.254336e-10 
57.0130555 8.722762e-10 
57.0133627 2.900207e-10 
59.7285283 2.104371e-09 
59.7288331 1.699327e-09 
62.4437046 1.656443e-09 
62.4440021 1.260886e-10 
65.1591773 3.462459e-09 
65.1594639 2.780888e-09 
67.8743588 1.998854e-09 
67.8746437 1.931385e-10 
70.5898313 3.894027e-09 
70.5900959 2.914451e-09 
73.3050186 2.112506e-09 
73.3052908 2.382662e-10 
76.0204926 1.891924e-09 
76.0207275 1.615574e-09 
78.7356847 8.375837e-10 
78.7359376 3.792238e-10 
81.451148 2.72669e-10 
81.451368 3.034964e-10 
84.1663416 2.268357e-10 
84.1665876 3.355302e-10 
86.8817992 3.674839e-10 
86.8820158 2.832903e-10 
89.5969951 2.206189e-10 
89.5972382 5.951769e-10 
92.3124473 1.613474e-09 
92.3126648 2.301986e-10 
95.0276516 6.9089e-11 
95.0278837 1.533547e-09 
97.743094 1.847537e-09 
97.7433085 2.188708e-11 
100.4583122 2.058885e-10 
100.4585254 2.224474e-09 
103.1737452 1.435139e-09 
103.1739417 1.73358e-11 
105.8889766 3.727347e-10 
105.8891628 2.273348e-09 
-0.008462 2.602578e-10 
1.349436 8.726424e-11 
-0.0081451 1.003389e-10 
1.3497573 2.994133e-11 
2.7069908 8.655991e-11 
2.7073155 1.376841e-11 
4.0645851 1.783482e-10 
5.4221282 8.496695e-11 
5.4224645 1.54364e-10 
4.0649094 1.183748e-11 
6.7800548 3.258606e-10 
6.7803754 2.221872e-10 
9.4951865 5.340824e-10 
8.1376033 6.680008e-10 
9.4955304 1.835254e-10 
8.1379345 3.217111e-10 
10.8527308 4.79759e-10 
10.8530812 9.715688e-11 
13.5682125 7.579825e-10 
12.2106684 3.887207e-10 
12.2109932 8.015549e-10 
13.5685495 1.103039e-09 
14.9257971 1.693884e-09 
14.9261433 8.758266e-10 
16.2833437 1.661711e-09 
16.2836886 3.599035e-10 
17.6412768 3.058013e-10 
17.6416047 2.563333e-09 
18.9988217 1.551934e-09 
18.9991623 2.990588e-09 
20.3564139 2.616221e-09 
21.7139665 2.570484e-09 
21.7143005 1.758209e-10 
20.3567501 1.711475e-09 
24.4294439 3.168371e-09 
23.0718908 7.715251e-10 
24.4297633 3.99836e-09 
23.0722099 3.746102e-09 
25.7870408 4.884036e-09 
25.7873566 1.688565e-09 
27.1445934 2.959115e-09 
27.1449133 5.257531e-11 
28.5025135 6.960568e-10 
28.5028211 3.09402e-09 
29.8600745 2.212877e-09 
29.8603767 1.86409e-09 
31.2176741 1.754186e-09 
32.5752281 8.913167e-10 
32.5755374 5.567589e-10 
31.2179745 4.366721e-10 
33.9331387 1.445501e-09 
33.9334314 1.644597e-09 
36.648294 1.05525e-09 
35.2907001 1.394522e-09 
36.6485996 3.547515e-10 
35.2909919 9.082805e-10 
38.0058448 1.049914e-10 
38.0061624 2.992111e-10 
40.7213237 4.443501e-10 
39.3637693 3.258092e-10 
40.7216226 1.372257e-10 
39.3640554 1.698873e-10 
42.0789222 2.695924e-10 
42.079226 1.999927e-10 
43.4364697 2.517439e-10 
43.4367912 1.544775e-10 
44.7943883 2.591901e-10 
44.7946874 8.228796e-12 
46.1519471 2.58059e-10 
46.1522541 1.229341e-10 
47.5095409 2.341747e-10 
48.8671006 2.656953e-10 
48.8674186 1.370811e-10 
47.5098594 7.907545e-11 
50.2250188 1.148762e-10 
50.2253203 1.990238e-10 
52.9401776 4.521999e-10 
51.5825748 6.842379e-11 
52.9404875 3.444864e-10 
51.5828832 3.185586e-10 
54.2977381 4.429398e-10 
54.2980442 1.531991e-10 
57.0132052 1.092046e-09 
55.6556465 2.531795e-10 
57.0135174 1.251145e-09 
55.6559495 1.11552e-09 
58.3708134 1.494873e-09 
58.3711186 7.061359e-10 
59.7283778 1.128356e-09 
59.7286826 3.320559e-10 
61.0862852 1.285781e-09 
61.0865842 2.53118e-09 
62.4438529 3.066702e-09 
62.4441481 2.385014e-09 
63.801461 3.574223e-09 
65.159032 2.07852e-09 
65.1593218 1.871693e-10 
63.8017585 6.827243e-10 
66.516936 1.983812e-09 
66.5172107 4.533749e-09 
69.2321206 4.327258e-09 
67.8745028 3.93101e-09 
69.2323939 8.344905e-10 
67.8747802 2.872128e-09 
70.5896872 2.201965e-09 
70.589967 1.094481e-10 
73.3051619 3.112907e-09 
71.947586 1.392961e-09 
73.3054111 2.465057e-09 
71.947836 3.578893e-09 
74.6627808 2.558683e-09 
74.663032 5.892706e-10 
76.0203521 1.524301e-09 
76.0206142 2.894982e-10 
77.3782402 7.750933e-10 
77.3784688 1.485378e-09 
78.7358213 7.610195e-10 
78.7360464 8.01795e-10 
80.0934426 7.382589e-10 
81.4510145 3.10519e-10 
81.4512621 4.593795e-10 
80.093678 6.035939e-10 
82.8088956 2.034655e-10 
82.8091058 4.786212e-11 
85.5240984 1.280044e-10 
84.1664739 2.070658e-10 
85.5243249 3.457248e-10 
84.1666915 2.414406e-10 
86.8816681 2.883687e-10 
86.8819134 3.633206e-10 
89.597124 9.740154e-10 
88.2395432 8.486104e-10 
89.5973404 2.684207e-10 
88.2397527 6.947858e-10 
90.9547465 7.213474e-10 
90.9549762 1.020713e-10 
92.3123232 1.527655e-10 
92.3125616 9.745054e-10 
93.6701919 1.855869e-09 
93.670401 1.141301e-09 
95.0277704 1.911362e-09 
95.0279879 1.240249e-10 
96.3853994 5.815597e-10 
97.7429813 7.053959e-11 
97.743205 1.968023e-09 
96.3856233 4.231563e-10 
99.1008375 2.846692e-09 
99.1010405 8.503529e-10 
101.8160553 1.958424e-10 
100.4584195 1.574076e-09 
101.81626 9.572485e-10 
100.4586262 1.140893e-12 
103.1736445 3.509655e-10 
103.1738449 2.410028e-09 
105.8890703 1.374656e-09 
104.5314799 2.564972e-09 
105.8892562 2.242688e-11 
104.5316721 5.331459e-10 
107.2467133 1.475994e-10 
107.2468926 7.550587e-10 
1.3492759 1.103821e-10 
1.3496009 8.272064e-11 
4.0647501 1.530699e-10 
4.0650642 9.39648e-11 
6.7798877 3.256387e-10 
6.7802177 8.166467e-11 
9.4953601 3.949841e-10 
9.4956875 4.09196e-10 
12.2104905 8.746612e-10 
12.2108402 3.600198e-10 
14.9259732 4.623061e-10 
14.9262978 1.76944e-09 
17.6411026 2.543152e-09 
17.6414469 1.787602e-09 
20.3565844 2.467479e-10 
20.3569076 2.656597e-09 
23.0717292 3.746067e-09 
23.0720508 1.409797e-09 
25.7871981 9.505396e-10 
25.7875169 4.491541e-09 
28.5023549 3.254805e-09 
28.5026675 1.140597e-09 
31.2178292 1.117496e-09 
31.2181224 2.044876e-09 
33.9329869 1.788878e-09 
33.933283 2.413969e-10 
36.6484518 4.955075e-10 
36.648745 8.234425e-10 
39.3636072 2.411623e-10 
39.3639152 2.351503e-10 
42.0790806 8.005524e-11 
42.079368 1.689658e-10 
44.794231 2.38883e-11 
44.7945403 2.549978e-10 
47.5097019 2.202199e-10 
47.5100063 1.869298e-10 
50.2248583 1.486591e-10 
50.2251754 3.371359e-10 
52.940333 3.420119e-10 
52.9406334 5.596389e-10 
55.655495 1.144963e-09 
55.6558011 5.755214e-10 
58.3709636 5.581952e-10 
58.3712672 1.481668e-09 
61.0861354 2.299386e-09 
61.0864383 5.611433e-10 
63.80161 1.795583e-09 
63.8018986 3.785555e-09 
66.51679 4.320671e-09 
66.5170769 8.170297e-10 
69.2322613 1.751498e-09 
69.2325224 4.470054e-09 
71.9474508 3.557525e-09 
71.9477116 8.016026e-10 
74.662912 1.269494e-09 
74.6631519 2.503667e-09 
77.3781113 1.765382e-09 
77.3783548 5.129892e-10 
80.093569 3.102053e-10 
80.0937865 5.141926e-10 
82.808772 1.191941e-10 
82.8090012 4.996724e-10 
85.5242199 3.560132e-10 
85.5244282 2.163002e-10 
88.2394223 4.403561e-10 
88.2396503 2.013448e-10 
90.9548673 1.353036e-09 
90.9550778 1.070695e-09 
93.6700723 7.201004e-10 
93.6703012 1.859433e-10 
96.3855156 2.501409e-09 
96.3857219 1.037492e-09 
99.1007271 3.806598e-10 
99.1009427 7.372892e-10 
101.8161585 2.880448e-09 
101.8163572 6.463453e-10 
104.5313843 1.370161e-10 
104.5315765 9.787943e-10 
107.2468019 2.177517e-09 
107.2469856 5.194001e-10 
-0.0083064 1.509211e-10 
1.3494361 8.928552e-11 
1.3497573 2.917691e-11 
-0.007978 1.426264e-10 
2.7068246 3.709804e-11 
2.7071546 3.826995e-11 
4.0645851 1.7862e-10 
5.4222997 3.808505e-10 
4.0649094 1.117962e-11 
5.4226231 6.125045e-11 
6.7800548 3.171614e-10 
6.7803755 2.199429e-10 
8.137429 2.402948e-10 
9.4951864 5.318869e-10 
8.1377723 8.466486e-11 
9.4955305 1.846912e-10 
10.8529078 6.628497e-10 
10.8532445 6.56491e-10 
13.5680376 7.994503e-10 
12.2106686 3.845428e-10 
13.5683859 2.307998e-10 
12.2109932 8.020421e-10 
14.925797 1.688487e-09 
14.9261435 8.878111e-10 
16.2835147 1.293694e-09 
17.6412769 3.029952e-10 
16.283856 2.154706e-09 
17.6416047 2.559902e-09 
18.9986506 2.490846e-09 
18.9989953 3.900845e-10 
20.3564139 2.593084e-09 
21.7141346 2.14241e-09 
20.3567502 1.727887e-09 
21.7144621 3.276463e-09 
24.4292836 3.170801e-09 
24.429603 5.509723e-11 
23.0718908 7.495119e-10 
23.0722099 3.745018e-09 
25.7870409 4.844759e-09 
25.7873567 1.714201e-09 
27.1447546 2.802984e-09 
28.5025134 6.714553e-10 
27.1450712 3.358051e-09 
28.5028211 3.089419e-09 
29.8599075 1.720523e-09 
29.8602284 1.390571e-10 
31.2176742 1.734183e-09 
32.5753921 2.324026e-09 
31.2179744 4.485197e-10 
32.5756804 1.317025e-09 
33.9331387 1.410711e-09 
33.9334313 1.635134e-09 
35.2905403 7.043859e-10 
36.6482941 1.031546e-09 
35.2908464 2.528374e-10 
36.6485995 3.568943e-10 
38.0060095 3.434357e-10 
38.0063083 2.09126e-10 
40.7211549 2.642295e-10 
40.7214784 1.710849e-10 
39.3637693 3.22354e-10 
39.3640553 1.682355e-10 
42.0789223 2.873492e-10 
42.0792259 2.054188e-10 
43.4366357 1.625596e-10 
44.7943883 2.468282e-10 
43.4369375 2.433154e-10 
44.7946872 8.882332e-12 
46.1517836 9.902123e-11 
46.1521049 1.983056e-10 
47.509541 2.100073e-10 
48.867261 1.532968e-10 
47.5098593 7.767817e-11 
48.8675689 3.787498e-10 
50.2250188 1.190005e-10 
50.2253202 1.90446e-10 
51.5824204 2.253626e-10 
52.9401777 4.618529e-10 
51.5827303 2.744618e-10 
52.9404874 3.373875e-10 
54.2978876 5.388593e-10 
54.2981999 6.327939e-10 
57.0130554 8.938245e-10 
57.0133625 2.901898e-10 
55.6556465 2.657347e-10 
55.6559494 1.121735e-09 
58.3708135 1.507679e-09 
58.3711185 6.923932e-10 
59.7285281 2.099627e-09 
61.0862852 1.294803e-09 
59.7288331 1.696373e-09 
61.0865841 2.51457e-09 
62.4437046 1.655115e-09 
62.4440019 1.300652e-10 
63.8014612 3.574975e-09 
65.1591772 3.502021e-09 
63.8017584 6.677293e-10 
65.1594639 2.771443e-09 
66.5169361 2.019212e-09 
66.5172108 4.517971e-09 
67.8743588 2.013249e-09 
69.2321205 4.348575e-09 
67.8746436 2.035857e-10 
69.232394 8.171161e-10 
70.5898313 3.957376e-09 
70.5900959 2.901941e-09 
73.3050186 2.123557e-09 
73.3052908 2.399557e-10 
71.9475861 1.414701e-09 
71.9478361 3.572462e-09 
74.6627806 2.584402e-09 
74.6630322 5.797705e-10 
76.0204926 1.937357e-09 
77.3782403 7.802376e-10 
76.0207275 1.614209e-09 
77.3784689 1.498713e-09 
78.7356847 8.594383e-10 
78.7359377 3.822247e-10 
80.0934424 7.656792e-10 
81.4511482 2.696824e-10 
80.0936783 6.078482e-10 
81.451368 3.067652e-10 
82.8088957 1.922127e-10 
82.809106 5.125072e-11 
84.1663417 2.199147e-10 
85.5240982 1.255101e-10 
84.1665877 3.377712e-10 
85.5243251 3.440643e-10 
86.8817995 3.527055e-10 
86.8820158 2.792415e-10 
89.5969953 2.211837e-10 
89.5972383 6.014145e-10 
88.2395433 8.661012e-10 
88.2397529 6.901888e-10 
90.9547464 7.315266e-10 
90.9549764 1.065215e-10 
92.3124476 1.615328e-09 
93.670192 1.898605e-09 
92.3126648 2.312475e-10 
93.6704011 1.132327e-09 
95.0276519 8.351501e-11 
95.0278838 1.552381e-09 
96.3853994 5.783686e-10 
97.7430943 1.857824e-09 
96.3856234 4.473667e-10 
97.7433085 2.17011e-11 
99.1008375 2.913489e-09 
99.1010406 8.399685e-10 
100.4583124 2.108198e-10 
101.8160552 1.986579e-10 
100.4585255 2.266839e-09 
101.8162601 9.954654e-10 
103.1737455 1.47701e-09 
103.1739417 1.846168e-11 
105.8889768 3.672704e-10 
105.8891629 2.32837e-09 
104.5314799 2.642178e-09 
104.5316721 5.291952e-10 
107.2467132 1.529667e-10 
107.2468926 7.884983e-10 
-0.0084621 2.49624e-10 
-0.008145 1.017126e-10 
2.7069909 8.620566e-11 
2.7073155 1.343445e-11 
5.4221282 8.352795e-11 
5.4224645 1.493436e-10 
8.1376032 6.537742e-10 
8.1379346 3.200989e-10 
10.8527307 4.812393e-10 
10.8530813 9.934615e-11 
13.5682125 7.444776e-10 
13.5685495 1.10689e-09 
16.2833436 1.66042e-09 
16.2836886 3.707351e-10 
18.9988218 1.524267e-09 
18.9991623 2.995767e-09 
21.7139665 2.554234e-09 
21.7143006 1.807205e-10 
24.4294439 3.120525e-09 
24.4297633 4.012213e-09 
27.1445935 2.944123e-09 
27.1449132 5.820825e-11 
29.8600744 2.171953e-09 
29.8603768 1.870682e-09 
32.5752281 8.915108e-10 
32.5755373 5.457563e-10 
35.2907 1.364446e-09 
35.2909919 9.044698e-10 
38.0058447 9.655536e-11 
38.0061623 2.934293e-10 
40.7213236 4.559154e-10 
40.7216226 1.416275e-10 
43.4364695 2.7208e-10 
43.4367911 1.540723e-10 
46.1519469 2.412935e-10 
46.152254 1.18424e-10 
48.8671005 2.414185e-10 
48.8674185 1.344173e-10 
51.5825745 7.501245e-11 
51.5828832 3.071871e-10 
54.2977381 4.434454e-10 
54.2980441 1.579863e-10 
57.013205 1.109724e-09 
57.0135174 1.236148e-09 
59.7283778 1.116745e-09 
59.7286825 3.343093e-10 
62.4438528 3.08582e-09 
62.4441481 2.354234e-09 
65.159032 2.062607e-09 
65.1593218 1.991774e-10 
67.8745029 3.963728e-09 
67.8747802 2.844583e-09 
70.5896871 2.191943e-09 
70.5899671 1.147949e-10 
73.305162 3.132937e-09 
73.3054112 2.452669e-09 
76.020352 1.536752e-09 
76.0206143 2.881282e-10 
78.7358215 7.604296e-10 
78.7360464 8.140183e-10 
81.4510144 3.249523e-10 
81.4512623 4.666274e-10 
84.166474 1.965105e-10 
84.1666916 2.391579e-10 
86.8816681 2.77158e-10 
86.8819135 3.793581e-10 
89.5971242 9.976467e-10 
89.5973404 2.604694e-10 
92.3123233 1.591533e-10 
92.3125617 1.021209e-09 
95.0277705 1.946675e-09 
95.0279879 1.179485e-10 
97.7429815 8.112326e-11 
97.7432051 2.040616e-09 
100.4584196 1.616681e-09 
100.4586261 2.432784e-12 
103.1736446 3.64113e-10 
103.1738449 2.496144e-09 
105.8890704 1.417504e-09 
105.8892562 2.592981e-11 
1.3492761 1.072279e-10 
-0.0083063 1.482289e-10 
1.3496009 7.912735e-11 
-0.007978 1.359368e-10 
2.7068246 3.671917e-11 
2.7071547 3.84538e-11 
5.4222997 3.710968e-10 
4.0647501 1.516886e-10 
4.0650642 9.177154e-11 
5.4226232 5.888964e-11 
6.7798876 3.171139e-10 
6.7802178 7.881177e-11 
8.1374289 2.309705e-10 
8.1377725 8.230069e-11 
9.4953602 3.862703e-10 
9.4956875 4.031698e-10 
10.8529078 6.469448e-10 
10.8532445 6.490371e-10 
12.2104905 8.619078e-10 
13.5680375 7.882714e-10 
13.568386 2.354513e-10 
12.2108403 3.617377e-10 
14.9259734 4.542108e-10 
14.9262979 1.757915e-09 
17.6411026 2.508242e-09 
16.2835147 1.263001e-09 
17.641447 1.800703e-09 
16.283856 2.147508e-09 
18.9986504 2.458886e-09 
18.9989954 4.000783e-10 
21.7141345 2.102222e-09 
20.3565845 2.355142e-10 
20.3569076 2.650317e-09 
21.7144621 3.281152e-09 
23.0717293 3.703424e-09 
24.4292836 3.146608e-09 
24.4296029 5.934569e-11 
23.0720508 1.428939e-09 
25.787198 9.269031e-10 
25.7875169 4.482687e-09 
28.5023549 3.233432e-09 
27.1447544 2.774022e-09 
28.5026675 1.155125e-09 
27.1450713 3.362279e-09 
29.8599075 1.726577e-09 
29.8602282 1.345621e-10 
32.5753919 2.30541e-09 
31.217829 1.095962e-09 
31.2181224 2.037018e-09 
32.5756804 1.31239e-09 
33.932987 1.767636e-09 
33.9332828 2.422302e-10 
35.2905402 6.903787e-10 
36.6484517 4.907089e-10 
35.2908462 2.486949e-10 
36.6487449 8.094978e-10 
38.0060094 3.501718e-10 
38.0063082 1.99776e-10 
39.3636073 2.446078e-10 
40.7211548 2.802673e-10 
40.7214783 1.752417e-10 
39.3639151 2.328111e-10 
42.0790806 8.601481e-11 
42.0793678 1.760579e-10 
44.7942312 2.347584e-11 
43.4366357 1.709136e-10 
44.7945401 2.575289e-10 
43.4369374 2.484172e-10 
46.1517836 9.111935e-11 
46.1521048 1.912063e-10 
48.8672609 1.429552e-10 
47.5097019 2.061538e-10 
47.5100061 1.759136e-10 
48.8675689 3.621857e-10 
50.2248584 1.373387e-10 
50.2251752 3.23148e-10 
51.5824204 2.106224e-10 
52.940333 3.619212e-10 
51.5827303 2.697273e-10 
52.9406333 5.577554e-10 
54.2978876 5.653544e-10 
54.2982 6.140018e-10 
55.6554952 1.15875e-09 
57.0130555 8.743267e-10 
57.0133625 2.925621e-10 
55.6558011 5.514443e-10 
58.3709636 5.771726e-10 
58.3712672 1.462696e-09 
61.0861355 2.286379e-09 
59.7285281 2.123914e-09 
61.0864384 5.375863e-10 
59.7288332 1.656653e-09 
62.4437046 1.622751e-09 
62.444002 1.384603e-10 
65.1591773 3.5115e-09 
63.8016101 1.826841e-09 
63.8018987 3.752634e-09 
65.159464 2.733643e-09 
66.51679 4.305554e-09 
66.5170771 7.960408e-10 
67.8743587 1.984349e-09 
69.2322615 1.763764e-09 
67.8746438 2.118445e-10 
69.2325226 4.440889e-09 
70.5898314 3.937175e-09 
70.590096 2.875882e-09 
71.9474507 3.540492e-09 
73.3050184 2.103696e-09 
73.305291 2.360544e-10 
71.9477119 7.901247e-10 
74.6629122 1.261997e-09 
74.663152 2.501162e-09 
77.3781111 1.780077e-09 
76.0204928 1.911391e-09 
77.3783551 5.212037e-10 
76.0207276 1.621677e-09 
78.7356846 8.77741e-10 
78.7359379 3.853669e-10 
81.4511482 2.533814e-10 
80.0935691 2.921947e-10 
80.0937867 5.239739e-10 
81.4513681 3.157203e-10 
82.8087718 1.24505e-10 
82.8090015 5.088357e-10 
84.1663416 2.181377e-10 
85.52422 3.704089e-10 
84.1665878 3.508447e-10 
85.5244284 2.140345e-10 
86.8817995 3.755951e-10 
86.8820159 2.708809e-10 
88.2394222 4.497236e-10 
89.5969952 2.157552e-10 
89.5972383 6.44496e-10 
88.2396505 2.045556e-10 
90.9548674 1.414868e-09 
90.9550779 1.061866e-09 
93.6700722 7.265837e-10 
92.3124476 1.667929e-09 
93.6703013 2.089337e-10 
92.3126648 2.186441e-10 
95.0276519 8.392329e-11 
95.0278838 1.633066e-09 
97.7430942 1.907253e-09 
96.3855156 2.58988e-09 
96.3857219 1.0223e-09 
97.7433085 1.713715e-11 
99.100727 3.793789e-10 
99.1009427 7.852565e-10 
100.4583124 2.262006e-10 
101.8161584 2.972395e-09 
100.4585255 2.357037e-09 
101.8163572 6.339996e-10 
103.1737454 1.509834e-09 
103.1739417 2.364608e-11 
104.5313843 1.380117e-10 
105.8889767 3.903345e-10 
105.8891629 2.405609e-09 
104.5315765 1.031028e-09 
107.2468018 2.244146e-09 
107.2469855 5.09093e-10 
1.3494362 8.829693e-11 
1.3497571 2.842317e-11 
4.0645851 1.735524e-10 
4.0649095 1.153461e-11 
6.7800549 3.104058e-10 
6.7803755 2.131141e-10 
9.4951865 5.13165e-10 
9.4955306 1.798262e-10 
12.2106687 3.767859e-10 
12.2109931 7.904816e-10 
14.925797 1.653348e-09 
14.9261435 8.879509e-10 
17.641277 2.979248e-10 
17.6416047 2.547683e-09 
20.3564139 2.55754e-09 
20.3567502 1.739803e-09 
23.0718908 7.336387e-10 
23.0722099 3.733555e-09 
25.7870409 4.821814e-09 
25.7873565 1.722241e-09 
28.5025132 6.66347e-10 
28.5028211 3.081483e-09 
31.2176742 1.731053e-09 
31.2179743 4.456633e-10 
33.9331385 1.415675e-09 
33.9334312 1.623875e-09 
36.6482941 1.023025e-09 
36.6485993 3.473047e-10 
39.3637692 3.362584e-10 
39.3640552 1.650735e-10 
42.0789224 2.992551e-10 
42.0792257 2.092843e-10 
44.7943883 2.457952e-10 
44.7946871 8.844888e-12 
47.5095412 2.008471e-10 
47.5098591 6.768378e-11 
50.2250189 1.217136e-10 
50.2253201 1.843e-10 
52.9401778 4.667893e-10 
52.9404874 3.127819e-10 
55.6556465 2.848501e-10 
55.6559494 1.105727e-09 
58.3708135 1.495504e-09 
58.3711186 6.667374e-10 
61.0862853 1.328021e-09 
61.0865842 2.48405e-09 
63.8014611 3.548809e-09 
63.8017587 6.459802e-10 
66.5169362 2.024686e-09 
66.5172109 4.480491e-09 
69.2321205 4.296874e-09 
69.2323943 8.060431e-10 
71.9475863 1.394661e-09 
71.9478362 3.549386e-09 
74.6627805 2.557287e-09 
74.6630325 5.862366e-10 
77.3782405 7.501766e-10 
77.378469 1.499767e-09 
80.0934423 7.611867e-10 
80.0936785 6.239834e-10 
82.8088958 1.911939e-10 
82.8091061 5.352963e-11 
85.5240981 1.333386e-10 
85.5243253 3.520044e-10 
88.2395433 9.141896e-10 
88.239753 6.85617e-10 
90.9547464 7.396323e-10 
90.9549764 1.19156e-10 
93.6701919 1.981603e-09 
93.6704011 1.120216e-09 
96.3853993 5.816318e-10 
96.3856234 4.830486e-10 
99.1008374 2.999148e-09 
99.1010405 8.271544e-10 
101.8160552 1.960961e-10 
101.81626 1.04416e-09 
104.5314798 2.696324e-09 
104.5316721 5.153081e-10 
107.2467133 1.505476e-10 
107.2468924 8.254045e-10 
1.3492762 1.086979e-10 
-0.0084619 2.39704e-10 
-0.0081449 9.594858e-11 
1.3496008 7.596451e-11 
2.7069909 8.570477e-11 
2.7073155 1.316451e-11 
5.4221281 8.115712e-11 
4.0647502 1.512193e-10 
5.4224646 1.496849e-10 
4.0650642 9.010352e-11 
6.7798877 3.049935e-10 
6.7802179 7.828752e-11 
8.1376033 6.384947e-10 
9.4953603 3.842645e-10 
8.1379346 3.098906e-10 
9.4956874 3.947809e-10 
10.8527306 4.634071e-10 
10.8530814 9.854021e-11 
12.2104905 8.392978e-10 
13.5682125 7.229244e-10 
12.2108403 3.548337e-10 
13.5685496 1.092839e-09 
14.9259734 4.493904e-10 
14.9262978 1.743891e-09 
16.2833434 1.620646e-09 
17.6411027 2.48201e-09 
16.2836887 3.757593e-10 
17.6414469 1.797278e-09 
18.9988217 1.500668e-09 
18.9991623 2.988463e-09 
21.7139664 2.524453e-09 
20.3565844 2.310144e-10 
21.7143005 1.861139e-10 
20.3569075 2.641326e-09 
23.0717293 3.686651e-09 
24.4294437 3.100188e-09 
23.0720506 1.427752e-09 
24.4297633 4.007704e-09 
25.7871978 9.316966e-10 
25.7875169 4.473393e-09 
27.1445934 2.946194e-09 
28.5023549 3.247951e-09 
27.1449131 5.758808e-11 
28.5026673 1.142753e-09 
29.8600741 2.179509e-09 
29.8603768 1.865988e-09 
32.5752281 8.898084e-10 
31.2178288 1.112795e-09 
32.5755371 5.459954e-10 
31.2181223 2.03387e-09 
33.9329869 1.774026e-09 
33.9332827 2.32146e-10 
35.2906998 1.381305e-09 
36.6484516 5.150796e-10 
35.2909919 8.883074e-10 
36.6487448 8.03696e-10 
38.0058447 9.043978e-11 
38.0061622 2.939346e-10 
39.3636074 2.46982e-10 
40.7213236 4.689281e-10 
39.3639149 2.288973e-10 
40.7216225 1.432529e-10 
42.0790806 9.852897e-11 
42.0793677 1.752382e-10 
43.4364696 2.80731e-10 
44.7942313 2.565706e-11 
43.4367911 1.652873e-10 
44.79454 2.543987e-10 
46.151947 2.437546e-10 
46.1522539 1.095419e-10 
48.8671006 2.315546e-10 
47.5097019 2.075914e-10 
48.8674185 1.16523e-10 
47.5100061 1.776012e-10 
50.2248585 1.438275e-10 
50.2251752 3.084366e-10 
51.5825747 8.535749e-11 
52.9403331 3.640766e-10 
51.5828832 2.938405e-10 
52.9406334 5.461428e-10 
54.2977382 4.244519e-10 
54.2980442 1.553625e-10 
55.6554951 1.143638e-09 
57.0132051 1.136151e-09 
55.6558012 5.311349e-10 
57.0135175 1.201871e-09 
58.3709637 6.029322e-10 
58.3712673 1.442147e-09 
59.7283778 1.079169e-09 
61.0861354 2.268648e-09 
59.7286827 3.399225e-10 
61.0864386 5.229509e-10 
62.4438529 3.099371e-09 
62.4441482 2.318891e-09 
65.1590319 2.033647e-09 
63.8016102 1.835717e-09 
65.1593221 2.037249e-10 
63.8018988 3.728999e-09 
66.5167899 4.256289e-09 
66.5170773 7.879672e-10 
67.8745031 3.919727e-09 
69.2322617 1.733312e-09 
67.8747803 2.817244e-09 
69.2325227 4.414545e-09 
70.589687 2.151335e-09 
70.5899673 1.123222e-10 
71.9474507 3.48245e-09 
73.3051622 3.07247e-09 
71.9477121 7.975261e-10 
73.3054113 2.448575e-09 
74.6629124 1.227197e-09 
74.6631521 2.489608e-09 
76.0203519 1.530729e-09 
77.3781112 1.747458e-09 
76.0206145 2.848737e-10 
77.3783552 5.352359e-10 
78.7358215 7.213946e-10 
78.7360465 8.254674e-10 
81.4510143 3.290533e-10 
80.0935692 2.739908e-10 
81.4512624 4.733596e-10 
80.0937867 5.19939e-10 
82.8087718 1.198385e-10 
82.8090015 5.205158e-10 
84.166474 2.094584e-10 
85.52422 3.971416e-10 
84.1666917 2.392596e-10 
85.5244283 2.154578e-10 
86.881668 2.760796e-10 
86.8819135 4.02373e-10 
88.2394222 4.584166e-10 
89.597124 1.041423e-09 
88.2396504 2.124347e-10 
89.5973405 2.493484e-10 
90.9548673 1.461754e-09 
90.9550778 1.055844e-09 
92.3123231 1.477986e-10 
93.6700722 7.280044e-10 
92.3125616 1.079309e-09 
93.6703012 2.237592e-10 
95.0277703 1.999725e-09 
95.0279879 1.073589e-10 
97.7429813 8.213099e-11 
96.3855155 2.64805e-09 
97.7432049 2.111256e-09 
96.3857219 1.017078e-09 
99.100727 3.829461e-10 
99.1009426 8.095103e-10 
100.4584194 1.640885e-09 
101.8161583 2.994285e-09 
100.4586261 3.81567e-12 
101.8163572 6.242932e-10 
103.1736444 3.857368e-10 
103.1738448 2.550234e-09 
104.5313843 1.305817e-10 
105.8890701 1.415163e-09 
104.5315763 1.052765e-09 
105.8892562 3.184224e-11 
107.2468017 2.245605e-09 
107.2469855 4.992701e-10 
-0.008306 1.520302e-10 
-0.0079781 1.317965e-10 
2.7068247 3.617182e-11 
2.7071547 3.87944e-11 
5.4222998 3.657348e-10 
5.4226232 5.694396e-11 
8.1374288 2.187796e-10 
8.1377726 8.441306e-11 
10.8529079 6.396809e-10 
10.8532445 6.363426e-10 
13.5680374 7.602769e-10 
13.568386 2.332586e-10 
16.2835147 1.250855e-09 
16.283856 2.129924e-09 
18.9986503 2.432264e-09 
18.9989953 4.005896e-10 
21.7141344 2.098134e-09 
21.7144621 3.271183e-09 
24.4292834 3.136171e-09 
24.4296028 5.753239e-11 
27.1447541 2.800773e-09 
27.1450713 3.350909e-09 
29.8599074 1.73893e-09 
29.8602281 1.350096e-10 
32.5753917 2.344261e-09 
32.5756804 1.30058e-09 
35.2905403 6.880446e-10 
35.2908461 2.526595e-10 
38.0060093 3.6561e-10 
38.0063082 1.927689e-10 
40.721155 2.771799e-10 
40.7214782 1.905239e-10 
43.4366358 1.833468e-10 
43.4369373 2.434906e-10 
46.1517837 8.998771e-11 
46.1521048 1.848566e-10 
48.8672612 1.51071e-10 
48.8675688 3.601795e-10 
51.5824205 2.099025e-10 
51.5827305 2.567239e-10 
54.2978878 5.731931e-10 
54.2982 5.951194e-10 
57.0130555 8.406653e-10 
57.0133627 2.941218e-10 
59.7285283 2.143389e-09 
59.7288333 1.635217e-09 
62.4437046 1.604779e-09 
62.4440023 1.394712e-10 
65.1591775 3.477919e-09 
65.1594641 2.719941e-09 
67.8743587 1.9528e-09 
67.874644 2.062079e-10 
70.5898316 3.861835e-09 
70.590096 2.872227e-09 
73.3050184 2.080589e-09 
73.3052911 2.319954e-10 
76.0204928 1.85034e-09 
76.0207276 1.627431e-09 
78.7356845 8.662112e-10 
78.735938 3.849681e-10 
81.4511482 2.469626e-10 
81.4513682 3.176789e-10 
84.1663414 2.225651e-10 
84.1665878 3.577247e-10 
86.8817992 4.052148e-10 
86.882016 2.694547e-10 
89.596995 2.108613e-10 
89.5972382 6.657512e-10 
92.3124472 1.699031e-09 
92.3126649 2.096055e-10 
95.0276516 6.953801e-11 
95.0278836 1.664206e-09 
97.7430939 1.927409e-09 
97.7433085 1.449325e-11 
100.4583122 2.31308e-10 
100.4585253 2.369871e-09 
103.1737451 1.487903e-09 
103.1739417 2.590527e-11 
105.8889765 4.11286e-10 
105.8891627 2.397535e-09 
-0.0084616 2.438984e-10 
1.3494362 8.57818e-11 
-0.0081449 9.12072e-11 
1.3497571 2.866736e-11 
2.7069909 8.5737e-11 
2.7073155 1.33163e-11 
4.0645851 1.701886e-10 
5.4221281 8.138032e-11 
5.4224647 1.548911e-10 
4.0649095 1.243376e-11 
6.780055 3.14756e-10 
6.7803754 2.111585e-10 
9.4951866 5.037548e-10 
8.1376035 6.429787e-10 
9.4955305 1.757384e-10 
8.1379346 3.052801e-10 
10.8527307 4.511138e-10 
10.8530813 9.587259e-11 
13.5682125 7.228713e-10 
12.2106686 3.760209e-10 
12.2109931 7.828669e-10 
13.5685496 1.080391e-09 
14.9257971 1.637086e-09 
14.9261434 8.760308e-10 
16.2833433 1.597744e-09 
16.2836886 3.679211e-10 
17.6412769 2.973389e-10 
17.6416047 2.543663e-09 
18.9988217 1.513417e-09 
18.9991623 2.978923e-09 
20.3564139 2.558921e-09 
21.7139663 2.522692e-09 
21.7143004 1.844827e-10 
20.3567501 1.730764e-09 
24.4294435 3.135286e-09 
23.0718906 7.455535e-10 
23.0722099 3.727663e-09 
24.4297633 3.991141e-09 
25.7870408 4.847287e-09 
25.7873565 1.701561e-09 
27.1445932 2.962651e-09 
27.1449131 5.156977e-11 
28.5025131 6.875339e-10 
28.502821 3.081228e-09 
29.860074 2.225108e-09 
29.8603768 1.856446e-09 
31.2176741 1.749138e-09 
32.5752281 8.881702e-10 
32.5755371 5.57444e-10 
31.2179742 4.321234e-10 
33.9331384 1.453604e-09 
33.9334312 1.626284e-09 
36.6482941 1.04104e-09 
35.2906998 1.422054e-09 
36.6485993 3.395524e-10 
35.2909919 8.81994e-10 
38.0058449 9.432272e-11 
38.0061622 3.007229e-10 
40.7213237 4.65773e-10 
39.3637692 3.488523e-10 
40.7216224 1.396983e-10 
39.3640552 1.645442e-10 
42.0789225 2.881414e-10 
42.0792257 2.067276e-10 
43.4364698 2.649683e-10 
43.4367911 1.732997e-10 
44.7943884 2.581706e-10 
44.7946871 7.912749e-12 
46.1519473 2.622276e-10 
46.1522539 1.08423e-10 
47.5095412 2.18574e-10 
48.8671008 2.492932e-10 
48.8674187 1.082819e-10 
47.5098592 6.329049e-11 
50.2250189 1.19559e-10 
50.2253202 1.88916e-10 
52.9401778 4.597205e-10 
51.582575 8.520782e-11 
52.9404876 3.047598e-10 
51.5828832 2.968623e-10 
54.2977382 4.122641e-10 
54.2980444 1.485052e-10 
57.0132054 1.135066e-09 
55.6556466 2.841442e-10 
57.0135175 1.195579e-09 
55.6559495 1.089613e-09 
58.3708134 1.475485e-09 
58.3711188 6.643793e-10 
59.7283778 1.068096e-09 
59.7286829 3.405157e-10 
61.0862854 1.339556e-09 
61.0865843 2.481887e-09 
62.4438531 3.08905e-09 
62.4441483 2.327661e-09 
63.8014609 3.53269e-09 
65.1590319 2.032084e-09 
65.1593222 1.942169e-10 
63.8017588 6.47163e-10 
66.5169363 1.992825e-09 
66.5172109 4.473155e-09 
69.2321204 4.244026e-09 
67.8745031 3.860297e-09 
69.2323943 8.1637e-10 
67.8747804 2.827694e-09 
70.5896871 2.135982e-09 
70.5899674 1.055634e-10 
73.3051622 3.01555e-09 
71.9475864 1.36082e-09 
73.3054113 2.458201e-09 
71.9478362 3.541417e-09 
74.6627806 2.514565e-09 
74.6630324 5.997544e-10 
76.0203519 1.513953e-09 
76.0206145 2.844814e-10 
77.3782405 7.268664e-10 
77.378469 1.486857e-09 
78.7358215 6.983235e-10 
78.7360465 8.201158e-10 
80.0934424 7.304319e-10 
81.4510143 3.168328e-10 
81.4512622 4.702279e-10 
80.0936784 6.297926e-10 
82.8088958 2.023545e-10 
82.809106 5.134641e-11 
85.5240983 1.406557e-10 
84.1664738 2.285709e-10 
85.5243252 3.584422e-10 
84.1666917 2.413978e-10 
86.8816678 2.869661e-10 
86.8819134 3.9994e-10 
89.5971237 1.045332e-09 
88.2395433 9.267747e-10 
89.5973405 2.502206e-10 
88.2397529 6.873231e-10 
90.9547464 7.350785e-10 
90.9549763 1.219715e-10 
92.3123229 1.351293e-10 
92.3125615 1.067326e-09 
93.6701919 1.989966e-09 
93.670401 1.121828e-09 
95.02777 1.997521e-09 
95.027988 1.066989e-10 
96.3853994 5.877777e-10 
97.7429811 7.292428e-11 
97.7432048 2.080974e-09 
96.3856232 4.800331e-10 
99.1008373 2.984608e-09 
99.1010404 8.29911e-10 
101.8160553 1.92812e-10 
100.4584191 1.613553e-09 
101.8162599 1.035111e-09 
100.4586262 3.193247e-12 
103.1736443 3.865047e-10 
103.1738446 2.496483e-09 
105.8890699 1.371506e-09 
104.5314797 2.651961e-09 
105.8892562 3.171896e-11 
104.531672 5.110251e-10 
107.2467134 1.449895e-10 
107.2468924 8.138997e-10 
1.3492762 1.128504e-10 
1.3496008 7.750019e-11 
4.0647502 1.523205e-10 
4.0650642 9.122331e-11 
6.7798878 3.057348e-10 
6.7802178 8.08972e-11 
9.4953602 3.917651e-10 
9.4956874 3.955242e-10 
12.2104905 8.377814e-10 
12.2108402 3.489239e-10 
14.9259733 4.543155e-10 
14.9262978 1.746751e-09 
17.6411027 2.500534e-09 
17.6414468 1.782195e-09 
20.3565843 2.393006e-10 
20.3569075 2.642054e-09 
23.0717292 3.718956e-09 
23.0720506 1.407962e-09 
25.7871978 9.583109e-10 
25.7875169 4.476428e-09 
28.5023548 3.277961e-09 
28.5026673 1.120699e-09 
31.2178288 1.145096e-09 
31.2181224 2.039594e-09 
33.9329869 1.798748e-09 
33.9332828 2.252929e-10 
36.6484516 5.354623e-10 
36.6487449 8.138734e-10 
39.3636074 2.448026e-10 
39.363915 2.289422e-10 
42.0790806 1.004469e-10 
42.0793678 1.675597e-10 
44.7942313 2.756686e-11 
44.7945401 2.49678e-10 
47.5097019 2.221963e-10 
47.5100063 1.897555e-10 
50.2248584 1.597377e-10 
50.2251754 3.126825e-10 
52.9403332 3.452098e-10 
52.9406335 5.410268e-10 
55.655495 1.121405e-09 
55.6558013 5.418763e-10 
58.3709638 5.999669e-10 
58.3712673 1.448442e-09 
61.0861352 2.271462e-09 
61.0864387 5.368923e-10 
63.8016102 1.810099e-09 
63.8018988 3.747125e-09 
66.5167899 4.240907e-09 
66.5170773 8.037342e-10 
69.2322616 1.70238e-09 
69.2325226 4.427241e-09 
71.9474508 3.4628e-09 
71.9477119 8.136624e-10 
74.6629123 1.213315e-09 
74.663152 2.48482e-09 
77.3781114 1.712377e-09 
77.378355 5.356555e-10 
80.0935691 2.804459e-10 
80.0937865 5.077586e-10 
82.8087721 1.123037e-10 
82.8090013 5.180667e-10 
85.5242199 3.984982e-10 
85.5244282 2.189296e-10 
88.2394223 4.558304e-10 
88.2396502 2.131372e-10 
90.9548673 1.427827e-09 
90.9550777 1.061399e-09 
93.6700723 7.238669e-10 
93.6703011 2.088098e-10 
96.3855155 2.594779e-09 
96.3857218 1.029418e-09 
99.1007271 3.875944e-10 
99.1009425 7.75518e-10 
101.8161583 2.915723e-09 
101.8163571 6.307699e-10 
104.5313844 1.256979e-10 
104.5315763 1.013174e-09 
107.2468017 2.18023e-09 
107.2469854 5.033772e-10 
108.6043929 1.286692e-09 
109.9621226 1.887677e-09 
109.9622984 6.027892e-10 
108.6045702 3.304136e-11 
111.3196349 1.41516e-10 
111.3197952 1.241644e-09 
112.6773625 3.796205e-10 
114.0350332 9.373979e-10 
112.6775235 2.656118e-10 
114.035197 1.34771e-10 
115.3927557 9.219747e-10 
115.3929251 7.329251e-10 
118.1079972 4.200485e-10 
116.750278 1.482034e-10 
116.7504267 2.80582e-10 
118.1081521 8.436624e-11 
119.4656635 3.895098e-10 
119.4658251 2.459595e-10 
122.1809072 2.418251e-10 
120.8233836 6.530456e-11 
122.1810539 1.690105e-10 
120.8235492 2.843908e-10 
123.538624 1.752439e-10 
123.5387789 2.059886e-10 
124.8962844 9.446701e-11 
126.2540073 4.918469e-10 
126.2541651 1.567547e-10 
124.8964475 1.60071e-10 
127.6115309 4.057778e-10 
127.6116718 4.497225e-10 
128.9692417 7.139625e-10 
130.3269035 1.607742e-09 
128.969395 3.734096e-10 
130.3270529 9.672728e-10 
131.6846193 1.107473e-09 
131.6847647 1.855186e-09 
134.3998611 3.143762e-09 
133.0421493 1.112591e-09 
133.0422815 3.17658e-10 
134.3999926 7.023747e-10 
135.7575163 3.031137e-09 
135.7576441 2.434714e-09 
138.4727639 2.491187e-09 
137.1152281 1.629417e-09 
138.472877 4.32054e-11 
137.1153445 4.126154e-09 
139.8304732 3.894866e-09 
139.8305805 8.119196e-10 
141.1881194 3.676214e-09 
142.5458229 1.167024e-09 
142.5459162 3.645667e-09 
141.188219 3.251908e-09 
143.903367 1.889598e-09 
143.9034592 1.688657e-10 
145.2610666 2.8281e-09 
146.6187097 1.890376e-09 
145.2611541 9.596562e-10 
146.6187839 1.861551e-09 
147.9764002 8.28076e-10 
147.9764781 2.070316e-09 
150.6916463 9.988714e-10 
149.3339473 9.755081e-10 
149.3340328 3.598808e-10 
150.6917175 5.88508e-10 
152.0492753 6.097909e-10 
152.0493475 8.249842e-10 
154.7645156 8.248662e-11 
153.4069652 3.083707e-10 
154.764586 2.995201e-10 
153.4070358 2.870197e-10 
156.1222042 2.375159e-11 
156.1222745 3.366271e-10 
157.479829 6.377115e-11 
158.8375112 2.467842e-11 
158.8375901 1.803711e-10 
157.4798968 1.991051e-10 
160.1950601 9.809353e-11 
160.1951335 6.158213e-11 
161.5527385 1.10988e-10 
162.9103588 6.168631e-11 
161.5528183 7.339722e-11 
162.9104435 9.103731e-11 
164.2680393 9.830942e-11 
164.2681305 1.09201e-10 
166.9832749 4.246282e-10 
165.6255952 2.863594e-10 
165.6256629 7.924518e-11 
166.9833496 3.4264e-11 
168.3408886 6.928705e-10 
168.3409742 2.168114e-10 
171.0561122 4.612856e-10 
169.6985744 9.085022e-10 
171.0561934 5.684688e-10 
169.6986577 7.047715e-10 
172.4137856 1.001392e-09 
172.413881 1.702985e-10 
173.771405 1.390596e-09 
175.1290877 6.669165e-10 
175.1291743 1.343103e-09 
173.771495 7.514769e-10 
176.4866275 1.651669e-09 
176.4867081 4.481626e-11 
177.8443043 3.537985e-09 
179.2019203 3.214821e-09 
177.8443891 1.433463e-09 
179.2019996 3.733488e-09 
180.5595978 1.062272e-09 
180.5596757 4.499095e-09 
183.2748097 3.060284e-09 
181.9171283 2.331401e-09 
181.9172107 1.921003e-10 
183.2748803 1.78321e-09 
184.6324179 1.589116e-09 
184.6324895 3.449258e-09 
187.347638 3.421286e-09 
185.9900958 4.198015e-10 
187.3476968 6.525988e-10 
185.9901589 3.148151e-09 
188.7053103 2.845197e-09 
188.7053712 1.856046e-09 
190.0629145 1.930683e-09 
191.4205851 3.658664e-10 
191.4206542 1.491082e-09 
190.0629752 2.452649e-09 
192.7781326 6.355923e-10 
192.7781848 1.907493e-10 
194.1357995 1.224935e-09 
195.493408 8.682813e-10 
194.1358616 4.246188e-10 
195.4934675 3.953781e-10 
196.8510752 5.32735e-10 
196.8511515 4.993372e-10 
199.5662879 2.724415e-10 
198.2086098 4.212704e-10 
198.2086822 2.281423e-10 
199.5663575 1.052641e-11 
200.9238948 2.892399e-10 
200.923968 4.343787e-11 
203.6390966 4.489847e-11 
202.2815723 7.873751e-11 
203.6391849 1.284169e-10 
202.2816474 1.856314e-11 
204.996748 1.085743e-10 
204.9968424 2.680189e-10 
108.6043073 2.731245e-10 
109.96204 2.417932e-10 
108.6044794 1.827795e-09 
109.9622083 4.859299e-10 
111.319714 1.178219e-09 
111.3198836 5.874978e-11 
114.0349587 9.311438e-11 
112.6774406 1.507395e-09 
114.0351111 6.188585e-10 
112.6776117 7.207791e-10 
115.392681 5.106935e-10 
115.3928381 9.965804e-11 
116.75035 7.420492e-10 
118.1080697 4.087898e-10 
116.7505108 2.311099e-10 
118.1082379 5.644275e-10 
119.4655937 2.454627e-10 
119.4657414 1.899126e-10 
120.8233117 2.512583e-10 
122.1809746 4.831258e-11 
120.823466 1.797352e-10 
122.181138 1.828092e-10 
123.5386968 1.604997e-10 
123.5388586 1.31611e-10 
124.8962196 1.820202e-10 
126.2539335 1.581714e-10 
124.8963639 3.221796e-10 
126.2540893 2.593668e-10 
127.6115942 5.93779e-10 
127.6117523 4.530856e-10 
130.3268408 7.017897e-10 
128.9693143 6.996509e-10 
130.3269779 3.578872e-10 
128.9694676 6.82527e-10 
131.6845507 1.852309e-09 
131.6846957 5.010202e-10 
133.0422112 2.429717e-09 
134.3999241 1.458569e-09 
133.0423503 1.548667e-09 
134.4000564 3.147669e-09 
135.7574572 1.921953e-09 
135.7575813 1.613024e-10 
137.1151697 3.94932e-09 
138.4728192 3.657613e-09 
137.1152876 7.596984e-10 
138.4729337 3.141214e-09 
139.8305285 1.594056e-09 
139.8306311 4.177073e-09 
141.1880677 2.38635e-09 
142.5457714 3.367766e-09 
141.1881692 1.719898e-10 
142.5458696 1.020332e-09 
143.9034168 2.845443e-09 
143.9035016 2.748029e-09 
146.6186603 1.240112e-09 
145.2611126 8.270086e-10 
146.6187477 2.433051e-10 
145.2611985 3.028984e-09 
147.9763592 1.870744e-09 
147.9764361 8.145008e-10 
149.3339958 9.303033e-10 
150.691685 4.95282e-10 
149.3340668 1.273673e-09 
150.6917569 1.004367e-09 
152.0492319 5.428239e-10 
152.0493116 1.297463e-10 
153.4069279 2.636245e-10 
154.7645531 3.882117e-10 
153.4069971 2.06573e-10 
154.764623 1.950942e-10 
156.122241 1.951003e-10 
156.1223134 2.766608e-11 
157.4797924 2.172058e-10 
158.8374731 2.766481e-10 
157.4798608 2.108379e-10 
158.8375492 1.788813e-10 
160.1950968 2.79401e-10 
160.1951721 4.989474e-11 
162.9103271 2.312126e-10 
161.5527747 2.198784e-10 
162.9103988 2.953838e-10 
161.552864 7.463447e-11 
164.2680078 2.632775e-10 
164.2680821 2.54875e-10 
165.6256239 1.005029e-10 
166.9833094 3.064124e-10 
165.6257083 1.217919e-10 
166.9833923 1.847041e-10 
168.3408556 2.526043e-10 
168.3409308 1.779724e-10 
169.6985305 6.76231e-10 
171.0561458 1.555567e-09 
169.6986201 6.503698e-11 
171.05624 4.46152e-10 
172.4138294 1.242816e-09 
172.4139217 1.040879e-09 
173.7713727 4.494452e-10 
175.129048 1.569043e-09 
173.7714487 3.380876e-10 
175.1291335 3.87819e-10 
176.486668 1.829089e-09 
176.4867447 2.105065e-09 
179.2018738 2.775434e-09 
177.8443484 6.917001e-10 
179.2019664 1.028682e-10 
177.8444233 3.073168e-09 
180.5595532 3.971528e-09 
180.5596407 1.763221e-09 
181.9171654 2.435786e-09 
183.274843 4.314121e-10 
181.9172502 3.356616e-09 
183.274921 3.585147e-09 
184.6323884 2.936267e-09 
184.6324506 3.65194e-10 
185.9900666 3.214066e-09 
187.3476705 2.057383e-09 
185.9901217 2.105256e-09 
187.3477298 3.775644e-09 
188.7053452 6.248738e-10 
188.7054036 2.610701e-09 
190.0628832 1.767909e-09 
191.4205514 1.721002e-09 
190.0629419 4.118715e-10 
191.4206179 1.06958e-09 
192.7781594 1.241266e-09 
192.7782201 1.042516e-09 
195.4933755 2.83679e-10 
194.1358272 3.702526e-10 
195.4934328 2.372428e-10 
194.1359027 8.714414e-10 
196.8510458 6.964679e-10 
196.8511087 7.383694e-11 
198.2086524 4.256311e-10 
199.5663229 4.009347e-10 
198.2087187 1.41647e-10 
199.5664016 1.625043e-10 
200.9238498 1.658936e-10 
200.9239297 6.082714e-11 
202.2815298 1.426596e-10 
203.6391398 2.006955e-10 
202.2816081 3.674289e-11 
203.6392145 8.834377e-11 
204.996803 1.560345e-10 
204.9968702 9.934317e-11 
108.6043931 1.290342e-09 
108.6045702 2.8273e-11 
111.3196351 1.26914e-10 
111.3197953 1.22255e-09 
114.0350334 9.560904e-10 
114.0351969 1.402963e-10 
116.7502781 1.568358e-10 
116.7504268 2.75513e-10 
119.4656637 4.119179e-10 
119.4658251 2.526365e-10 
122.1809073 2.415101e-10 
122.1810539 1.666294e-10 
124.8962845 8.381182e-11 
124.8964474 1.568764e-10 
127.611531 4.04173e-10 
127.6116718 4.439719e-10 
130.3269036 1.578819e-09 
130.3270529 9.550957e-10 
133.0421493 1.079381e-09 
133.0422815 3.124251e-10 
135.7575164 2.966797e-09 
135.7576441 2.41005e-09 
138.4727639 2.432178e-09 
138.4728771 4.040863e-11 
141.1881195 3.585658e-09 
141.188219 3.223261e-09 
143.9033671 1.837204e-09 
143.9034592 1.660684e-10 
146.6187097 1.819223e-09 
146.6187839 1.836204e-09 
149.3339474 9.483233e-10 
149.3340328 3.64973e-10 
152.0492753 5.816833e-10 
152.0493475 8.154929e-10 
154.7645156 7.23586e-11 
154.764586 2.981074e-10 
157.479829 5.726023e-11 
157.4798969 1.893102e-10 
160.1950599 9.788061e-11 
160.1951334 6.266638e-11 
162.9103587 6.066194e-11 
162.9104435 9.630372e-11 
165.6255951 2.937678e-10 
165.6256629 8.207673e-11 
168.3408885 6.675083e-10 
168.3409743 2.083321e-10 
171.056112 4.466989e-10 
171.0561934 5.661237e-10 
173.771405 1.369514e-09 
173.7714951 7.388839e-10 
176.4866274 1.637864e-09 
176.4867081 4.511969e-11 
179.2019204 3.193579e-09 
179.2019997 3.722605e-09 
181.9171283 2.324413e-09 
181.9172107 1.969671e-10 
184.6324179 1.566056e-09 
184.6324895 3.446637e-09 
187.347638 3.418014e-09 
187.3476968 6.636463e-10 
190.0629145 1.90072e-09 
190.0629752 2.452755e-09 
192.7781326 6.369601e-10 
192.7781848 1.90242e-10 
195.4934079 8.553218e-10 
195.4934674 3.945231e-10 
198.2086099 4.096494e-10 
198.2086821 2.257281e-10 
200.9238948 2.791478e-10 
200.923968 4.311016e-11 
203.6390966 4.14764e-11 
203.6391848 1.267631e-10 
108.6043074 2.525398e-10 
108.6044795 1.838676e-09 
109.9621227 1.886619e-09 
109.9622985 6.126335e-10 
111.3197143 1.204655e-09 
111.3198836 5.665906e-11 
112.6773624 3.976449e-10 
114.0349588 9.356678e-11 
114.0351112 6.293317e-10 
112.6775236 2.622594e-10 
115.3927558 9.354185e-10 
115.3929252 7.502081e-10 
118.1079971 4.427205e-10 
116.7503502 7.832887e-10 
118.1081521 8.540847e-11 
116.7505108 2.334799e-10 
119.4655938 2.493757e-10 
119.4657415 1.981017e-10 
122.1809747 5.800015e-11 
120.8233836 7.247489e-11 
122.181138 1.8254e-10 
120.8235493 2.913177e-10 
123.538624 1.655926e-10 
123.538779 2.085558e-10 
124.8962197 1.796533e-10 
124.8963639 3.140995e-10 
126.2540072 4.756903e-10 
126.2541652 1.469239e-10 
127.6115943 5.677215e-10 
127.6117522 4.495267e-10 
128.9692416 6.886082e-10 
130.3268408 6.922346e-10 
130.326978 3.480541e-10 
128.9693951 3.758278e-10 
131.6846193 1.086305e-09 
131.6847647 1.829414e-09 
134.399861 3.079547e-09 
133.0422112 2.385048e-09 
134.3999926 7.076e-10 
133.0423503 1.543522e-09 
135.7574572 1.886809e-09 
135.7575814 1.60343e-10 
138.4728192 3.581498e-09 
137.1152281 1.588854e-09 
138.4729337 3.131838e-09 
137.1153445 4.085572e-09 
139.8304732 3.813433e-09 
139.8305805 8.144133e-10 
141.1880678 2.339677e-09 
141.1881693 1.627603e-10 
142.5458229 1.128602e-09 
142.5459162 3.602644e-09 
143.9034168 2.776404e-09 
143.9035016 2.72363e-09 
145.2610667 2.749512e-09 
146.6186603 1.21016e-09 
146.6187477 2.464247e-10 
145.261154 9.565772e-10 
147.9764002 8.100727e-10 
147.976478 2.031621e-09 
150.6916464 9.566023e-10 
149.3339958 8.955362e-10 
150.6917174 5.93746e-10 
149.3340669 1.26666e-09 
152.0492318 5.447673e-10 
152.0493116 1.319624e-10 
154.7645531 3.797415e-10 
153.4069651 3.00757e-10 
154.7646231 1.909258e-10 
153.4070357 2.780603e-10 
156.1222042 1.912037e-11 
156.1222743 3.260369e-10 
157.4797923 2.020764e-10 
157.4798608 2.009299e-10 
158.8375111 2.825565e-11 
158.8375901 1.723104e-10 
160.1950967 2.806767e-10 
160.1951722 4.445833e-11 
161.5527384 1.066963e-10 
162.9103269 2.441454e-10 
162.9103989 3.095856e-10 
161.5528182 7.814029e-11 
164.2680391 9.447821e-11 
164.2681306 1.124706e-10 
166.9832748 4.202316e-10 
165.6256238 9.468826e-11 
166.9833495 3.796569e-11 
165.6257085 1.257468e-10 
168.3408554 2.473778e-10 
168.3409309 1.74868e-10 
171.0561458 1.544888e-09 
169.6985743 8.927404e-10 
171.0562401 4.39416e-10 
169.6986577 6.928083e-10 
172.4137854 9.810956e-10 
172.413881 1.703693e-10 
173.7713726 4.47066e-10 
173.7714488 3.338835e-10 
175.1290877 6.606063e-10 
175.1291743 1.329073e-09 
176.486668 1.819839e-09 
176.4867447 2.101303e-09 
177.8443043 3.515193e-09 
179.2018738 2.789459e-09 
179.2019665 1.074096e-10 
177.8443891 1.435351e-09 
180.5595978 1.054426e-09 
180.5596758 4.484735e-09 
183.2748097 3.040678e-09 
181.9171656 2.418724e-09 
183.2748803 1.796802e-09 
181.9172503 3.368873e-09 
184.6323885 2.941002e-09 
184.6324506 3.774309e-10 
187.3476706 2.030362e-09 
185.9900958 4.084818e-10 
185.9901589 3.13885e-09 
187.3477298 3.791334e-09 
188.7053103 2.826854e-09 
188.7053712 1.872105e-09 
190.0628832 1.768389e-09 
190.0629419 4.162668e-10 
191.4205851 3.512666e-10 
191.4206542 1.485555e-09 
192.7781594 1.221476e-09 
192.7782202 1.045793e-09 
194.1357995 1.216231e-09 
195.4933756 2.790076e-10 
195.4934327 2.363968e-10 
194.1358616 4.288365e-10 
196.8510751 5.217533e-10 
196.8511515 4.953392e-10 
199.5662879 2.625419e-10 
198.2086524 4.108098e-10 
199.5663574 1.024404e-11 
198.2087187 1.422952e-10 
200.9238498 1.651486e-10 
200.9239296 5.870527e-11 
203.6391396 1.975506e-10 
202.2815722 7.602465e-11 
202.2816474 1.832529e-11 
203.6392145 8.588082e-11 
204.9967479 1.0173e-10 
204.9968422 2.624393e-10 
109.9620399 2.509945e-10 
109.9622084 4.950856e-10 
112.6774406 1.538235e-09 
112.6776117 7.2751e-10 
115.3926809 5.386117e-10 
115.3928381 1.029493e-10 
118.1080696 4.375023e-10 
118.108238 5.734035e-10 
120.8233117 2.603621e-10 
120.8234659 1.825045e-10 
123.5386967 1.501949e-10 
123.5388586 1.318721e-10 
126.2539334 1.461174e-10 
126.2540893 2.60798e-10 
128.9693142 6.738225e-10 
128.9694676 6.75339e-10 
131.6845506 1.823733e-09 
131.6846956 5.132586e-10 
134.399924 1.429079e-09 
134.4000564 3.135362e-09 
137.1151697 3.90107e-09 
137.1152875 7.752202e-10 
139.8305284 1.558466e-09 
139.830631 4.160688e-09 
142.5457714 3.313525e-09 
142.5458695 1.015207e-09 
145.2611125 8.137107e-10 
145.2611985 3.00123e-09 
147.9763592 1.834987e-09 
147.9764359 8.179213e-10 
150.6916849 4.947617e-10 
150.6917569 9.948837e-10 
153.4069279 2.614634e-10 
153.406997 2.042283e-10 
156.1222409 1.901303e-10 
156.1223134 2.470656e-11 
158.837473 2.688093e-10 
158.8375491 1.668664e-10 
161.5527746 2.301514e-10 
161.552864 7.231861e-11 
164.2680077 2.70273e-10 
164.2680821 2.687698e-10 
166.9833092 2.988207e-10 
166.9833924 1.88699e-10 
169.6985304 6.765478e-10 
169.6986201 6.288693e-11 
172.4138294 1.238153e-09 
172.4139218 1.041208e-09 
175.129048 1.572141e-09 
175.1291334 3.899306e-10 
177.8443485 6.866482e-10 
177.8444233 3.075023e-09 
180.5595533 3.971797e-09 
180.5596407 1.780486e-09 
183.274843 4.23295e-10 
183.274921 3.591883e-09 
185.9900667 3.203675e-09 
185.9901217 2.130329e-09 
188.7053452 6.12764e-10 
188.7054035 2.61436e-09 
191.4205514 1.710852e-09 
191.4206179 1.079562e-09 
194.1358271 3.631772e-10 
194.1359026 8.688038e-10 
196.8510458 6.849443e-10 
196.8511085 7.564981e-11 
199.5663228 3.91887e-10 
199.5664015 1.61809e-10 
202.2815298 1.402107e-10 
202.2816081 3.610725e-11 
204.9968028 1.547082e-10 
204.9968702 9.626763e-11 
108.6043933 1.328127e-09 
109.9621226 1.939117e-09 
108.6045701 2.666248e-11 
109.9622985 6.087415e-10 
111.3196351 1.216391e-10 
111.3197954 1.259486e-09 
112.6773623 4.112238e-10 
114.0350335 9.946508e-10 
112.6775235 2.752247e-10 
114.0351969 1.359364e-10 
115.3927556 9.765783e-10 
115.3929252 7.48379e-10 
116.7502782 1.582098e-10 
118.1079971 4.573128e-10 
116.7504268 2.976752e-10 
118.108152 8.914015e-11 
119.4656637 4.418211e-10 
119.4658251 2.483543e-10 
122.1809073 2.39597e-10 
122.1810539 1.712381e-10 
120.8233834 8.375377e-11 
120.8235493 2.922308e-10 
123.5386239 1.676201e-10 
123.5387788 2.088975e-10 
124.8962845 7.321198e-11 
126.2540071 4.537608e-10 
124.8964474 1.566766e-10 
126.2541651 1.508033e-10 
127.6115309 4.01149e-10 
127.6116718 4.293752e-10 
128.9692415 6.845786e-10 
130.3269037 1.554434e-09 
128.9693949 3.820178e-10 
130.3270529 9.596352e-10 
131.6846192 1.066293e-09 
131.6847647 1.838346e-09 
133.0421493 1.074724e-09 
134.399861 3.077338e-09 
133.0422816 3.119859e-10 
134.3999924 7.309111e-10 
135.7575164 2.929867e-09 
135.7576441 2.425408e-09 
138.4727639 2.422615e-09 
138.472877 3.607428e-11 
137.1152279 1.572e-09 
137.1153445 4.104474e-09 
139.8304732 3.810581e-09 
139.8305803 8.208672e-10 
141.1881194 3.549397e-09 
142.5458227 1.123112e-09 
141.1882191 3.223782e-09 
142.5459161 3.608795e-09 
143.903367 1.81796e-09 
143.9034592 1.576336e-10 
145.2610667 2.747047e-09 
146.6187097 1.803966e-09 
145.2611538 9.503788e-10 
146.6187839 1.827898e-09 
147.9764 8.237444e-10 
147.976478 2.03294e-09 
149.3339472 9.597921e-10 
150.6916464 9.727035e-10 
149.3340328 3.755283e-10 
150.6917172 6.018566e-10 
152.0492753 5.801381e-10 
152.0493475 8.281139e-10 
154.7645154 7.470162e-11 
154.7645861 2.826256e-10 
153.406965 3.017761e-10 
153.4070357 2.867572e-10 
156.1222041 1.861536e-11 
156.1222742 3.10669e-10 
157.4798289 5.682651e-11 
158.837511 2.914043e-11 
157.479897 1.799472e-10 
158.83759 1.686018e-10 
160.1950598 8.98339e-11 
160.1951335 7.057991e-11 
161.5527384 1.081419e-10 
162.9103587 6.37159e-11 
161.5528182 8.406219e-11 
162.9104437 9.972258e-11 
164.268039 1.031074e-10 
164.2681306 1.160268e-10 
165.625595 2.994347e-10 
166.9832747 4.318878e-10 
165.625663 8.784537e-11 
166.9833495 4.103085e-11 
168.3408885 6.748868e-10 
168.3409744 2.101867e-10 
171.056112 4.499061e-10 
171.0561935 5.622965e-10 
169.6985743 8.963204e-10 
169.6986578 7.064768e-10 
172.4137855 1.004117e-09 
172.413881 1.690302e-10 
173.7714051 1.376767e-09 
175.1290877 6.612422e-10 
173.7714952 7.400748e-10 
175.1291743 1.343777e-09 
176.4866273 1.666868e-09 
176.4867083 4.524618e-11 
177.8443044 3.54472e-09 
179.2019205 3.19382e-09 
177.8443891 1.44925e-09 
179.2019997 3.743474e-09 
180.5595979 1.048885e-09 
180.5596757 4.507437e-09 
181.9171283 2.342528e-09 
183.2748098 3.050334e-09 
181.9172109 2.01592e-10 
183.2748803 1.819055e-09 
184.632418 1.55553e-09 
184.6324895 3.473518e-09 
187.3476381 3.424929e-09 
185.9900959 4.06753e-10 
187.3476969 6.749859e-10 
185.9901588 3.159194e-09 
188.7053104 2.822158e-09 
188.7053711 1.888738e-09 
190.0629146 1.882886e-09 
191.4205851 3.464702e-10 
190.0629753 2.469285e-09 
191.4206542 1.490572e-09 
192.7781326 6.345681e-10 
192.7781848 1.882236e-10 
194.1357995 1.211126e-09 
195.4934079 8.44162e-10 
194.1358615 4.312675e-10 
195.4934674 3.956848e-10 
196.851075 5.183499e-10 
196.8511514 4.945004e-10 
198.2086099 4.12313e-10 
199.566288 2.605838e-10 
198.208682 2.247385e-10 
199.5663573 1.073415e-11 
200.9238948 2.745634e-10 
200.9239679 4.452347e-11 
203.6390965 3.926303e-11 
202.2815722 7.566006e-11 
203.6391847 1.230438e-10 
202.2816474 1.884656e-11 
204.9967478 9.890627e-11 
204.9968421 2.561844e-10 
108.6043074 2.596881e-10 
108.6044796 1.906094e-09 
111.3197143 1.234744e-09 
111.3198836 5.389689e-11 
114.0349588 9.182141e-11 
114.0351112 6.641274e-10 
116.7503501 8.061174e-10 
116.7505108 2.228926e-10 
119.4655938 2.45152e-10 
119.4657414 2.157861e-10 
122.1809747 6.326659e-11 
122.181138 1.795137e-10 
124.8962196 1.781537e-10 
124.8963639 3.086732e-10 
127.6115943 5.596506e-10 
127.6117522 4.554556e-10 
130.3268407 6.946157e-10 
130.326978 3.422368e-10 
133.0422112 2.381381e-09 
133.0423503 1.565597e-09 
135.7574572 1.914639e-09 
135.7575813 1.648694e-10 
138.472819 3.592575e-09 
138.4729337 3.161757e-09 
141.1880677 2.357107e-09 
141.1881692 1.537589e-10 
143.9034167 2.801628e-09 
143.9035017 2.730495e-09 
146.6186602 1.229296e-09 
146.6187477 2.488289e-10 
149.3339957 9.213763e-10 
149.3340669 1.283393e-09 
152.0492317 5.698321e-10 
152.0493117 1.311331e-10 
154.7645531 3.83136e-10 
154.7646231 1.977626e-10 
157.4797921 1.969237e-10 
157.4798609 1.893735e-10 
160.1950968 2.903272e-10 
160.1951723 4.181533e-11 
162.9103268 2.366301e-10 
162.910399 3.234868e-10 
165.6256239 9.912361e-11 
165.6257085 1.279847e-10 
168.3408554 2.61646e-10 
168.3409309 1.737315e-10 
171.0561459 1.574939e-09 
171.0562402 4.481512e-10 
173.7713727 4.633688e-10 
173.7714489 3.302392e-10 
176.4866682 1.835118e-09 
176.4867448 2.119402e-09 
179.2018737 2.827745e-09 
179.2019666 1.084926e-10 
181.9171657 2.425994e-09 
181.9172503 3.396615e-09 
184.6323884 2.95738e-09 
184.6324507 3.829863e-10 
187.3476706 2.034599e-09 
187.3477298 3.819588e-09 
190.0628832 1.766257e-09 
190.0629419 4.165912e-10 
192.7781594 1.217693e-09 
192.7782202 1.050808e-09 
195.4933756 2.826204e-10 
195.4934327 2.362813e-10 
198.2086524 4.092081e-10 
198.2087187 1.456209e-10 
200.9238499 1.700279e-10 
200.9239296 5.863626e-11 
203.6391396 1.997856e-10 
203.6392145 8.592445e-11 
109.9620399 2.539387e-10 
108.6043932 1.347414e-09 
109.9622083 5.245104e-10 
108.6045701 3.050577e-11 
111.319635 1.319507e-10 
111.3197954 1.302305e-09 
114.0350333 9.990925e-10 
112.6774404 1.581132e-09 
112.6776117 7.161928e-10 
114.035197 1.279147e-10 
115.3926809 5.377215e-10 
115.3928379 1.098292e-10 
116.7502781 1.497714e-10 
118.1080695 4.580011e-10 
116.7504268 3.171554e-10 
118.1082379 5.63169e-10 
119.4656636 4.370421e-10 
119.4658251 2.393141e-10 
120.8233117 2.646294e-10 
122.1809072 2.385988e-10 
122.1810539 1.768979e-10 
120.8234658 1.838882e-10 
123.5386965 1.448179e-10 
123.5388585 1.362259e-10 
126.2539335 1.550861e-10 
124.8962844 7.649531e-11 
126.2540891 2.601085e-10 
124.8964475 1.60063e-10 
127.6115309 4.009964e-10 
127.6116718 4.262805e-10 
130.3269036 1.567545e-09 
128.9693141 6.615154e-10 
128.9694676 6.910807e-10 
130.3270529 9.749495e-10 
131.6845506 1.844695e-09 
131.6846955 5.273867e-10 
133.0421493 1.10529e-09 
134.3999238 1.429329e-09 
133.0422815 3.169707e-10 
134.4000563 3.171767e-09 
135.7575162 2.970763e-09 
135.7576441 2.45986e-09 
137.1151697 3.9499e-09 
138.4727639 2.475796e-09 
138.472877 3.616081e-11 
137.1152873 7.917701e-10 
139.8305282 1.572555e-09 
139.830631 4.203054e-09 
142.5457714 3.356976e-09 
141.1881193 3.61691e-09 
142.5458693 1.010861e-09 
141.1882191 3.252969e-09 
143.903367 1.858387e-09 
143.9034592 1.551634e-10 
146.6187096 1.865204e-09 
145.2611123 8.352884e-10 
145.2611984 3.026388e-09 
146.618784 1.848131e-09 
147.9763592 1.884351e-09 
147.9764358 8.199211e-10 
149.3339471 9.938276e-10 
150.6916848 5.161531e-10 
149.3340328 3.769893e-10 
150.6917568 1.019547e-09 
152.0492753 6.074306e-10 
152.0493476 8.453074e-10 
153.4069279 2.824523e-10 
154.7645153 8.604956e-11 
154.7645861 2.746231e-10 
153.4069969 2.028565e-10 
156.1222408 1.816046e-10 
156.1223134 2.710846e-11 
158.837473 2.707107e-10 
157.479829 6.366293e-11 
158.8375491 1.612394e-10 
157.479897 1.838725e-10 
160.1950598 8.505106e-11 
160.1951336 7.445933e-11 
162.9103588 6.715334e-11 
161.5527746 2.439373e-10 
161.5528641 7.555605e-11 
162.9104437 9.653898e-11 
164.2680078 2.725287e-10 
164.2680821 2.72326e-10 
165.625595 2.958885e-10 
166.9833092 3.065219e-10 
165.625663 8.841519e-11 
166.9833924 1.971366e-10 
168.3408886 7.050211e-10 
168.3409744 2.198266e-10 
169.6985305 7.101499e-10 
171.0561121 4.670384e-10 
171.0561936 5.620606e-10 
169.6986201 6.276294e-11 
172.4138295 1.249276e-09 
172.4139217 1.064901e-09 
175.1290481 1.609767e-09 
173.7714052 1.402321e-09 
175.1291335 3.939345e-10 
173.7714952 7.534677e-10 
176.4866274 1.698923e-09 
176.4867083 4.488379e-11 
179.2019206 3.215161e-09 
177.8443486 6.879057e-10 
177.8444232 3.104904e-09 
179.2019997 3.76736e-09 
180.5595534 4.004643e-09 
180.5596407 1.793513e-09 
181.9171283 2.360762e-09 
183.2748431 4.245222e-10 
181.9172109 1.994585e-10 
183.2749209 3.619105e-09 
184.632418 1.571996e-09 
184.6324895 3.492846e-09 
185.9900668 3.223387e-09 
187.347638 3.432727e-09 
187.3476968 6.707967e-10 
185.9901217 2.145198e-09 
188.7053453 6.20211e-10 
188.7054035 2.63493e-09 
191.4205515 1.706703e-09 
190.0629145 1.901678e-09 
191.4206179 1.08063e-09 
190.0629753 2.479462e-09 
192.7781326 6.318882e-10 
192.7781848 1.873095e-10 
195.4934078 8.499707e-10 
194.1358271 3.655707e-10 
194.1359026 8.711973e-10 
195.4934675 3.973217e-10 
196.8510459 6.895599e-10 
196.8511084 7.613908e-11 
198.2086099 4.257035e-10 
198.208682 2.264413e-10 
199.5663228 3.944435e-10 
199.5664014 1.637724e-10 
200.9238949 2.816993e-10 
200.9239679 4.575164e-11 
202.2815299 1.426846e-10 
203.6390966 4.12087e-11 
203.6391848 1.223993e-10 
202.281608 3.661039e-11 
204.9968028 1.569291e-10 
204.9968702 9.701597e-11 
109.9621225 1.972508e-09 
109.9622984 5.964616e-10 
112.6773624 4.008007e-10 
112.6775234 2.873889e-10 
115.3927555 9.88177e-10 
115.3929251 7.300742e-10 
118.1079972 4.430709e-10 
118.1081519 9.097278e-11 
120.8233834 8.292556e-11 
120.8235492 2.860511e-10 
123.538624 1.782279e-10 
123.5387787 2.068779e-10 
126.2540071 4.557021e-10 
126.254165 1.632516e-10 
128.9692416 7.074538e-10 
128.9693948 3.836065e-10 
131.6846191 1.074551e-09 
131.6847646 1.869904e-09 
134.3998611 3.140508e-09 
134.3999923 7.401759e-10 
137.1152278 1.601813e-09 
137.1153444 4.156983e-09 
139.8304732 3.890369e-09 
139.8305802 8.223748e-10 
142.5458226 1.157968e-09 
142.5459161 3.655799e-09 
145.2610667 2.824195e-09 
145.2611538 9.49501e-10 
147.9764 8.502646e-10 
147.976478 2.072502e-09 
150.6916463 1.025346e-09 
150.6917172 6.01421e-10 
153.406965 3.105012e-10 
153.4070357 3.01147e-10 
156.1222041 2.367225e-11 
156.1222743 3.115015e-10 
158.8375111 2.668577e-11 
158.8375901 1.745603e-10 
161.5527385 1.141641e-10 
161.5528182 8.265962e-11 
164.2680391 1.125549e-10 
164.2681306 1.152122e-10 
166.9832749 4.442366e-10 
166.9833496 3.891709e-11 
169.6985744 9.143021e-10 
169.6986577 7.271084e-10 
172.4137856 1.039173e-09 
172.413881 1.679792e-10 
175.1290879 6.678402e-10 
175.1291742 1.367045e-09 
177.8443045 3.586001e-09 
177.8443891 1.455921e-09 
180.559598 1.053209e-09 
180.5596756 4.53593e-09 
183.2748099 3.07599e-09 
183.2748803 1.819168e-09 
185.9900959 4.168858e-10 
185.9901588 3.181167e-09 
188.7053105 2.837845e-09 
188.7053711 1.882875e-09 
191.4205851 3.579173e-10 
191.4206541 1.499268e-09 
194.1357996 1.216717e-09 
194.1358615 4.284916e-10 
196.851075 5.270347e-10 
196.8511514 4.980063e-10 
199.5662881 2.692062e-10 
199.5663573 1.131097e-11 
202.2815723 7.813663e-11 
202.2816473 1.940403e-11 
204.9967479 1.038579e-10 
204.9968422 2.578291e-10 
108.6043073 2.852911e-10 
109.96204 2.471856e-10 
108.6044794 1.93711e-09 
109.9622081 5.336156e-10 
111.3197141 1.226023e-09 
111.3198836 5.483942e-11 
114.0349587 9.124485e-11 
112.6774404 1.576014e-09 
114.0351111 6.750925e-10 
112.6776116 7.029004e-10 
115.392681 5.100209e-10 
115.3928378 1.106957e-10 
116.75035 7.781431e-10 
118.1080695 4.41162e-10 
116.7505109 2.145527e-10 
118.1082378 5.482979e-10 
119.4655937 2.396617e-10 
119.4657414 2.181751e-10 
120.8233118 2.5881e-10 
122.1809745 5.607972e-11 
120.8234657 1.817298e-10 
122.181138 1.783867e-10 
123.5386966 1.51109e-10 
123.5388585 1.390249e-10 
124.8962195 1.80571e-10 
126.2539335 1.733641e-10 
124.8963638 3.128534e-10 
126.2540891 2.579182e-10 
127.6115942 5.802923e-10 
127.6117523 4.630165e-10 
130.3268407 7.065089e-10 
128.9693142 6.794082e-10 
130.3269779 3.480039e-10 
128.9694675 7.082813e-10 
131.6845507 1.886883e-09 
131.6846954 5.235496e-10 
133.0422111 2.423669e-09 
134.3999238 1.458953e-09 
133.0423503 1.584611e-09 
134.4000563 3.206793e-09 
135.7574572 1.967668e-09 
135.7575813 1.683041e-10 
137.1151698 4.028924e-09 
138.472819 3.675771e-09 
137.1152873 7.861725e-10 
138.4729337 3.189714e-09 
139.8305282 1.617088e-09 
139.830631 4.245749e-09 
141.1880677 2.414835e-09 
142.5457714 3.43854e-09 
141.1881691 1.572018e-10 
142.5458694 1.013006e-09 
143.9034166 2.88684e-09 
143.9035017 2.75908e-09 
146.6186601 1.271274e-09 
145.2611124 8.623733e-10 
146.6187476 2.47037e-10 
145.2611985 3.069795e-09 
147.9763591 1.951489e-09 
147.9764359 8.17396e-10 
149.3339957 9.731295e-10 
150.6916849 5.304008e-10 
149.3340669 1.300573e-09 
150.6917569 1.044445e-09 
152.0492317 5.83521e-10 
152.0493117 1.282707e-10 
153.4069278 2.986341e-10 
154.7645531 3.948463e-10 
153.406997 2.039826e-10 
154.7646231 2.060205e-10 
156.1222409 1.815875e-10 
156.1223134 3.182975e-11 
157.4797921 2.091701e-10 
158.837473 2.80638e-10 
157.4798609 1.919116e-10 
158.8375492 1.694183e-10 
160.1950968 2.958972e-10 
160.1951723 4.558748e-11 
162.910327 2.196409e-10 
161.5527747 2.422067e-10 
162.910399 3.175617e-10 
161.5528641 8.016676e-11 
164.2680079 2.676094e-10 
164.2680821 2.603888e-10 
165.625624 1.082654e-10 
166.9833094 3.189155e-10 
165.6257085 1.254537e-10 
166.9833923 1.985799e-10 
168.3408556 2.762364e-10 
168.3409309 1.759197e-10 
169.6985306 7.309923e-10 
171.056146 1.604503e-09 
169.6986202 6.478377e-11 
171.0562401 4.603334e-10 
172.4138296 1.260917e-09 
172.4139217 1.079352e-09 
173.7713728 4.759655e-10 
175.1290482 1.630076e-09 
173.7714489 3.320895e-10 
175.1291335 3.942585e-10 
176.4866681 1.853937e-09 
176.4867447 2.134324e-09 
179.2018738 2.837313e-09 
177.8443486 6.938229e-10 
179.2019666 1.045205e-10 
177.8444232 3.121556e-09 
180.5595534 4.024837e-09 
180.5596407 1.784201e-09 
181.9171656 2.447675e-09 
183.2748431 4.3346e-10 
181.9172502 3.401454e-09 
183.2749209 3.629195e-09 
184.6323884 2.962829e-09 
184.6324507 3.740402e-10 
185.9900668 3.246155e-09 
187.3476706 2.06434e-09 
185.9901216 2.129189e-09 
187.3477298 3.82134e-09 
188.7053452 6.370036e-10 
188.7054035 2.64401e-09 
190.0628832 1.764745e-09 
191.4205515 1.714448e-09 
190.0629419 4.122481e-10 
191.4206178 1.071221e-09 
192.7781593 1.23517e-09 
192.7782202 1.050608e-09 
195.4933755 2.895889e-10 
194.1358272 3.741615e-10 
195.4934327 2.369449e-10 
194.1359026 8.753097e-10 
196.8510459 7.039134e-10 
196.8511085 7.458563e-11 
198.2086524 4.229756e-10 
199.5663229 4.050526e-10 
198.2087187 1.470217e-10 
199.5664015 1.656727e-10 
200.9238499 1.738526e-10 
200.9239297 6.067706e-11 
202.28153 1.466945e-10 
203.6391398 2.043511e-10 
202.2816081 3.755782e-11 
203.6392145 8.8411e-11 
204.996803 1.596581e-10 
204.9968702 1.005485e-10 
108.6043929 1.321428e-09 
108.6045702 3.472961e-11 
111.3196349 1.451312e-10 
111.3197952 1.290983e-09 
114.0350332 9.634425e-10 
114.035197 1.27479e-10 
116.750278 1.444691e-10 
116.7504267 3.061883e-10 
119.4656635 4.045265e-10 
119.4658251 2.380569e-10 
122.1809071 2.406518e-10 
122.1810539 1.750631e-10 
124.8962843 8.957219e-11 
124.8964475 1.622892e-10 
127.6115308 4.043862e-10 
127.6116717 4.384578e-10 
130.3269035 1.600611e-09 
130.3270529 9.797186e-10 
133.0421493 1.129105e-09 
133.0422814 3.20224e-10 
135.7575162 3.033616e-09 
135.7576441 2.465595e-09 
138.4727639 2.518435e-09 
138.4728769 4.041436e-11 
141.1881193 3.69578e-09 
141.1882191 3.270282e-09 
143.903367 1.902816e-09 
143.9034591 1.620123e-10 
146.6187096 1.91929e-09 
146.6187839 1.868841e-09 
149.3339472 1.003742e-09 
149.3340328 3.672241e-10 
152.0492753 6.264148e-10 
152.0493475 8.433017e-10 
154.7645154 9.105961e-11 
154.7645861 2.849001e-10 
157.479829 6.836473e-11 
157.4798969 1.956931e-10 
160.1950599 9.04493e-11 
160.1951336 6.869272e-11 
162.9103589 6.614509e-11 
162.9104436 9.119096e-11 
165.6255952 2.880601e-10 
165.625663 8.298547e-11 
168.3408886 7.163395e-10 
168.3409743 2.239491e-10 
171.0561122 4.740771e-10 
171.0561935 5.658738e-10 
173.7714051 1.410989e-09 
173.7714951 7.604997e-10 
176.4866275 1.689412e-09 
176.4867082 4.460988e-11 
179.2019204 3.228239e-09 
179.2019996 3.761117e-09 
181.9171283 2.353825e-09 
181.9172108 1.93567e-10 
184.6324179 1.592851e-09 
184.6324895 3.477794e-09 
187.347638 3.430538e-09 
187.3476968 6.569237e-10 
190.0629145 1.931332e-09 
190.0629752 2.469144e-09 
192.7781326 6.325511e-10 
192.7781848 1.888503e-10 
195.4934079 8.649523e-10 
195.4934675 3.97093e-10 
198.2086098 4.312444e-10 
198.2086821 2.285378e-10 
200.9238949 2.908309e-10 
200.923968 4.506762e-11 
203.6390966 4.472643e-11 
203.6391849 1.25707e-10 
108.6043072 2.942622e-10 
108.6044793 1.88812e-09 
109.9621225 1.9403e-09 
109.9622984 5.930413e-10 
111.3197139 1.191445e-09 
111.3198837 5.775669e-11 
114.0349586 9.259222e-11 
112.6773625 3.820418e-10 
114.035111 6.466103e-10 
112.6775233 2.811386e-10 
115.3927556 9.540857e-10 
115.392925 7.207529e-10 
118.1079973 4.206956e-10 
116.7503499 7.390362e-10 
118.1081519 8.769661e-11 
116.7505109 2.194762e-10 
119.4655936 2.400861e-10 
119.4657413 2.018247e-10 
122.1809745 4.736456e-11 
120.8233835 7.128675e-11 
120.8235491 2.813892e-10 
122.181138 1.802377e-10 
123.5386241 1.834604e-10 
123.5387788 2.04767e-10 
124.8962195 1.829435e-10 
126.2540071 4.791678e-10 
124.8963638 3.210214e-10 
126.254165 1.670448e-10 
127.6115942 6.018704e-10 
127.6117523 4.613483e-10 
130.3268407 7.108303e-10 
128.9692417 7.260263e-10 
130.3269779 3.576254e-10 
128.9693949 3.780067e-10 
131.6846192 1.100112e-09 
131.6847646 1.880368e-09 
134.3998611 3.181835e-09 
133.0422111 2.453966e-09 
134.3999924 7.223104e-10 
133.0423503 1.573952e-09 
135.7574572 1.972071e-09 
135.7575813 1.661053e-10 
138.472819 3.716336e-09 
137.115228 1.637488e-09 
138.4729337 3.176848e-09 
137.1153445 4.170394e-09 
139.8304733 3.942719e-09 
139.8305804 8.166606e-10 
141.1880677 2.432912e-09 
141.1881692 1.684976e-10 
142.5458227 1.185397e-09 
142.5459162 3.678585e-09 
143.9034167 2.914305e-09 
143.9035016 2.769842e-09 
145.2610666 2.874644e-09 
146.6186602 1.27805e-09 
146.6187477 2.436437e-10 
145.2611539 9.550891e-10 
147.9764001 8.532289e-10 
147.9764781 2.09566e-09 
150.6916462 1.041997e-09 
149.3339957 9.787734e-10 
150.6917174 5.930291e-10 
149.3340669 1.294603e-09 
152.0492318 5.669987e-10 
152.0493116 1.27352e-10 
154.7645531 3.97722e-10 
153.4069651 3.146593e-10 
154.764623 2.044331e-10 
153.4070358 3.01429e-10 
156.1222041 2.718081e-11 
156.1222744 3.274121e-10 
157.4797924 2.217986e-10 
157.4798608 2.050843e-10 
158.8375112 2.378433e-11 
158.8375901 1.819469e-10 
160.1950969 2.887615e-10 
160.1951722 5.061454e-11 
161.5527386 1.161008e-10 
162.9103271 2.161937e-10 
162.9103989 3.002232e-10 
161.5528183 7.599503e-11 
164.2680393 1.094818e-10 
164.2681306 1.110596e-10 
166.983275 4.398084e-10 
165.625624 1.088857e-10 
166.9833496 3.476485e-11 
165.6257083 1.216325e-10 
168.3408556 2.703307e-10 
168.3409308 1.786766e-10 
171.0561459 1.592485e-09 
169.6985745 9.218859e-10 
171.05624 4.590741e-10 
169.6986577 7.260811e-10 
172.4137857 1.037435e-09 
172.413881 1.688111e-10 
173.7713728 4.670606e-10 
173.7714488 3.370525e-10 
175.1290878 6.714426e-10 
175.1291742 1.366624e-09 
176.486668 1.850238e-09 
176.4867447 2.125409e-09 
177.8443045 3.581842e-09 
179.2018738 2.804901e-09 
179.2019664 1.01118e-10 
177.8443891 1.446128e-09 
180.5595979 1.061571e-09 
180.5596756 4.530742e-09 
183.2748098 3.082205e-09 
181.9171654 2.453772e-09 
183.2748803 1.796958e-09 
181.9172502 3.376669e-09 
184.6323884 2.949704e-09 
184.6324506 3.631285e-10 
187.3476705 2.078481e-09 
185.9900958 4.25029e-10 
187.3477298 3.794126e-09 
185.9901588 3.174311e-09 
188.7053104 2.852136e-09 
188.7053711 1.862635e-09 
190.0628831 1.765622e-09 
191.4205851 3.700224e-10 
190.0629419 4.094423e-10 
191.4206541 1.499566e-09 
192.7781594 1.249874e-09 
192.7782201 1.045449e-09 
195.4933755 2.901608e-10 
194.1357996 1.225263e-09 
195.4934328 2.376111e-10 
194.1358615 4.243594e-10 
196.8510751 5.360111e-10 
196.8511514 5.009767e-10 
199.566288 2.765512e-10 
198.2086524 4.332891e-10 
199.5663574 1.117297e-11 
198.2087188 1.445238e-10 
200.9238498 1.712604e-10 
200.9239297 6.207147e-11 
203.6391399 2.049132e-10 
202.2815723 8.00559e-11 
203.6392145 8.992169e-11 
202.2816474 1.923305e-11 
204.996748 1.098905e-10 
204.9968423 2.651369e-10 
109.96204 2.402535e-10 
109.9622082 5.092236e-10 
112.6774405 1.530607e-09 
112.6776116 7.057057e-10 
115.3926811 4.937406e-10 
115.3928379 1.039815e-10 
118.1080696 4.110699e-10 
118.1082378 5.489796e-10 
120.8233118 2.508254e-10 
120.8234658 1.788882e-10 
123.5386967 1.612183e-10 
123.5388585 1.360504e-10 
126.2539336 1.753634e-10 
126.2540892 2.573058e-10 
128.9693143 7.033572e-10 
128.9694676 7.028411e-10 
131.6845508 1.89147e-09 
131.6846956 5.071781e-10 
134.399924 1.477299e-09 
134.4000564 3.191736e-09 
137.1151698 4.028392e-09 
137.1152875 7.663161e-10 
139.8305284 1.630522e-09 
139.830631 4.229556e-09 
142.5457713 3.445195e-09 
142.5458696 1.018892e-09 
145.2611126 8.573103e-10 
145.2611985 3.071331e-09 
147.9763591 1.942929e-09 
147.9764361 8.141578e-10 
150.691685 5.173286e-10 
150.6917569 1.035045e-09 
153.4069278 2.866306e-10 
153.4069972 2.064254e-10 
156.122241 1.895655e-10 
156.1223135 3.210003e-11 
158.8374731 2.838035e-10 
158.8375492 1.804994e-10 
161.5527748 2.27058e-10 
161.5528641 7.944842e-11 
164.2680079 2.613898e-10 
164.2680822 2.498084e-10 
166.9833095 3.187674e-10 
166.9833923 1.907448e-10 
169.6985306 7.096295e-10 
169.6986202 6.633718e-11 
172.4138296 1.256973e-09 
172.4139217 1.06439e-09 
175.1290481 1.604667e-09 
175.1291335 3.905274e-10 
177.8443485 6.962305e-10 
177.8444232 3.101868e-09 
180.5595533 4.004307e-09 
180.5596407 1.765494e-09 
183.274843 4.377866e-10 
183.2749209 3.608148e-09 
185.9900667 3.240285e-09 
185.9901217 2.104543e-09 
188.7053452 6.399755e-10 
188.7054035 2.628975e-09 
191.4205515 1.723188e-09 
191.4206179 1.06445e-09 
194.1358272 3.77172e-10 
194.1359026 8.754343e-10 
196.8510458 7.082251e-10 
196.8511086 7.316713e-11 
199.5663229 4.091651e-10 
199.5664016 1.648789e-10 
202.2815299 1.466966e-10 
202.2816082 3.764048e-11 
204.9968031 1.590744e-10 
204.9968702 1.020195e-10 
