# c_kinat vs. Position.Y (2660 data points):
# Position.Y c_kinat
-0.007684 2.13967e-11 
1.350042 8.217537e-12 
-0.0074159 1.189036e-11 
2.7074668 4.512676e-11 
2.7077473 2.756504e-11 
4.0652118 4.015046e-11 
5.4229177 3.646149e-11 
4.0654871 7.000706e-11 
5.4231905 7.412678e-11 
6.7806564 1.882639e-10 
8.1380851 2.704832e-10 
9.4958263 2.168904e-10 
8.1383569 3.037751e-10 
9.4960975 2.663704e-10 
10.8535264 2.625771e-10 
10.8538077 1.927268e-10 
13.5686981 5.181647e-10 
12.2112659 5.606368e-10 
13.5689728 1.318576e-09 
14.9264397 2.150396e-10 
14.9267114 1.70665e-09 
16.2841454 7.712804e-10 
17.6418827 2.714753e-09 
16.2844121 5.17377e-10 
18.9993134 1.104234e-09 
18.9995827 3.188065e-09 
20.3570542 6.107664e-11 
21.7147583 5.551081e-10 
20.3573267 2.144994e-09 
21.7150337 1.211445e-09 
24.429921 2.521052e-09 
23.0725053 2.116678e-09 
24.4302104 4.525083e-09 
25.7876715 3.681957e-10 
25.7879432 3.977389e-09 
27.1453778 3.761674e-10 
28.5031182 1.769652e-09 
27.1456443 1.154652e-09 
29.8605284 1.691062e-09 
29.8608263 2.079594e-09 
31.2182764 6.181175e-10 
32.5759901 2.407904e-10 
31.2185682 1.910884e-09 
32.5762657 1.146131e-09 
33.9337384 5.918342e-10 
35.291144 9.539751e-10 
36.6488938 2.040454e-10 
35.2914429 1.072509e-09 
36.6491801 5.770597e-10 
38.0066031 1.767764e-10 
38.0068792 5.857272e-11 
40.7217652 2.065758e-10 
39.3643479 2.592346e-10 
40.7220537 1.07302e-10 
42.0795129 5.147197e-11 
42.0797935 2.913646e-11 
43.4372206 6.641699e-11 
44.7949649 1.771902e-10 
43.4374898 2.397945e-11 
46.1523947 1.695698e-10 
46.1526636 8.077691e-11 
47.5101414 2.210071e-10 
48.8678415 2.363126e-10 
47.5103984 5.828576e-11 
48.8680985 1.463541e-10 
50.2255781 3.558833e-10 
51.5830253 4.958268e-11 
52.9407664 2.934747e-10 
51.5832781 3.698208e-10 
52.9410143 4.171858e-10 
54.2984676 2.980461e-10 
54.29871 1.823005e-10 
57.013657 7.998158e-10 
55.6562043 1.009056e-09 
57.0138969 1.546343e-09 
58.3713995 2.491783e-10 
58.3716333 1.423954e-09 
59.7290935 3.503242e-10 
61.0868301 1.181289e-09 
59.7293304 1.047965e-09 
62.4442844 2.332157e-09 
62.444525 3.03372e-09 
63.8020259 9.520123e-10 
65.1597227 1.282394e-10 
63.8022584 3.603461e-09 
65.1599531 2.041886e-09 
66.5174582 1.504841e-09 
67.874911 3.419392e-09 
69.23265 1.004255e-09 
67.8751538 3.476513e-09 
69.2328923 4.112404e-09 
70.5903482 3.582446e-11 
70.5905836 2.430378e-09 
73.3055339 2.446863e-09 
71.9480915 1.219873e-09 
73.305788 2.655352e-09 
74.6632786 7.683141e-10 
74.6635257 2.225123e-09 
76.0209776 3.380307e-10 
77.3787219 7.299926e-10 
76.0212153 9.216178e-10 
78.736164 4.858998e-10 
78.7364195 7.023133e-10 
80.0939073 2.220731e-10 
81.4516074 4.460887e-10 
80.0941547 2.736015e-10 
81.4518384 1.428549e-10 
82.8093495 4.312368e-10 
84.1668009 2.510848e-10 
85.5245416 5.525968e-10 
84.1670418 1.932183e-10 
85.5247758 3.543054e-10 
86.8822353 4.443439e-10 
86.8824565 8.641049e-10 
89.5974422 1.374852e-09 
88.2399746 1.478112e-10 
89.5976613 3.94449e-10 
90.9551802 1.499947e-09 
90.955391 1.422543e-09 
92.3128667 8.092509e-10 
93.6705987 4.403305e-11 
92.3130698 2.219206e-09 
95.0280858 2.313846e-09 
95.0282797 3.89912e-10 
96.3858162 2.36264e-09 
97.7434971 1.318965e-09 
96.3860069 1.626809e-09 
97.7436817 2.518719e-09 
99.1012243 1.910059e-10 
100.4587207 2.01132e-09 
101.8164491 2.506995e-09 
100.4589 1.67016e-10 
101.8166242 1.286696e-09 
103.1741244 1.508837e-09 
103.1742957 2.188625e-09 
105.8893488 1.754792e-09 
104.53185 2.724346e-10 
105.8895211 1.193348e-10 
107.2470764 1.976243e-09 
107.2472415 1.080021e-09 
-0.007826 1.384958e-11 
1.3499012 3.213799e-11 
1.3501776 3.087354e-11 
-0.007548 1.385541e-11 
2.7076095 7.583058e-12 
2.7078821 1.709094e-11 
5.4227758 1.546117e-10 
4.0653517 4.262255e-11 
5.4230531 1.187079e-10 
6.7805217 8.023647e-11 
6.780791 1.186412e-10 
8.1382221 1.646118e-10 
9.4959584 3.067703e-10 
8.1384988 1.899451e-10 
10.8533911 3.497237e-10 
10.8536643 5.773942e-10 
12.2111302 2.16339e-10 
13.5688363 3.880452e-10 
12.2114067 6.954478e-10 
13.5691107 3.34084e-10 
14.9265761 1.578008e-09 
16.2840084 9.711256e-10 
17.6417487 1.307953e-10 
16.2842762 2.709121e-09 
17.6420156 2.024913e-09 
18.9994494 9.277294e-10 
18.9997222 5.881571e-10 
21.7146145 1.745426e-09 
20.357192 2.334511e-09 
21.714898 3.571036e-09 
23.0723632 3.542794e-10 
24.4300713 3.974035e-10 
23.072637 3.502567e-09 
24.4303381 1.670706e-09 
25.7878131 2.527127e-09 
27.1452275 1.994885e-09 
28.5029729 3.257171e-10 
27.1455167 3.643739e-09 
28.5032543 2.676381e-09 
29.8606815 1.45536e-10 
29.8609563 1.096818e-09 
32.5758329 1.791881e-09 
31.2184287 8.769452e-10 
32.5761371 1.604086e-09 
33.9335861 6.575054e-10 
33.9338756 1.362424e-09 
35.2912981 1.954239e-10 
36.6490422 4.199633e-10 
35.2915717 5.187269e-10 
38.0064546 1.847127e-10 
38.0067473 3.423908e-10 
39.3642001 1.163097e-10 
40.7219105 9.629969e-11 
39.3644873 1.166978e-10 
40.722186 4.046546e-11 
42.0796574 1.478265e-10 
43.4370795 4.683798e-11 
44.7948289 1.574067e-10 
43.437359 1.202377e-10 
44.7950955 7.53407e-13 
46.1525305 2.193284e-10 
46.1527935 9.570135e-11 
48.8677092 1.754894e-10 
47.51027 1.28361e-10 
48.8679702 2.701436e-10 
50.2254524 1.369405e-10 
50.2257052 9.312721e-11 
51.5831547 4.088754e-10 
52.9408905 6.059092e-10 
51.5834036 3.881113e-11 
54.2983421 3.962366e-10 
54.2985864 7.587825e-10 
55.6560831 9.783285e-11 
57.0137799 3.931581e-10 
55.6563237 9.675106e-10 
57.0140194 4.710034e-10 
58.3715176 1.213845e-09 
59.7289705 1.623382e-09 
61.0867138 6.239146e-10 
59.7292105 2.31022e-09 
61.0869445 2.472005e-09 
62.4444085 1.304178e-10 
62.4446414 1.545156e-09 
65.1595984 2.908206e-09 
63.8021433 1.429031e-09 
65.1598392 3.366099e-09 
66.5173374 1.143448e-09 
66.5175749 4.251123e-09 
67.8750355 3.773265e-11 
69.2327748 1.42263e-09 
67.8752672 2.53984e-09 
70.5902223 3.280369e-09 
70.5904703 3.367196e-09 
71.9479641 8.885462e-10 
73.3056623 2.110073e-10 
71.9482094 3.282013e-09 
73.3059003 1.771408e-09 
74.6634073 9.017627e-10 
76.0208476 1.387221e-09 
77.3785928 4.563616e-10 
76.0211051 1.609442e-09 
77.378841 1.136057e-09 
78.736293 4.3296e-10 
78.7365277 3.09876e-10 
81.451482 1.690492e-10 
80.0940359 6.046005e-10 
81.4517314 2.301615e-10 
82.8092234 2.597074e-10 
82.8094664 2.028669e-11 
84.1669211 3.863011e-10 
85.5246624 2.77587e-10 
84.1671479 3.417862e-10 
86.8821209 6.431707e-10 
86.8823517 2.980478e-10 
88.239861 1.020951e-09 
89.5975506 5.759512e-10 
88.2400836 9.49269e-10 
89.5977637 1.594251e-09 
90.9552865 5.371683e-11 
92.3127644 2.012347e-09 
93.6704986 1.932431e-09 
92.3129706 4.552089e-10 
93.6706987 1.634647e-09 
95.0281823 1.073606e-09 
95.0283755 2.528708e-09 
97.7434046 2.23675e-09 
96.3859113 9.416311e-11 
97.7435894 2.771982e-10 
99.1011332 2.539921e-09 
99.1013154 1.492942e-09 
100.458811 1.439395e-09 
101.8165374 2.616956e-10 
100.4589887 2.355839e-09 
103.174035 1.86102e-09 
103.1742108 1.213035e-10 
104.5317636 2.276915e-09 
105.8894373 1.390211e-09 
104.5319331 1.141543e-09 
105.8896019 2.050502e-09 
107.2471615 1.961856e-10 
-0.0076839 2.290259e-11 
-0.007416 1.158179e-11 
2.7074668 4.569429e-11 
2.7077473 2.787984e-11 
5.4229177 3.629479e-11 
5.4231905 7.465119e-11 
8.1380852 2.756561e-10 
8.1383569 3.075678e-10 
10.8535264 2.616173e-10 
10.8538077 1.936798e-10 
13.568698 5.266497e-10 
13.5689728 1.323542e-09 
16.2841453 7.652126e-10 
16.2844121 5.200932e-10 
18.9993134 1.114484e-09 
18.9995828 3.192468e-09 
21.7147582 5.51688e-10 
21.7150337 1.218283e-09 
24.4299209 2.53523e-09 
24.4302104 4.534583e-09 
27.1453777 3.76991e-10 
27.1456443 1.156375e-09 
29.8605283 1.68908e-09 
29.8608262 2.089152e-09 
32.57599 2.411573e-10 
32.5762657 1.144467e-09 
35.291144 9.472066e-10 
35.2914429 1.084287e-09 
38.006603 1.806056e-10 
38.0068792 5.8007e-11 
40.7217652 2.011363e-10 
40.7220536 1.102398e-10 
43.4372206 6.872566e-11 
43.4374898 2.356693e-11 
46.1523948 1.703944e-10 
46.1526636 8.6652e-11 
48.8678415 2.488786e-10 
48.8680985 1.452218e-10 
51.5830253 4.89893e-11 
51.5832781 3.816979e-10 
54.2984677 3.069672e-10 
54.29871 1.836479e-10 
57.0136571 7.98629e-10 
57.013897 1.570676e-09 
59.7290936 3.529495e-10 
59.7293304 1.050654e-09 
62.4442844 2.336006e-09 
62.4445251 3.055891e-09 
65.1597228 1.296226e-10 
65.1599532 2.050951e-09 
67.8749111 3.444024e-09 
67.8751539 3.485507e-09 
70.5903483 3.56453e-11 
70.5905836 2.44114e-09 
73.3055339 2.47375e-09 
73.3057881 2.648515e-09 
76.0209777 3.371098e-10 
76.0212153 9.281659e-10 
78.7361639 5.005678e-10 
78.7364196 6.928401e-10 
81.4516074 4.402562e-10 
81.4518384 1.432891e-10 
84.1668009 2.427616e-10 
84.1670418 1.957808e-10 
86.8822353 4.294233e-10 
86.8824565 8.609617e-10 
89.5974422 1.356044e-09 
89.5976613 4.071429e-10 
92.3128666 7.813809e-10 
92.3130698 2.218436e-09 
95.0280857 2.296752e-09 
95.0282797 4.034391e-10 
97.743497 1.288141e-09 
97.7436818 2.52161e-09 
100.4587206 2.008854e-09 
100.4588999 1.747468e-10 
103.1741243 1.487886e-09 
103.1742958 2.197088e-09 
105.8893487 1.764514e-09 
105.889521 1.242759e-10 
-0.0078259 1.39122e-11 
1.350042 8.745261e-12 
-0.0075481 1.42877e-11 
2.7076095 7.614574e-12 
2.7078821 1.715318e-11 
5.4227759 1.56778e-10 
4.0652118 4.055663e-11 
4.0654871 7.061666e-11 
5.4230531 1.203881e-10 
6.7806564 1.894761e-10 
8.1382222 1.654592e-10 
9.4958264 2.184155e-10 
9.4960974 2.689326e-10 
8.1384987 1.900336e-10 
10.8533911 3.525517e-10 
10.8536643 5.825656e-10 
13.5688363 3.885025e-10 
12.2112659 5.63283e-10 
13.5691107 3.354647e-10 
14.9264397 2.150785e-10 
14.9267114 1.711886e-09 
16.2840083 9.744984e-10 
17.6418827 2.717667e-09 
16.2842763 2.717741e-09 
18.9994494 9.288101e-10 
18.9997222 5.901142e-10 
21.7146144 1.750896e-09 
20.3570542 6.294499e-11 
20.3573266 2.152015e-09 
21.714898 3.584084e-09 
24.4300713 4.021653e-10 
23.0725052 2.123257e-09 
24.4303381 1.672366e-09 
25.7876714 3.669526e-10 
25.7879432 3.988274e-09 
27.1452274 1.989297e-09 
28.5031182 1.782804e-09 
27.1455167 3.661552e-09 
29.8606815 1.491142e-10 
29.8609563 1.094214e-09 
32.5758328 1.77643e-09 
31.2182764 6.076572e-10 
32.5761371 1.617478e-09 
31.2185681 1.917347e-09 
33.9337383 6.030897e-10 
36.6488937 1.959287e-10 
35.2912981 1.984927e-10 
36.64918 5.829482e-10 
35.2915717 5.167724e-10 
38.0064546 1.788865e-10 
38.0067472 3.500106e-10 
40.7219105 9.766263e-11 
39.3643478 2.666946e-10 
40.722186 4.119264e-11 
42.0795129 5.084833e-11 
42.0797934 3.004701e-11 
43.4370795 4.562288e-11 
44.7949648 1.832851e-10 
43.4373591 1.23084e-10 
46.1525305 2.258528e-10 
46.1527935 9.436465e-11 
48.8677093 1.688893e-10 
47.5101414 2.217782e-10 
48.8679702 2.74971e-10 
47.5103984 5.766743e-11 
50.2255781 3.685291e-10 
52.9407664 2.995492e-10 
51.5831548 4.216987e-10 
52.9410144 4.25115e-10 
51.5834036 3.825577e-11 
54.2983422 4.011649e-10 
54.2985864 7.71311e-10 
57.0137801 3.937469e-10 
55.6562044 1.024105e-09 
57.0140193 4.712082e-10 
58.3713996 2.40783e-10 
58.3716333 1.436736e-09 
59.7289706 1.619173e-09 
61.0868302 1.191432e-09 
59.7292106 2.322578e-09 
62.4444087 1.307028e-10 
62.4446414 1.547098e-09 
65.1595985 2.92443e-09 
63.8020259 9.526587e-10 
65.1598393 3.368391e-09 
63.8022585 3.615119e-09 
66.5174583 1.506316e-09 
69.23265 1.017929e-09 
67.8750356 3.844032e-11 
69.2328923 4.118188e-09 
67.8752672 2.548147e-09 
70.5902223 3.30852e-09 
70.5904703 3.357159e-09 
73.3056623 2.098277e-10 
71.9480916 1.209453e-09 
73.3059003 1.779171e-09 
74.6632786 7.843392e-10 
74.6635257 2.224247e-09 
76.0208476 1.410507e-09 
77.378722 7.18712e-10 
76.0211051 1.59871e-09 
78.736293 4.303369e-10 
78.7365278 3.12223e-10 
81.4514819 1.674332e-10 
80.0939073 2.271921e-10 
81.4517315 2.276588e-10 
80.0941547 2.724684e-10 
82.8093495 4.241105e-10 
85.5245416 5.365131e-10 
84.1669211 3.796883e-10 
85.5247758 3.575214e-10 
84.167148 3.362988e-10 
86.8821208 6.258491e-10 
86.8823517 3.026569e-10 
89.5975506 5.645614e-10 
88.2399746 1.458884e-10 
89.5977638 1.58947e-09 
90.9551802 1.476773e-09 
90.955391 1.432107e-09 
92.3127643 1.998135e-09 
93.6705986 3.984088e-11 
92.3129706 4.622578e-10 
95.0281822 1.058555e-09 
95.0283755 2.525689e-09 
97.7434045 2.231204e-09 
96.3858162 2.33795e-09 
97.7435894 2.804351e-10 
96.3860069 1.636245e-09 
99.1012243 1.842817e-10 
101.8164491 2.500306e-09 
100.4588108 1.43426e-09 
101.8166242 1.296072e-09 
100.4589888 2.358832e-09 
103.1740348 1.87553e-09 
103.1742108 1.221966e-10 
105.8894372 1.397205e-09 
104.53185 2.675075e-10 
105.889602 2.0582e-09 
107.2470764 1.980055e-09 
107.2472414 1.088644e-09 
1.3499012 3.329312e-11 
1.3501776 3.10305e-11 
4.0653517 4.249558e-11 
6.7805217 8.01544e-11 
6.780791 1.194075e-10 
9.4959584 3.093054e-10 
12.2111302 2.174962e-10 
12.2114067 6.984612e-10 
14.9265761 1.585888e-09 
17.6417487 1.314887e-10 
17.6420156 2.028436e-09 
20.3571919 2.347176e-09 
23.0723631 3.504509e-10 
23.072637 3.511069e-09 
25.787813 2.54764e-09 
28.5029729 3.174383e-10 
28.5032542 2.683761e-09 
31.2184287 8.912585e-10 
33.9335861 6.435757e-10 
33.9338756 1.367305e-09 
36.6490422 4.311071e-10 
39.3642001 1.160097e-10 
39.3644873 1.178431e-10 
42.0796574 1.524779e-10 
44.7948289 1.546441e-10 
44.7950956 8.640595e-13 
47.51027 1.329614e-10 
50.2254523 1.39683e-10 
50.2257053 9.285163e-11 
52.9408906 6.132193e-10 
55.6560832 1.002544e-10 
55.6563237 9.731861e-10 
58.3715177 1.211806e-09 
61.0867138 6.195454e-10 
61.0869446 2.471657e-09 
63.8021434 1.425205e-09 
66.5173374 1.156373e-09 
66.5175749 4.247411e-09 
69.2327748 1.409573e-09 
71.9479641 9.010239e-10 
71.9482094 3.277778e-09 
74.6634073 8.898593e-10 
77.3785928 4.650287e-10 
77.3788409 1.137207e-09 
80.0940359 5.972972e-10 
82.8092234 2.512007e-10 
82.8094663 2.086463e-11 
85.5246624 2.741269e-10 
88.239861 1.013258e-09 
88.2400835 9.496313e-10 
90.9552864 5.241765e-11 
93.6704986 1.927011e-09 
93.6706986 1.63276e-09 
96.3859112 9.452452e-11 
99.1011332 2.545552e-09 
99.1013153 1.489353e-09 
101.8165373 2.657677e-10 
104.5317636 2.298034e-09 
104.5319331 1.140098e-09 
107.2471615 2.01405e-10 
-0.0076839 2.460162e-11 
1.3500419 8.686976e-12 
-0.007416 1.218319e-11 
2.7074668 4.555783e-11 
2.7077473 2.778058e-11 
4.0652118 3.997976e-11 
5.4229178 3.579142e-11 
4.0654871 7.016559e-11 
5.4231905 7.434313e-11 
6.7806563 1.893774e-10 
8.1380852 2.74275e-10 
9.4958263 2.193305e-10 
8.1383569 3.100685e-10 
9.4960974 2.6965e-10 
10.8535264 2.647393e-10 
10.8538077 1.938046e-10 
13.568698 5.253176e-10 
12.2112658 5.679738e-10 
13.5689728 1.329987e-09 
14.9264397 2.143078e-10 
14.9267114 1.711647e-09 
16.2841453 7.715866e-10 
17.6418827 2.732531e-09 
16.2844121 5.187515e-10 
18.9993133 1.110048e-09 
18.9995828 3.202768e-09 
20.3570542 6.157051e-11 
21.7147582 5.586297e-10 
20.3573266 2.154603e-09 
21.7150337 1.216728e-09 
24.4299209 2.523953e-09 
23.0725052 2.142655e-09 
24.4302104 4.553656e-09 
25.7876714 3.57487e-10 
25.7879432 3.992124e-09 
27.1453777 3.873941e-10 
28.5031181 1.80122e-09 
27.1456443 1.15291e-09 
29.8605283 1.672733e-09 
29.8608262 2.10268e-09 
31.2182764 5.972209e-10 
32.5759901 2.400296e-10 
31.2185682 1.920481e-09 
32.5762657 1.141446e-09 
33.9337383 6.120847e-10 
35.291144 9.320745e-10 
36.6488937 1.91971e-10 
35.2914429 1.093392e-09 
36.6491801 5.815148e-10 
38.0066031 1.850431e-10 
38.0068792 5.777426e-11 
40.7217652 2.055809e-10 
39.3643479 2.710628e-10 
40.7220537 1.112764e-10 
42.0795129 5.446421e-11 
42.0797935 3.112434e-11 
43.4372207 6.833635e-11 
44.7949649 1.83198e-10 
43.4374897 2.522458e-11 
46.1523949 1.601714e-10 
46.1526637 8.786146e-11 
47.5101413 2.123737e-10 
48.8678416 2.55095e-10 
47.5103985 5.516756e-11 
48.8680984 1.421532e-10 
50.2255782 3.676756e-10 
51.5830254 5.120735e-11 
52.9407664 3.088212e-10 
51.5832781 3.823291e-10 
52.9410144 4.240151e-10 
54.2984678 3.107236e-10 
54.29871 1.845905e-10 
57.0136572 7.985515e-10 
55.6562044 1.012658e-09 
57.013897 1.569571e-09 
58.3713996 2.37862e-10 
58.3716334 1.428605e-09 
59.7290937 3.4711e-10 
61.0868302 1.177146e-09 
59.7293303 1.046653e-09 
62.4442845 2.337761e-09 
62.4445252 3.046784e-09 
63.8020259 9.61876e-10 
65.1597229 1.313597e-10 
63.8022585 3.599939e-09 
65.1599531 2.051906e-09 
66.5174582 1.491206e-09 
67.8749111 3.460093e-09 
69.23265 1.025949e-09 
67.8751539 3.469378e-09 
69.2328923 4.104411e-09 
70.5903483 3.439628e-11 
70.5905836 2.443845e-09 
73.3055339 2.491197e-09 
71.9480915 1.197146e-09 
73.3057881 2.635427e-09 
74.6632786 7.879093e-10 
74.6635256 2.222793e-09 
76.0209777 3.359111e-10 
77.3787219 7.149822e-10 
76.0212153 9.315097e-10 
78.7361639 5.071702e-10 
78.7364196 6.912971e-10 
80.0939073 2.220297e-10 
81.4516073 4.382668e-10 
80.0941546 2.762282e-10 
81.4518384 1.390068e-10 
82.8093494 4.222823e-10 
84.1668008 2.292694e-10 
85.5245416 5.353295e-10 
84.1670418 1.953206e-10 
85.5247756 3.54416e-10 
86.8822352 4.303274e-10 
86.8824566 8.54741e-10 
89.597442 1.349363e-09 
88.2399745 1.445965e-10 
89.5976613 4.054442e-10 
90.9551802 1.490923e-09 
90.9553909 1.422495e-09 
92.3128665 7.858284e-10 
93.6705985 4.27265e-11 
92.3130699 2.212825e-09 
95.0280855 2.294339e-09 
95.0282797 3.985838e-10 
96.3858162 2.358374e-09 
97.7434969 1.299976e-09 
96.3860068 1.620975e-09 
97.7436818 2.51768e-09 
99.1012242 1.945888e-10 
100.4587204 2.019921e-09 
101.8164491 2.532077e-09 
100.4588999 1.698292e-10 
101.8166241 1.282928e-09 
103.1741242 1.511973e-09 
103.1742958 2.198655e-09 
105.8893486 1.783275e-09 
104.53185 2.811134e-10 
105.889521 1.194245e-10 
107.2470764 2.010476e-09 
107.2472414 1.077716e-09 
-0.0078259 1.369622e-11 
-0.0075481 1.395021e-11 
2.7076095 7.498466e-12 
2.7078821 1.703106e-11 
5.4227759 1.537423e-10 
5.4230531 1.202305e-10 
8.1382222 1.673741e-10 
8.1384987 1.898996e-10 
10.8533911 3.489788e-10 
10.8536643 5.837351e-10 
13.5688363 3.942533e-10 
13.5691107 3.334016e-10 
16.2840083 9.639335e-10 
16.2842762 2.723177e-09 
18.9994494 9.400921e-10 
18.9997222 5.868363e-10 
21.7146144 1.735481e-09 
21.714898 3.595149e-09 
24.4300713 4.121631e-10 
24.4303381 1.665576e-09 
27.1452275 1.971448e-09 
27.1455167 3.672758e-09 
29.8606815 1.520783e-10 
29.8609562 1.091943e-09 
32.5758329 1.760539e-09 
32.5761371 1.622817e-09 
35.2912981 1.990871e-10 
35.2915717 5.149375e-10 
38.0064547 1.794181e-10 
38.0067473 3.485726e-10 
40.7219106 9.852342e-11 
40.7221859 4.397515e-11 
43.4370796 4.752525e-11 
43.4373591 1.232322e-10 
46.1525306 2.218656e-10 
46.1527934 9.271053e-11 
48.8677094 1.585595e-10 
48.8679702 2.693934e-10 
51.5831549 4.227886e-10 
51.5834035 3.841581e-11 
54.2983423 4.089102e-10 
54.2985864 7.615543e-10 
57.0137801 3.866265e-10 
57.0140193 4.6781e-10 
59.7289706 1.615397e-09 
59.7292106 2.301111e-09 
62.4444087 1.279538e-10 
62.4446414 1.541921e-09 
65.1595985 2.926507e-09 
65.1598393 3.345876e-09 
67.8750356 3.912344e-11 
67.8752672 2.543216e-09 
70.5902223 3.307918e-09 
70.5904703 3.339721e-09 
73.3056623 2.082006e-10 
73.3059003 1.777491e-09 
76.0208476 1.411931e-09 
76.0211051 1.598839e-09 
78.736293 4.305114e-10 
78.7365278 3.099535e-10 
81.4514819 1.594188e-10 
81.4517314 2.302104e-10 
84.166921 3.842555e-10 
84.167148 3.312198e-10 
86.8821207 6.237794e-10 
86.8823516 2.96407e-10 
89.5975505 5.80673e-10 
89.5977638 1.58542e-09 
92.3127642 2.005926e-09 
92.3129705 4.501417e-10 
95.0281821 1.084918e-09 
95.0283756 2.519602e-09 
97.7434044 2.240883e-09 
97.7435894 2.684622e-10 
100.4588108 1.469276e-09 
100.4589888 2.354269e-09 
103.1740348 1.889342e-09 
103.1742108 1.141232e-10 
105.8894372 1.433126e-09 
105.889602 2.054702e-09 
1.3499011 3.347034e-11 
-0.007684 2.408521e-11 
1.3501776 3.124574e-11 
-0.007416 1.288414e-11 
2.7074667 4.492153e-11 
2.7077473 2.740136e-11 
5.4229177 3.567243e-11 
4.0653517 4.205546e-11 
5.4231904 7.362546e-11 
6.7805216 7.877767e-11 
6.780791 1.18286e-10 
8.1380852 2.682794e-10 
9.4959583 3.096754e-10 
8.1383569 3.07793e-10 
10.8535264 2.676554e-10 
10.8538077 1.929311e-10 
13.568698 5.160186e-10 
12.2111301 2.168697e-10 
12.2114067 6.963274e-10 
13.5689728 1.328987e-09 
14.9265761 1.593681e-09 
16.2841453 7.816527e-10 
17.6417486 1.330918e-10 
17.6420155 2.026177e-09 
16.2844121 5.15202e-10 
18.9993134 1.097074e-09 
18.9995827 3.204704e-09 
21.7147582 5.664283e-10 
20.3571919 2.362177e-09 
21.7150337 1.20893e-09 
24.429921 2.502847e-09 
23.0723631 3.409849e-10 
24.4302104 4.555918e-09 
23.072637 3.508232e-09 
25.787813 2.562658e-09 
28.5029729 3.129862e-10 
27.1453778 3.930592e-10 
28.5032543 2.6821e-09 
27.1456442 1.149053e-09 
29.8605284 1.664669e-09 
29.8608262 2.101445e-09 
32.5759901 2.388862e-10 
31.2184287 8.964838e-10 
32.5762656 1.141275e-09 
33.9335861 6.404691e-10 
33.9338757 1.364364e-09 
35.2911441 9.295718e-10 
36.6490423 4.308783e-10 
35.2914429 1.087191e-09 
38.0066032 1.837229e-10 
38.0068792 5.8259e-11 
40.7217653 2.138886e-10 
39.3642001 1.225842e-10 
40.7220537 1.089254e-10 
39.3644874 1.149023e-10 
42.0796575 1.512014e-10 
44.7948288 1.475414e-10 
43.4372208 6.550971e-11 
44.7950957 1.278461e-12 
43.4374897 2.672944e-11 
46.1523949 1.531754e-10 
46.1526637 8.267829e-11 
48.8678417 2.461834e-10 
47.5102701 1.272091e-10 
48.8680984 1.414293e-10 
50.2254523 1.39271e-10 
50.2257054 8.884151e-11 
51.5830254 5.32524e-11 
52.9408906 5.981421e-10 
51.5832781 3.708071e-10 
54.2984678 3.040973e-10 
54.29871 1.838233e-10 
57.0136572 7.996177e-10 
55.6560831 1.031516e-10 
57.013897 1.544569e-09 
55.6563238 9.629892e-10 
58.3715177 1.189837e-09 
61.0867138 6.260788e-10 
59.7290937 3.409527e-10 
61.0869446 2.451125e-09 
59.7293303 1.041461e-09 
62.4442845 2.334829e-09 
62.4445251 3.019057e-09 
65.1597228 1.311186e-10 
63.8021433 1.40664e-09 
65.1599531 2.043398e-09 
66.5173373 1.161563e-09 
66.5175748 4.225887e-09 
67.8749111 3.445286e-09 
69.2327747 1.397874e-09 
67.8751538 3.450471e-09 
70.5903482 3.374733e-11 
70.5905836 2.434757e-09 
73.3055338 2.475016e-09 
71.9479641 8.967998e-10 
73.305788 2.634194e-09 
71.9482093 3.268207e-09 
74.6634072 8.895751e-10 
77.3785928 4.566333e-10 
76.0209776 3.358963e-10 
77.3788408 1.141717e-09 
76.0212153 9.270549e-10 
78.7361639 4.965381e-10 
78.7364195 6.998399e-10 
81.4516073 4.426398e-10 
80.0940358 6.01215e-10 
81.4518384 1.359595e-10 
82.8092234 2.486179e-10 
82.8094662 2.125216e-11 
84.1668008 2.29159e-10 
85.5246623 2.74783e-10 
84.1670417 1.925411e-10 
86.8822352 4.456921e-10 
86.8824565 8.540453e-10 
89.5974421 1.363885e-09 
88.239861 1.033708e-09 
89.5976613 3.918258e-10 
88.2400834 9.391932e-10 
90.9552864 5.415676e-11 
93.6704986 1.959808e-09 
92.3128665 8.165122e-10 
93.6706986 1.613328e-09 
92.3130698 2.210087e-09 
95.0280856 2.309709e-09 
95.0282797 3.822037e-10 
97.7434969 1.338328e-09 
96.3859112 1.04968e-10 
97.7436818 2.512286e-09 
99.1011332 2.582513e-09 
99.1013153 1.468862e-09 
100.4587205 2.028926e-09 
101.8165373 2.82889e-10 
100.4588999 1.592226e-10 
103.1741243 1.548095e-09 
103.1742958 2.191067e-09 
105.8893486 1.784834e-09 
104.5317636 2.330488e-09 
105.8895211 1.116623e-10 
104.5319331 1.122698e-09 
107.2471615 2.151814e-10 
1.3500419 8.133445e-12 
4.0652118 3.922833e-11 
4.0654871 6.928195e-11 
6.7806563 1.880831e-10 
9.4958262 2.184156e-10 
9.4960974 2.675324e-10 
12.2112658 5.682116e-10 
14.9264397 2.138635e-10 
14.9267114 1.706248e-09 
17.6418827 2.738798e-09 
20.3570542 5.894182e-11 
20.3573266 2.149164e-09 
23.0725052 2.148059e-09 
25.7876714 3.529273e-10 
25.7879432 3.983608e-09 
28.5031182 1.799389e-09 
31.2182764 6.012077e-10 
31.2185682 1.915974e-09 
33.9337384 6.06264e-10 
36.6488938 1.975914e-10 
36.6491801 5.747826e-10 
39.364348 2.661723e-10 
42.0795129 5.727844e-11 
42.0797936 3.093077e-11 
44.794965 1.769838e-10 
47.5101413 2.057157e-10 
47.5103985 5.428899e-11 
50.2255782 3.545491e-10 
52.9407663 3.083333e-10 
52.9410144 4.154601e-10 
55.6562044 9.906793e-10 
58.3713995 2.442974e-10 
58.3716333 1.410854e-09 
61.0868301 1.158303e-09 
63.8020258 9.668182e-10 
63.8022584 3.578964e-09 
66.5174581 1.480423e-09 
69.23265 1.017207e-09 
69.2328922 4.090158e-09 
71.9480914 1.19991e-09 
74.6632786 7.740942e-10 
74.6635255 2.222791e-09 
77.3787218 7.239237e-10 
80.0939073 2.1371e-10 
80.0941546 2.797083e-10 
82.8093493 4.283913e-10 
85.5245416 5.506313e-10 
85.5247756 3.493063e-10 
88.2399745 1.460102e-10 
90.9551802 1.522749e-09 
90.9553909 1.407018e-09 
93.6705985 4.910924e-11 
96.3858163 2.395572e-09 
96.3860068 1.602133e-09 
99.1012243 2.0811e-10 
101.8164492 2.558265e-09 
101.8166242 1.265478e-09 
104.53185 2.948119e-10 
107.2470765 2.025291e-09 
107.2472415 1.06242e-09 
-0.007826 1.348206e-11 
1.3499011 3.241428e-11 
1.3501777 3.121875e-11 
-0.0075481 1.334662e-11 
2.7076095 7.387605e-12 
2.7078822 1.689703e-11 
5.4227759 1.4976e-10 
4.0653517 4.190717e-11 
5.4230531 1.18441e-10 
6.7805216 7.800592e-11 
6.780791 1.168449e-10 
8.1382221 1.676907e-10 
9.4959584 3.073471e-10 
8.1384987 1.897511e-10 
10.853391 3.440289e-10 
10.8536643 5.792711e-10 
12.2111301 2.153359e-10 
13.5688363 3.973581e-10 
12.2114067 6.920067e-10 
13.5691106 3.307619e-10 
14.9265761 1.590581e-09 
16.2840084 9.541185e-10 
17.6417487 1.334132e-10 
16.2842762 2.717887e-09 
17.6420156 2.02127e-09 
18.9994494 9.459959e-10 
18.9997221 5.828724e-10 
21.7146145 1.720565e-09 
20.3571919 2.358726e-09 
21.714898 3.588917e-09 
23.0723631 3.389465e-10 
24.4300713 4.135506e-10 
23.072637 3.497995e-09 
24.4303381 1.659741e-09 
25.7878131 2.551354e-09 
27.1452276 1.966071e-09 
28.5029729 3.184647e-10 
27.1455167 3.661847e-09 
28.5032543 2.673721e-09 
29.8606816 1.502055e-10 
29.8609562 1.093177e-09 
32.575833 1.766188e-09 
31.2184288 8.853441e-10 
32.5761372 1.612727e-09 
33.9335862 6.524383e-10 
33.9338757 1.357704e-09 
35.2912982 1.962281e-10 
36.6490423 4.196322e-10 
35.2915717 5.157882e-10 
38.0064547 1.855614e-10 
38.0067473 3.401027e-10 
39.3642001 1.269334e-10 
40.7219106 9.760908e-11 
39.3644875 1.119655e-10 
40.7221859 4.497171e-11 
42.0796575 1.459233e-10 
43.4370796 4.982192e-11 
44.7948289 1.458403e-10 
43.4373591 1.205576e-10 
44.7950957 1.446336e-12 
46.1525306 2.129043e-10 
46.1527934 9.299362e-11 
48.8677093 1.585528e-10 
47.5102701 1.192924e-10 
48.8679702 2.612473e-10 
50.2254523 1.361254e-10 
50.2257053 8.668222e-11 
51.5831548 4.107368e-10 
52.9408905 5.817462e-10 
51.5834036 3.902564e-11 
54.2983422 4.08505e-10 
54.2985864 7.431565e-10 
55.6560831 1.023821e-10 
57.01378 3.817356e-10 
55.6563237 9.51071e-10 
57.0140193 4.654737e-10 
58.3715176 1.178437e-09 
59.7289706 1.617122e-09 
61.0867138 6.344311e-10 
59.7292105 2.275607e-09 
61.0869445 2.438828e-09 
62.4444085 1.259755e-10 
62.4446414 1.536786e-09 
65.1595985 2.911539e-09 
63.8021432 1.398965e-09 
65.1598392 3.329722e-09 
66.5173373 1.151877e-09 
66.5175748 4.216334e-09 
67.8750355 3.875171e-11 
69.2327746 1.403627e-09 
67.8752672 2.531893e-09 
70.5902223 3.279479e-09 
70.5904702 3.33898e-09 
71.9479641 8.818325e-10 
73.3056622 2.083047e-10 
71.9482093 3.266522e-09 
73.3059003 1.768715e-09 
74.6634071 9.013243e-10 
76.0208476 1.389565e-09 
77.3785927 4.429039e-10 
76.021105 1.609654e-09 
77.3788408 1.143322e-09 
78.7362929 4.333218e-10 
78.7365277 3.061894e-10 
81.4514819 1.559428e-10 
80.0940357 6.111173e-10 
81.4517314 2.343668e-10 
82.8092234 2.556474e-10 
82.8094662 2.08606e-11 
84.166921 3.939743e-10 
85.5246622 2.789539e-10 
84.1671479 3.334921e-10 
86.8821208 6.395159e-10 
86.8823516 2.880868e-10 
88.239861 1.054096e-09 
89.5975505 6.024207e-10 
88.2400835 9.323218e-10 
89.5977638 1.587586e-09 
90.9552864 5.684956e-11 
92.3127643 2.024578e-09 
93.6704986 1.985512e-09 
92.3129705 4.357981e-10 
93.6706986 1.60318e-09 
95.0281822 1.116625e-09 
95.0283755 2.518749e-09 
97.7434045 2.252082e-09 
96.3859113 1.112871e-10 
97.7435894 2.580287e-10 
99.1011332 2.5997e-09 
99.1013154 1.459811e-09 
100.4588109 1.496263e-09 
101.8165374 2.894725e-10 
100.4589887 2.348389e-09 
103.1740349 1.883104e-09 
103.1742108 1.084335e-10 
104.5317636 2.329305e-09 
105.8894373 1.448343e-09 
104.5319332 1.113464e-09 
105.8896019 2.044822e-09 
107.2471616 2.184012e-10 
-0.0076841 2.21004e-11 
-0.0074159 1.269739e-11 
2.7074667 4.465467e-11 
2.7077473 2.727337e-11 
5.4229177 3.607499e-11 
5.4231904 7.350096e-11 
8.1380852 2.659919e-10 
8.1383569 3.03903e-10 
10.8535264 2.662998e-10 
10.8538077 1.922755e-10 
13.5686981 5.116473e-10 
13.5689728 1.321929e-09 
16.2841454 7.814511e-10 
16.2844121 5.143642e-10 
18.9993135 1.09353e-09 
18.9995827 3.19561e-09 
21.7147583 5.642183e-10 
21.7150336 1.205677e-09 
24.4299211 2.501085e-09 
24.4302104 4.538253e-09 
27.1453778 3.860506e-10 
27.1456442 1.150144e-09 
29.8605284 1.676005e-09 
29.8608263 2.087185e-09 
32.5759902 2.392898e-10 
32.5762657 1.14418e-09 
35.2911441 9.430772e-10 
35.2914429 1.074315e-09 
38.0066032 1.78623e-10 
38.0068792 5.874075e-11 
40.7217652 2.144305e-10 
40.7220537 1.065257e-10 
43.4372207 6.441174e-11 
43.4374897 2.592467e-11 
46.1523948 1.58829e-10 
46.1526637 7.838416e-11 
48.8678416 2.346899e-10 
48.8680984 1.439843e-10 
51.5830253 5.205458e-11 
51.5832781 3.631834e-10 
54.2984677 2.96341e-10 
54.29871 1.823838e-10 
57.0136571 8.002936e-10 
57.0138969 1.530302e-09 
59.7290935 3.429474e-10 
59.7293303 1.042275e-09 
62.4442844 2.331372e-09 
62.444525 3.011008e-09 
65.1597227 1.291327e-10 
65.1599531 2.037234e-09 
67.8749111 3.420192e-09 
67.8751538 3.454873e-09 
70.5903481 3.459317e-11 
70.5905836 2.426454e-09 
73.3055338 2.4477e-09 
73.3057879 2.646496e-09 
76.0209776 3.372749e-10 
76.0212152 9.209378e-10 
78.7361639 4.833797e-10 
78.7364195 7.066612e-10 
81.4516073 4.476753e-10 
81.4518384 1.382964e-10 
84.1668009 2.425368e-10 
84.1670417 1.912884e-10 
86.8822352 4.546202e-10 
86.8824565 8.59769e-10 
89.5974422 1.379476e-09 
89.5976613 3.850923e-10 
92.3128666 8.312119e-10 
92.3130698 2.213974e-09 
95.0280857 2.321632e-09 
95.0282797 3.769123e-10 
97.743497 1.350165e-09 
97.7436817 2.512899e-09 
100.4587207 2.023542e-09 
100.4589 1.575456e-10 
103.1741244 1.546117e-09 
103.1742957 2.184877e-09 
105.8893488 1.76721e-09 
105.8895211 1.116506e-10 
-0.0078261 1.353409e-11 
1.350042 7.855527e-12 
-0.0075481 1.329544e-11 
2.7076095 7.442379e-12 
2.7078821 1.693132e-11 
5.4227759 1.503013e-10 
4.0652118 3.93278e-11 
4.0654871 6.918751e-11 
5.4230531 1.175095e-10 
6.7806563 1.873881e-10 
8.1382221 1.659593e-10 
9.4958263 2.16882e-10 
9.4960974 2.655164e-10 
8.1384987 1.897782e-10 
10.853391 3.444719e-10 
10.8536643 5.753664e-10 
13.5688363 3.934973e-10 
12.2112659 5.63668e-10 
13.5691106 3.311846e-10 
14.9264397 2.143027e-10 
14.9267114 1.703171e-09 
16.2840084 9.585584e-10 
17.6418827 2.727782e-09 
16.2842762 2.709212e-09 
18.9994494 9.383077e-10 
18.9997221 5.8369e-10 
21.7146145 1.72669e-09 
20.3570542 5.860673e-11 
20.3573267 2.143243e-09 
21.714898 3.574029e-09 
24.4300714 4.04374e-10 
23.0725053 2.131965e-09 
24.430338 1.662909e-09 
25.7876715 3.595057e-10 
25.7879433 3.974519e-09 
27.1452276 1.980527e-09 
28.5031183 1.779857e-09 
27.1455167 3.643932e-09 
29.8606816 1.461621e-10 
29.8609562 1.096178e-09 
32.5758329 1.785515e-09 
31.2182764 6.140971e-10 
32.5761372 1.601177e-09 
31.2185683 1.910058e-09 
33.9337384 5.937857e-10 
36.6488938 2.050622e-10 
35.2912982 1.940662e-10 
36.6491801 5.720343e-10 
35.2915717 5.181003e-10 
38.0064546 1.887738e-10 
38.0067473 3.363152e-10 
40.7219106 9.640388e-11 
39.364348 2.589751e-10 
40.722186 4.275929e-11 
42.0795129 5.54239e-11 
42.0797935 2.969577e-11 
43.4370795 4.930927e-11 
44.7949649 1.734263e-10 
43.4373591 1.18741e-10 
46.1525305 2.114881e-10 
46.1527935 9.48064e-11 
48.8677092 1.689367e-10 
47.5101413 2.110088e-10 
48.8679702 2.617405e-10 
47.5103985 5.621659e-11 
50.2255781 3.473951e-10 
52.9407663 2.988055e-10 
51.5831547 4.022049e-10 
52.9410144 4.112535e-10 
51.5834036 3.925826e-11 
54.2983421 4.006671e-10 
54.2985863 7.414527e-10 
57.0137799 3.857501e-10 
55.6562043 9.885201e-10 
57.0140194 4.674588e-10 
58.3713995 2.512906e-10 
58.3716333 1.40799e-09 
59.7289705 1.622147e-09 
61.0868301 1.160849e-09 
59.7292105 2.281208e-09 
62.4444084 1.274427e-10 
62.4446414 1.538808e-09 
65.1595984 2.900312e-09 
63.8020258 9.60754e-10 
65.1598392 3.342172e-09 
63.8022584 3.581144e-09 
66.5174581 1.488792e-09 
69.23265 1.003859e-09 
67.8750354 3.788089e-11 
69.2328922 4.095094e-09 
67.8752672 2.529819e-09 
70.5902223 3.262507e-09 
70.5904702 3.355941e-09 
73.3056622 2.101218e-10 
71.9480914 1.213951e-09 
73.3059003 1.764945e-09 
74.6632786 7.620631e-10 
74.6635255 2.224209e-09 
76.0208476 1.37433e-09 
77.3787218 7.332733e-10 
76.021105 1.616197e-09 
78.736293 4.349776e-10 
78.7365277 3.061213e-10 
81.451482 1.619305e-10 
80.0939073 2.138182e-10 
81.4517314 2.343126e-10 
80.0941546 2.780509e-10 
82.8093493 4.34039e-10 
85.5245416 5.613803e-10 
84.1669211 3.953551e-10 
85.5247757 3.491901e-10 
84.1671479 3.400068e-10 
86.8821209 6.515801e-10 
86.8823516 2.890388e-10 
89.5975506 5.995176e-10 
88.2399745 1.480882e-10 
89.5977637 1.593055e-09 
90.9551802 1.528379e-09 
90.9553909 1.407009e-09 
92.3127644 2.028663e-09 
93.6705986 4.993696e-11 
92.3129706 4.388436e-10 
95.0281823 1.109544e-09 
95.0283755 2.524414e-09 
97.7434047 2.249697e-09 
96.3858162 2.398255e-09 
97.7435894 2.633316e-10 
96.3860069 1.605724e-09 
99.1012244 2.058271e-10 
101.8164491 2.542771e-09 
100.458811 1.477633e-09 
101.8166242 1.267819e-09 
100.4589887 2.349413e-09 
103.1740351 1.865791e-09 
103.1742108 1.127656e-10 
105.8894374 1.42165e-09 
104.5318501 2.893073e-10 
105.8896019 2.042286e-09 
107.2470764 2.004104e-09 
107.2472415 1.06387e-09 
1.3499011 3.161129e-11 
1.3501777 3.098037e-11 
4.0653517 4.226174e-11 
6.7805216 7.887647e-11 
6.780791 1.170642e-10 
9.4959584 3.055686e-10 
12.2111302 2.149745e-10 
12.2114067 6.914676e-10 
14.9265761 1.5809e-09 
17.6417487 1.319401e-10 
17.6420156 2.020502e-09 
20.357192 2.341628e-09 
23.0723632 3.471166e-10 
23.072637 3.494503e-09 
25.7878131 2.529411e-09 
28.5029729 3.263239e-10 
28.5032543 2.670186e-09 
31.2184288 8.73329e-10 
33.9335862 6.629961e-10 
33.9338757 1.356485e-09 
36.6490423 4.129697e-10 
39.3642002 1.230832e-10 
39.3644874 1.130448e-10 
42.0796575 1.439035e-10 
44.7948289 1.519706e-10 
44.7950956 1.091358e-12 
47.51027 1.200129e-10 
50.2254523 1.34754e-10 
50.2257052 8.930037e-11 
52.9408905 5.864814e-10 
55.6560831 9.919091e-11 
55.6563237 9.538301e-10 
58.3715176 1.193178e-09 
61.0867138 6.331803e-10 
61.0869445 2.451694e-09 
63.8021432 1.412752e-09 
66.5173373 1.140722e-09 
66.5175748 4.231895e-09 
69.2327747 1.418937e-09 
71.9479641 8.767311e-10 
71.9482093 3.275036e-09 
74.6634072 9.088933e-10 
77.3785927 4.42736e-10 
77.3788409 1.13981e-09 
80.0940358 6.131927e-10 
82.8092234 2.625184e-10 
82.8094663 2.024925e-11 
85.5246623 2.805609e-10 
88.2398609 1.046258e-09 
88.2400836 9.385321e-10 
90.9552865 5.63551e-11 
93.6704986 1.968658e-09 
93.6706987 1.616338e-09 
96.3859113 1.043441e-10 
99.1011332 2.573454e-09 
99.1013154 1.474669e-09 
101.8165374 2.761249e-10 
104.5317636 2.296289e-09 
104.5319332 1.12507e-09 
107.2471616 2.064713e-10 
108.6047493 1.130648e-09 
109.962471 1.035757e-10 
108.6049066 1.895657e-09 
111.3199743 1.464277e-09 
111.3201362 2.486007e-10 
112.6776984 1.381672e-09 
114.0353666 4.337833e-10 
112.6778514 1.155063e-09 
114.0355103 1.423175e-09 
115.3930822 3.430364e-11 
116.7505951 9.189238e-10 
118.1083162 5.189012e-10 
116.7507401 3.887612e-10 
118.1084495 7.630048e-10 
119.4659741 1.77855e-10 
119.4661048 6.9094e-10 
122.1812135 1.540366e-10 
120.8236838 1.656783e-10 
122.181333 1.648075e-10 
123.5389251 1.629289e-10 
123.5390407 1.180279e-10 
124.8965753 3.174228e-10 
126.2542769 2.628849e-10 
124.8966922 5.569184e-11 
127.6118201 3.844299e-10 
127.6119226 4.204983e-10 
128.9695236 4.672677e-10 
130.3271664 2.64431e-10 
128.9696276 5.71848e-10 
130.3272788 7.953088e-10 
131.6848654 7.125448e-10 
133.0424085 2.056763e-09 
134.4001099 8.91165e-10 
133.0425088 1.836977e-09 
134.4002137 2.87082e-09 
135.7577479 1.378261e-10 
135.757861 1.904326e-09 
138.4729866 3.041251e-09 
137.11545 1.413985e-09 
138.473091 3.739104e-09 
139.8306833 9.027641e-10 
139.8307967 4.07099e-09 
141.1883255 1.821522e-10 
142.5460257 1.759364e-09 
141.1884362 2.220366e-09 
143.9035517 2.466383e-09 
143.9036688 3.413862e-09 
145.2612516 4.065767e-10 
146.61889 3.47903e-10 
145.2613673 2.897058e-09 
146.6190024 9.837228e-10 
147.9765925 1.377378e-09 
149.3341108 6.750891e-10 
150.6918102 2.660274e-10 
149.3342277 1.596433e-09 
150.6919237 8.735705e-10 
152.0494458 3.140579e-10 
152.0495481 1.771997e-10 
154.7646696 2.663358e-10 
153.4071443 4.212873e-10 
154.7647731 3.120979e-10 
156.1223621 1.913364e-10 
156.122463 3.698118e-11 
157.479994 1.948488e-10 
158.8376821 1.748786e-10 
157.4800823 1.063683e-10 
160.195215 1.313737e-10 
160.195305 3.801308e-11 
161.5529071 4.36908e-11 
162.9105264 6.216659e-11 
161.5529872 3.26249e-11 
162.9106062 3.43672e-11 
164.268211 8.041374e-11 
165.6257516 1.532876e-11 
166.9834329 3.575854e-11 
165.6258249 2.891776e-11 
166.9835083 4.568225e-11 
168.3410441 8.228932e-11 
168.3411263 1.37645e-10 
171.0562741 1.019307e-09 
169.6987222 2.287342e-10 
171.0563315 6.101295e-10 
172.4139484 8.203031e-10 
172.4140179 1.152247e-09 
173.7715593 4.095123e-10 
175.1292337 7.484553e-10 
173.7716333 7.912996e-10 
176.486779 1.245898e-09 
176.4868502 2.507471e-09 
177.8444535 2.062057e-10 
179.20206 4.002226e-10 
177.8445331 2.447867e-09 
179.2021534 1.393041e-09 
180.5597403 2.805075e-09 
181.9172802 2.285569e-09 
183.2749615 3.986432e-10 
181.917356 3.96095e-09 
183.27504 3.349375e-09 
184.6325698 8.565374e-10 
184.6326567 7.189852e-10 
187.3477731 1.326705e-09 
185.9902588 2.876993e-09 
187.3478688 3.887813e-09 
188.7054525 3.623484e-10 
188.7055542 2.33649e-09 
190.0630708 6.210522e-10 
191.4207556 1.30786e-09 
190.063159 6.880839e-10 
192.7782683 7.596485e-10 
192.7783681 1.160776e-09 
194.1359525 1.78043e-10 
195.4935674 2.43014e-10 
194.1360477 5.62787e-10 
195.4936541 2.170906e-10 
196.8512501 3.880988e-10 
198.2087649 2.009888e-10 
199.5664474 6.581637e-11 
198.2088578 2.986179e-10 
199.5665386 1.390567e-10 
200.9240574 3.056023e-12 
200.9241455 1.530508e-11 
203.6392596 5.773989e-11 
202.2817379 9.74642e-12 
203.6393466 2.682656e-11 
204.996916 7.270526e-11 
204.9970106 2.362658e-11 
108.6046621 1.640588e-09 
109.9623878 1.706451e-09 
108.6048297 1.717126e-10 
109.9625479 1.126921e-09 
111.3200593 7.696915e-10 
111.3202095 1.704335e-09 
114.0352851 1.203626e-09 
112.6777779 4.440433e-11 
114.0354397 3.455329e-10 
115.393008 9.441859e-10 
115.3931517 1.064891e-09 
116.7506713 2.190139e-10 
118.1083841 7.86672e-11 
116.7508088 1.09957e-09 
119.4659047 5.567805e-10 
119.4660374 3.17093e-10 
120.823622 2.143912e-10 
122.1812754 2.207169e-10 
120.8237456 3.785317e-10 
122.1813989 2.736668e-10 
123.5389813 2.132836e-10 
124.8965192 3.842145e-11 
126.2542256 3.211995e-10 
124.8966279 1.242168e-10 
126.2543345 1.144279e-10 
127.6118724 3.630321e-10 
127.6119856 2.257161e-10 
130.327116 1.199883e-09 
128.9695714 4.295715e-10 
130.3272164 1.043863e-09 
131.6848186 6.719969e-10 
131.6849205 1.589321e-09 
133.0424576 1.880058e-10 
134.4001586 1.118464e-09 
133.0425709 1.454497e-09 
135.7576987 2.575489e-09 
135.7578001 2.823441e-09 
137.1153977 9.259195e-10 
138.4730375 7.683034e-11 
137.1155063 3.867297e-09 
138.4731493 2.204407e-09 
139.8307389 1.547573e-09 
141.1882709 3.04992e-09 
142.5459681 6.057679e-10 
141.1883813 3.96101e-09 
142.5460837 3.563548e-09 
143.9036098 2.385748e-10 
143.9037212 1.695257e-09 
146.6188307 1.558835e-09 
145.2613106 1.708127e-09 
146.6189511 2.380863e-09 
147.9765322 4.863168e-10 
147.9766477 1.873282e-09 
149.3341678 5.012646e-10 
150.6918703 9.133729e-10 
149.3342779 3.743726e-10 
152.0493918 3.991091e-10 
152.0495011 9.386967e-10 
153.407087 1.938264e-10 
154.7647226 3.074417e-10 
153.4071952 2.400642e-10 
154.7648157 1.382351e-10 
156.1224151 3.201231e-10 
157.4799427 6.471459e-11 
158.8376352 6.6029e-11 
157.4800419 1.067248e-10 
158.837727 3.985608e-11 
160.1952607 3.724513e-11 
160.1953459 5.79142e-11 
162.9104868 3.765621e-11 
161.5529469 3.216666e-11 
162.9105651 2.391569e-11 
164.2681745 2.347504e-11 
164.2682473 3.140556e-11 
165.6257888 5.920541e-11 
166.9834701 1.081887e-10 
165.6258666 6.292609e-11 
168.3410117 2.767781e-10 
168.3410802 1.731609e-10 
169.6986887 3.557621e-10 
171.0562995 2.578839e-10 
169.6987649 5.653408e-10 
171.0563803 5.368953e-10 
172.4139758 2.794019e-10 
173.7715323 1.061674e-09 
175.1292046 4.170057e-10 
173.7715887 1.06568e-09 
175.129275 1.256713e-09 
176.4868133 4.505049e-10 
176.4868933 7.239215e-10 
179.2020262 2.422686e-09 
177.8444877 2.21586e-09 
179.2021047 4.360687e-09 
180.5597061 5.624691e-10 
180.5597854 4.041459e-09 
181.9173126 4.819049e-10 
183.2750002 2.607344e-09 
181.9174051 1.644974e-09 
184.6325294 1.171684e-09 
184.6326133 3.468984e-09 
185.9902086 1.688178e-10 
187.3478212 1.113125e-09 
185.9903005 2.584277e-09 
187.347911 5.255523e-10 
188.7055076 2.450362e-09 
190.0630203 1.357078e-09 
191.4207025 2.738996e-10 
190.0631181 2.835493e-09 
191.4207998 1.295109e-09 
192.7783216 3.256766e-10 
192.7784041 3.838206e-10 
195.4935149 4.111221e-10 
194.1360054 7.124148e-10 
195.4936164 5.192331e-10 
196.8511996 1.196113e-10 
196.8512956 3.02908e-10 
198.2088106 7.266124e-11 
199.5664925 9.113565e-11 
198.2089025 6.196483e-11 
200.9240148 9.008573e-11 
200.924099 1.089659e-10 
202.2816944 3.785197e-11 
203.6393058 2.244539e-11 
202.2817823 3.18145e-11 
203.6393913 2.976468e-11 
204.9969642 2.131342e-11 
108.6047492 1.120901e-09 
108.6049066 1.905778e-09 
111.3199742 1.475755e-09 
111.3201362 2.537148e-10 
114.0353666 4.321749e-10 
114.0355104 1.435296e-09 
116.750595 9.39093e-10 
116.7507401 3.945765e-10 
119.465974 1.793497e-10 
119.4661048 7.027366e-10 
122.1812134 1.636574e-10 
122.181333 1.657275e-10 
124.8965752 3.15826e-10 
124.8966922 5.731105e-11 
127.6118201 3.719427e-10 
127.6119226 4.162167e-10 
130.3271663 2.623976e-10 
130.3272788 7.865952e-10 
133.0424084 2.025173e-09 
133.0425088 1.829406e-09 
135.7577478 1.403058e-10 
135.757861 1.88549e-09 
138.4729865 2.991749e-09 
138.473091 3.731711e-09 
141.1883255 1.86123e-10 
141.1884362 2.19685e-09 
143.9035517 2.41848e-09 
143.9036688 3.40713e-09 
146.61889 3.548159e-10 
146.6190024 9.674647e-10 
149.3341108 6.47996e-10 
149.3342277 1.591804e-09 
152.0494458 3.219406e-10 
152.0495481 1.7302e-10 
154.7646697 2.624182e-10 
154.7647731 3.090576e-10 
157.4799941 1.984714e-10 
157.4800823 1.092582e-10 
160.195215 1.284944e-10 
160.1953049 3.585061e-11 
162.9105265 6.330659e-11 
162.9106061 3.515951e-11 
165.6257517 1.242025e-11 
165.6258249 2.862111e-11 
168.3410441 8.413568e-11 
168.3411263 1.346804e-10 
171.0562741 1.002937e-09 
171.0563315 6.064915e-10 
173.7715593 4.089203e-10 
173.7716332 7.847659e-10 
176.486779 1.231969e-09 
176.4868501 2.498864e-09 
179.20206 4.050318e-10 
179.2021533 1.384438e-09 
181.9172802 2.270729e-09 
181.917356 3.957e-09 
184.6325697 8.670101e-10 
184.6326567 7.140265e-10 
187.3477731 1.310817e-09 
187.3478688 3.89034e-09 
190.0630708 6.275355e-10 
190.063159 6.832773e-10 
192.7782683 7.500581e-10 
192.7783681 1.163411e-09 
195.4935674 2.466135e-10 
195.4936541 2.170716e-10 
198.2087648 1.971872e-10 
198.2088578 2.993531e-10 
200.9240574 3.123939e-12 
200.9241455 1.486526e-11 
203.6392596 5.796568e-11 
203.6393466 2.71142e-11 
108.6046619 1.657161e-09 
109.962471 1.020408e-10 
108.6048297 1.710247e-10 
111.3200592 7.789766e-10 
111.3202095 1.712937e-09 
114.0352849 1.223877e-09 
112.6776984 1.389348e-09 
114.0354397 3.440977e-10 
112.6778514 1.163899e-09 
115.3930822 3.43545e-11 
118.1083162 5.320539e-10 
116.7506712 2.269721e-10 
118.1084494 7.705009e-10 
116.7508089 1.110148e-09 
119.4659046 5.768131e-10 
119.4660374 3.151056e-10 
122.1812754 2.242674e-10 
120.8236838 1.673214e-10 
122.1813989 2.793746e-10 
123.5389251 1.632573e-10 
123.5390406 1.181219e-10 
124.8965192 3.65077e-11 
126.2542769 2.652872e-10 
124.8966279 1.230909e-10 
127.6118724 3.600011e-10 
127.6119856 2.229258e-10 
130.327116 1.179555e-09 
128.9695236 4.568669e-10 
130.3272164 1.04363e-09 
128.9696275 5.653805e-10 
131.6848654 7.191204e-10 
134.4001099 8.730234e-10 
133.0424576 1.89681e-10 
134.4002136 2.85671e-09 
133.0425709 1.444195e-09 
135.7576987 2.541202e-09 
135.7578001 2.827414e-09 
138.4730375 8.06849e-11 
137.1154501 1.425974e-09 
138.4731493 2.189618e-09 
139.8306833 8.788529e-10 
139.8307968 4.054206e-09 
141.1882709 3.011772e-09 
142.5460257 1.767789e-09 
141.1883813 3.962413e-09 
143.9036098 2.402457e-10 
143.9037212 1.681812e-09 
146.6188307 1.53058e-09 
145.2612516 3.952061e-10 
146.6189511 2.377488e-09 
145.2613674 2.879716e-09 
147.9765926 1.385605e-09 
150.6918103 2.626429e-10 
149.3341678 5.087406e-10 
150.6919237 8.638336e-10 
149.3342779 3.681718e-10 
152.0493918 3.91715e-10 
152.049501 9.40264e-10 
154.7647226 3.068401e-10 
153.4071443 4.231602e-10 
154.7648157 1.395076e-10 
156.1223622 1.980463e-10 
156.122463 3.509958e-11 
157.4799427 6.338755e-11 
158.8376822 1.724666e-10 
157.4800419 1.030367e-10 
160.1952607 3.898886e-11 
160.1953459 5.846334e-11 
162.9104868 3.613923e-11 
161.5529071 4.351826e-11 
162.9105651 2.333478e-11 
161.5529872 3.16141e-11 
164.2682111 8.209321e-11 
166.983433 3.315398e-11 
165.6257888 6.188826e-11 
166.9835083 4.45511e-11 
165.6258666 6.201939e-11 
168.3410117 2.74226e-10 
168.3410801 1.725936e-10 
171.0562995 2.59081e-10 
169.6987223 2.318584e-10 
171.0563803 5.367411e-10 
172.4139484 8.118943e-10 
172.4140179 1.147708e-09 
173.7715323 1.057906e-09 
175.1292338 7.477972e-10 
173.7715886 1.063737e-09 
176.4868133 4.488498e-10 
176.4868933 7.230222e-10 
179.2020262 2.418239e-09 
177.8444536 2.046894e-10 
179.2021046 4.360326e-09 
177.8445331 2.439015e-09 
180.5597403 2.811455e-09 
183.2749616 3.97288e-10 
181.9173126 4.902389e-10 
183.27504 3.343707e-09 
181.9174051 1.642876e-09 
184.6325294 1.163511e-09 
184.6326132 3.478772e-09 
187.3478211 1.125406e-09 
185.9902588 2.890431e-09 
187.347911 5.239267e-10 
188.7054525 3.581854e-10 
188.7055542 2.335168e-09 
190.0630203 1.346377e-09 
191.4207556 1.314961e-09 
190.063118 2.845919e-09 
192.7783216 3.295564e-10 
192.7784041 3.827696e-10 
195.4935149 4.069836e-10 
194.1359526 1.775647e-10 
195.4936165 5.224476e-10 
194.1360477 5.630052e-10 
196.8512501 3.915596e-10 
199.5664474 6.39322e-11 
198.2088106 7.490753e-11 
199.5665387 1.388858e-10 
198.2089025 6.197382e-11 
200.9240148 8.875688e-11 
200.924099 1.102085e-10 
203.6393059 2.226277e-11 
202.2817379 1.00102e-11 
203.6393913 2.99893e-11 
204.996916 7.382227e-11 
204.9970107 2.43532e-11 
109.9623879 1.72567e-09 
109.9625479 1.125547e-09 
112.6777779 4.567653e-11 
115.3930081 9.636642e-10 
115.3931517 1.064603e-09 
118.1083841 7.857694e-11 
120.823622 2.240782e-10 
120.8237456 3.782735e-10 
123.5389813 2.157626e-10 
126.2542256 3.131302e-10 
126.2543345 1.149427e-10 
128.9695714 4.358988e-10 
131.6848186 6.57695e-10 
131.6849205 1.588518e-09 
134.4001587 1.1345e-09 
137.1153977 9.080852e-10 
137.1155064 3.866651e-09 
139.830739 1.559901e-09 
142.5459681 5.949495e-10 
142.5460838 3.558486e-09 
145.2613107 1.711614e-09 
147.9765322 4.868316e-10 
147.9766477 1.865983e-09 
150.6918704 9.181313e-10 
153.4070871 1.958808e-10 
153.4071952 2.399397e-10 
156.1224152 3.142778e-10 
158.8376353 6.796723e-11 
158.837727 3.802362e-11 
161.552947 3.156582e-11 
164.2681745 2.387992e-11 
164.2682474 3.114726e-11 
166.9834702 1.114345e-10 
169.6986887 3.547716e-10 
169.6987649 5.675838e-10 
172.4139758 2.806721e-10 
175.1292046 4.151359e-10 
175.129275 1.259849e-09 
177.8444877 2.21645e-09 
180.5597061 5.633017e-10 
180.5597854 4.043824e-09 
183.2750002 2.621949e-09 
185.9902086 1.683791e-10 
185.9903005 2.589984e-09 
188.7055076 2.464999e-09 
191.4207025 2.726077e-10 
191.4207998 1.298336e-09 
194.1360054 7.174495e-10 
196.8511996 1.201354e-10 
196.8512956 3.034999e-10 
199.5664925 9.297602e-11 
202.2816944 3.780117e-11 
202.2817823 3.215494e-11 
204.9969643 2.12358e-11 
108.6047491 1.145645e-09 
109.962471 1.095557e-10 
108.6049067 1.908602e-09 
111.3199741 1.491447e-09 
111.3201362 2.467247e-10 
112.6776984 1.412235e-09 
114.0353665 4.478734e-10 
112.6778514 1.153711e-09 
114.0355104 1.439101e-09 
115.3930822 3.396956e-11 
116.7505949 9.562506e-10 
118.1083162 5.465918e-10 
116.75074 3.858847e-10 
118.1084494 7.626279e-10 
119.4659739 1.886716e-10 
119.4661049 7.058243e-10 
122.1812134 1.70431e-10 
120.8236839 1.677886e-10 
122.1813329 1.620549e-10 
123.5389252 1.624337e-10 
123.5390406 1.182373e-10 
124.8965752 3.1662e-10 
126.254277 2.688786e-10 
124.8966922 5.777192e-11 
127.61182 3.647192e-10 
127.6119226 4.193242e-10 
128.9695237 4.476077e-10 
130.3271663 2.614e-10 
128.9696276 5.720609e-10 
130.3272788 7.846311e-10 
131.6848655 7.307004e-10 
133.0424084 2.011455e-09 
134.40011 8.644197e-10 
133.0425088 1.839349e-09 
134.4002137 2.869104e-09 
135.7577478 1.448898e-10 
135.757861 1.882662e-09 
138.4729866 2.979805e-09 
137.1154502 1.441399e-09 
138.473091 3.746623e-09 
139.8306834 8.764098e-10 
139.8307968 4.068485e-09 
141.1883254 1.847089e-10 
142.5460258 1.768972e-09 
141.1884362 2.196645e-09 
143.9035517 2.409516e-09 
143.9036687 3.409143e-09 
145.2612516 4.000373e-10 
146.61889 3.564012e-10 
145.2613674 2.883578e-09 
146.6190024 9.662918e-10 
147.9765927 1.385863e-09 
149.3341108 6.455473e-10 
150.6918103 2.687575e-10 
149.3342277 1.596486e-09 
150.6919238 8.689421e-10 
152.0494458 3.208042e-10 
152.049548 1.747858e-10 
154.7646697 2.644595e-10 
153.4071444 4.198732e-10 
154.764773 3.10365e-10 
156.1223623 1.953291e-10 
156.1224631 3.571364e-11 
157.479994 1.932353e-10 
158.8376823 1.67101e-10 
157.4800822 1.088418e-10 
160.1952151 1.2667e-10 
160.1953049 3.376684e-11 
161.5529071 4.53026e-11 
162.9105264 6.723162e-11 
161.5529873 3.051718e-11 
162.9106061 3.376042e-11 
164.2682111 8.404569e-11 
165.6257517 1.322816e-11 
166.983433 3.496413e-11 
165.6258248 2.807171e-11 
166.9835083 4.65625e-11 
168.341044 8.612002e-11 
168.3411263 1.359594e-10 
171.0562741 1.014174e-09 
169.6987223 2.33996e-10 
171.0563314 6.099607e-10 
172.4139484 8.177847e-10 
172.4140179 1.158439e-09 
173.7715593 4.062543e-10 
175.1292338 7.457523e-10 
173.7716332 7.916588e-10 
176.486779 1.239398e-09 
176.4868501 2.501465e-09 
177.8444535 2.06083e-10 
179.20206 4.064682e-10 
177.8445331 2.450829e-09 
179.2021533 1.389931e-09 
180.5597403 2.818315e-09 
181.9172802 2.275263e-09 
183.2749615 3.982412e-10 
181.917356 3.969513e-09 
183.27504 3.355771e-09 
184.6325697 8.752655e-10 
184.6326567 7.157555e-10 
187.3477731 1.311008e-09 
185.9902588 2.904846e-09 
187.3478688 3.907913e-09 
188.7054525 3.60642e-10 
188.7055542 2.345478e-09 
190.0630708 6.333486e-10 
191.4207556 1.321834e-09 
190.063159 6.855703e-10 
192.7782683 7.472374e-10 
192.7783681 1.17017e-09 
194.1359525 1.790223e-10 
195.4935674 2.490191e-10 
194.1360477 5.648252e-10 
195.4936541 2.170352e-10 
196.8512502 3.939819e-10 
198.2087648 1.958973e-10 
199.5664474 6.419728e-11 
198.2088578 3.022383e-10 
199.5665387 1.397548e-10 
200.9240574 3.108417e-12 
200.9241455 1.508338e-11 
203.6392597 5.826085e-11 
202.281738 1.022904e-11 
203.6393466 2.769186e-11 
204.9969161 7.364379e-11 
204.9970107 2.491174e-11 
108.6046619 1.667512e-09 
108.6048297 1.624361e-10 
111.3200592 8.027127e-10 
111.3202095 1.709453e-09 
114.035285 1.230598e-09 
114.0354397 3.322724e-10 
116.7506712 2.388794e-10 
116.7508089 1.105894e-09 
119.4659047 5.789305e-10 
119.4660374 3.055883e-10 
122.1812754 2.294309e-10 
122.1813989 2.76415e-10 
124.8965192 3.661715e-11 
124.8966279 1.245781e-10 
127.6118724 3.598012e-10 
127.6119856 2.246542e-10 
130.327116 1.181329e-09 
130.3272164 1.053405e-09 
133.0424576 1.919175e-10 
133.0425709 1.449554e-09 
135.7576987 2.553067e-09 
135.7578001 2.846704e-09 
138.4730375 8.098198e-11 
138.4731493 2.202314e-09 
141.188271 3.033789e-09 
141.1883813 3.975954e-09 
143.9036098 2.352093e-10 
143.9037212 1.694165e-09 
146.6188308 1.547272e-09 
146.618951 2.382094e-09 
149.3341678 5.064873e-10 
149.3342779 3.745203e-10 
152.0493919 4.026247e-10 
152.049501 9.479426e-10 
154.7647226 2.97381e-10 
154.7648156 1.404988e-10 
157.4799427 6.272486e-11 
157.4800418 1.025858e-10 
160.1952606 3.796386e-11 
160.1953459 5.576297e-11 
162.9104868 3.691185e-11 
162.910565 2.263651e-11 
165.6257887 6.411716e-11 
165.6258666 6.09257e-11 
168.3410117 2.869212e-10 
168.3410801 1.754068e-10 
171.0562994 2.597416e-10 
171.0563803 5.461067e-10 
173.7715322 1.076827e-09 
173.7715885 1.069474e-09 
176.4868132 4.446772e-10 
176.4868933 7.331718e-10 
179.2020262 2.435045e-09 
179.2021046 4.373359e-09 
181.9173125 4.906141e-10 
181.9174051 1.651703e-09 
184.6325294 1.172807e-09 
184.6326132 3.49412e-09 
187.3478211 1.12796e-09 
187.347911 5.28456e-10 
190.0630203 1.355326e-09 
190.063118 2.857446e-09 
192.7783216 3.301285e-10 
192.7784041 3.853086e-10 
195.4935149 4.071798e-10 
195.4936165 5.250563e-10 
198.2088106 7.512655e-11 
198.2089025 6.186161e-11 
200.9240148 9.065707e-11 
200.924099 1.115873e-10 
203.6393058 2.174304e-11 
203.6393913 3.015945e-11 
109.9623879 1.748883e-09 
108.6047492 1.17093e-09 
109.9625479 1.109915e-09 
108.6049066 1.900133e-09 
111.3199742 1.489338e-09 
111.3201362 2.374742e-10 
114.0353666 4.593284e-10 
112.677778 4.897622e-11 
114.0355104 1.429252e-09 
115.3930081 9.759082e-10 
115.3931517 1.04946e-09 
116.750595 9.463302e-10 
118.1083842 7.733112e-11 
116.75074 3.748795e-10 
119.465974 1.929688e-10 
119.4661048 6.958807e-10 
122.1812135 1.646584e-10 
120.8236221 2.255557e-10 
122.1813329 1.590377e-10 
120.8237457 3.714317e-10 
123.5389814 2.164683e-10 
126.2542257 3.106934e-10 
124.8965753 3.186441e-10 
126.2543346 1.21068e-10 
124.8966922 5.640709e-11 
127.6118201 3.724542e-10 
127.6119226 4.256752e-10 
130.3271663 2.626839e-10 
128.9695715 4.404e-10 
130.3272788 7.921198e-10 
131.6848187 6.560011e-10 
131.6849205 1.604055e-09 
133.0424085 2.034369e-09 
134.4001588 1.143925e-09 
133.0425088 1.853174e-09 
135.7577478 1.450907e-10 
135.757861 1.899748e-09 
138.4729866 3.021774e-09 
137.1153978 9.162072e-10 
138.473091 3.763311e-09 
137.1155064 3.891946e-09 
139.8307391 1.56242e-09 
142.5459682 6.080754e-10 
141.1883255 1.79755e-10 
142.5460838 3.578133e-09 
141.1884362 2.22004e-09 
143.9035518 2.451774e-09 
143.9036687 3.417168e-09 
146.61889 3.504427e-10 
145.2613108 1.704905e-09 
146.6190024 9.818332e-10 
147.9765323 4.97481e-10 
147.9766478 1.878639e-09 
149.3341109 6.710662e-10 
150.6918704 9.149533e-10 
149.3342277 1.604024e-09 
152.0494458 3.12249e-10 
152.049548 1.800664e-10 
154.7646697 2.696867e-10 
153.4070872 1.968658e-10 
154.764773 3.141813e-10 
153.4071952 2.466673e-10 
156.1224153 3.08578e-10 
158.8376353 6.256554e-11 
157.479994 1.864263e-10 
158.837727 3.78618e-11 
157.4800822 1.057131e-10 
160.1952151 1.286043e-10 
160.1953049 3.457657e-11 
162.9105264 6.855535e-11 
161.552947 3.095463e-11 
162.9106061 3.214663e-11 
164.2681745 2.758618e-11 
164.2682474 3.035425e-11 
165.6257517 1.684385e-11 
166.9834702 1.120408e-10 
165.6258248 2.797624e-11 
168.341044 8.550056e-11 
168.3411263 1.397785e-10 
171.0562741 1.037631e-09 
169.6986887 3.640266e-10 
171.0563314 6.157247e-10 
169.6987649 5.77517e-10 
172.4139758 2.797965e-10 
175.1292046 4.203878e-10 
173.7715592 4.051645e-10 
175.1292751 1.273948e-09 
173.7716332 8.025095e-10 
176.4867789 1.257992e-09 
176.4868501 2.511689e-09 
179.2020599 4.024966e-10 
177.8444877 2.216747e-09 
179.2021533 1.401965e-09 
180.559706 5.658658e-10 
180.5597854 4.062822e-09 
181.9172802 2.292923e-09 
183.2750002 2.626295e-09 
181.917356 3.981208e-09 
184.6325697 8.698303e-10 
184.6326567 7.218066e-10 
187.3477731 1.327029e-09 
185.9902085 1.706905e-10 
187.3478688 3.916255e-09 
185.9903005 2.603038e-09 
188.7055076 2.470032e-09 
191.4207025 2.768889e-10 
190.0630708 6.303921e-10 
191.4207999 1.304117e-09 
190.063159 6.918146e-10 
192.7782683 7.550847e-10 
192.7783681 1.171713e-09 
195.4935674 2.468585e-10 
194.1360054 7.182198e-10 
195.4936541 2.17044e-10 
196.8511996 1.214616e-10 
196.8512957 3.043515e-10 
198.2087648 1.988898e-10 
199.5664925 9.321643e-11 
198.2088578 3.032948e-10 
200.9240574 3.00865e-12 
200.9241455 1.566431e-11 
203.6392596 5.821483e-11 
202.2816943 3.845947e-11 
203.6393466 2.775803e-11 
202.2817823 3.259384e-11 
204.9969643 2.113653e-11 
109.9624711 1.159808e-10 
112.6776985 1.418467e-09 
112.6778515 1.138687e-09 
115.3930823 3.38108e-11 
118.1083163 5.421487e-10 
118.1084495 7.503949e-10 
120.8236839 1.664749e-10 
123.5389252 1.613449e-10 
123.5390407 1.183495e-10 
126.2542771 2.686712e-10 
128.9695237 4.520726e-10 
128.9696276 5.82777e-10 
131.6848655 7.312162e-10 
134.40011 8.771023e-10 
134.4002137 2.890965e-09 
137.1154502 1.438867e-09 
139.8306834 8.98768e-10 
139.8307968 4.094167e-09 
142.5460259 1.761217e-09 
145.2612517 4.144686e-10 
145.2613674 2.903345e-09 
147.9765927 1.377761e-09 
150.6918103 2.760985e-10 
150.6919238 8.818402e-10 
153.4071444 4.159138e-10 
156.1223623 1.872023e-10 
156.122463 3.795488e-11 
158.8376822 1.661124e-10 
161.5529071 4.686261e-11 
161.5529872 3.084035e-11 
164.2682111 8.347155e-11 
166.983433 3.889311e-11 
166.9835083 4.895948e-11 
169.6987222 2.32101e-10 
172.4139483 8.299323e-10 
172.414018 1.16965e-09 
175.1292337 7.450861e-10 
177.8444535 2.085047e-10 
177.8445331 2.467021e-09 
180.5597403 2.816132e-09 
183.2749615 4.001923e-10 
183.2750401 3.368917e-09 
185.9902588 2.900273e-09 
188.7054525 3.663216e-10 
188.7055542 2.353188e-09 
191.4207556 1.318944e-09 
194.1359525 1.803879e-10 
194.1360478 5.657388e-10 
196.8512501 3.920039e-10 
199.5664474 6.622841e-11 
199.5665387 1.404686e-10 
202.2817379 1.010051e-11 
204.996916 7.242795e-11 
204.9970107 2.451745e-11 
108.604662 1.657152e-09 
109.9623879 1.743846e-09 
108.6048297 1.579805e-10 
109.962548 1.101726e-09 
111.3200593 8.079459e-10 
111.3202095 1.698718e-09 
114.0352851 1.214393e-09 
112.677778 4.957274e-11 
114.0354397 3.265297e-10 
115.3930081 9.638716e-10 
115.3931518 1.040488e-09 
116.7506713 2.380503e-10 
118.1083842 7.645406e-11 
116.7508088 1.092742e-09 
119.4659048 5.601796e-10 
119.4660374 3.017912e-10 
120.823622 2.167373e-10 
122.1812755 2.288258e-10 
120.8237457 3.67543e-10 
122.1813989 2.689579e-10 
123.5389814 2.142385e-10 
124.8965193 3.866172e-11 
126.2542257 3.172914e-10 
124.8966279 1.266837e-10 
126.2543346 1.243921e-10 
127.6118725 3.62483e-10 
127.6119855 2.286042e-10 
130.3271161 1.202883e-09 
128.9695715 4.366917e-10 
130.3272164 1.059695e-09 
131.6848186 6.693437e-10 
131.6849206 1.614487e-09 
133.0424577 1.914513e-10 
134.4001588 1.13359e-09 
133.0425709 1.463261e-09 
135.7576988 2.594897e-09 
135.7578001 2.854627e-09 
137.1153978 9.392343e-10 
138.4730375 7.723657e-11 
137.1155064 3.908225e-09 
138.4731493 2.225036e-09 
139.8307391 1.551563e-09 
141.188271 3.085794e-09 
142.5459682 6.272432e-10 
141.1883813 3.982871e-09 
142.5460838 3.595331e-09 
143.9036099 2.304461e-10 
143.9037212 1.715337e-09 
146.6188308 1.586187e-09 
145.2613107 1.697193e-09 
146.6189511 2.388235e-09 
147.9765323 5.038315e-10 
147.9766477 1.893741e-09 
149.3341678 4.976927e-10 
150.6918704 9.081424e-10 
149.3342779 3.84749e-10 
152.0493919 4.172273e-10 
152.049501 9.510159e-10 
153.4070871 1.957234e-10 
154.7647226 2.922078e-10 
153.4071952 2.509428e-10 
154.7648157 1.399543e-10 
156.1224152 3.107982e-10 
157.4799427 6.416355e-11 
158.8376352 5.755819e-11 
157.4800418 1.058921e-10 
158.837727 3.962408e-11 
160.1952606 3.562095e-11 
160.1953459 5.366605e-11 
162.9104868 3.932304e-11 
161.5529469 3.107953e-11 
162.910565 2.27079e-11 
164.2681745 2.963142e-11 
164.2682473 3.017488e-11 
165.6257887 6.279887e-11 
166.9834701 1.090904e-10 
165.6258666 6.126425e-11 
168.3410117 2.975615e-10 
168.3410801 1.776639e-10 
169.6986886 3.708048e-10 
171.0562994 2.589274e-10 
169.6987649 5.814549e-10 
171.0563803 5.521255e-10 
172.4139758 2.779379e-10 
173.7715322 1.092427e-09 
175.1292045 4.255545e-10 
173.7715886 1.074935e-09 
175.1292751 1.279539e-09 
176.4868132 4.437444e-10 
176.4868933 7.403878e-10 
179.2020262 2.449985e-09 
177.8444877 2.216323e-09 
179.2021046 4.381754e-09 
180.559706 5.66695e-10 
180.5597854 4.072194e-09 
181.9173126 4.825044e-10 
183.2750002 2.61436e-09 
181.9174051 1.659282e-09 
184.6325294 1.186801e-09 
184.6326132 3.493787e-09 
185.9902085 1.726279e-10 
187.3478211 1.117236e-09 
185.9903005 2.605382e-09 
187.347911 5.329004e-10 
188.7055076 2.458483e-09 
190.0630203 1.371635e-09 
191.4207025 2.808891e-10 
190.0631181 2.854109e-09 
191.4207999 1.304449e-09 
192.7783216 3.265942e-10 
192.7784041 3.879433e-10 
195.4935149 4.114781e-10 
194.1360054 7.136511e-10 
195.4936164 5.234333e-10 
196.8511996 1.217826e-10 
196.8512957 3.04278e-10 
198.2088106 7.301403e-11 
199.5664925 9.152238e-11 
198.2089025 6.17943e-11 
200.9240148 9.31926e-11 
200.924099 1.111891e-10 
202.2816943 3.892617e-11 
203.6393058 2.160705e-11 
202.2817823 3.252495e-11 
203.6393913 3.004369e-11 
204.9969642 2.115241e-11 
108.6047493 1.161519e-09 
108.6049066 1.89217e-09 
111.3199743 1.472582e-09 
111.3201362 2.386544e-10 
114.0353666 4.504407e-10 
114.0355103 1.419463e-09 
116.7505951 9.233534e-10 
116.7507401 3.766587e-10 
119.4659741 1.861211e-10 
119.4661048 6.867455e-10 
122.1812136 1.546686e-10 
122.181333 1.60722e-10 
124.8965753 3.190171e-10 
124.8966922 5.518681e-11 
127.6118202 3.84805e-10 
127.6119226 4.263684e-10 
130.3271664 2.644804e-10 
130.3272788 7.987812e-10 
133.0424085 2.062553e-09 
133.0425088 1.851662e-09 
135.7577479 1.407047e-10 
135.757861 1.913194e-09 
138.4729866 3.059952e-09 
138.473091 3.75861e-09 
141.1883255 1.782021e-10 
141.1884362 2.234754e-09 
143.9035518 2.487137e-09 
143.9036688 3.420026e-09 
146.61889 3.452338e-10 
146.6190024 9.926644e-10 
149.3341108 6.895987e-10 
149.3342277 1.603924e-09 
152.0494458 3.081168e-10 
152.0495481 1.816228e-10 
154.7646697 2.711426e-10 
154.7647731 3.15198e-10 
157.479994 1.87439e-10 
157.4800823 1.042512e-10 
160.195215 1.317433e-10 
160.1953049 3.716891e-11 
162.9105264 6.541582e-11 
162.9106061 3.257771e-11 
165.6257516 1.826478e-11 
165.6258249 2.848001e-11 
168.341044 8.311804e-11 
168.3411263 1.408534e-10 
171.0562741 1.040859e-09 
171.0563315 6.158141e-10 
173.7715593 4.071782e-10 
173.7716333 8.023022e-10 
176.4867789 1.262053e-09 
176.4868501 2.515383e-09 
179.20206 3.986545e-10 
179.2021534 1.403893e-09 
181.9172802 2.299341e-09 
181.917356 3.975898e-09 
184.6325697 8.582681e-10 
184.6326567 7.238077e-10 
187.3477731 1.33677e-09 
187.3478688 3.903807e-09 
190.0630708 6.228093e-10 
190.063159 6.93372e-10 
192.7782683 7.627907e-10 
192.7783681 1.165891e-09 
195.4935674 2.431611e-10 
195.4936541 2.170809e-10 
198.2087649 2.020616e-10 
198.2088578 3.010467e-10 
200.9240574 2.987266e-12 
200.9241455 1.580341e-11 
203.6392596 5.79063e-11 
203.6393466 2.722373e-11 
108.6046621 1.64071e-09 
109.9624711 1.121091e-10 
108.6048297 1.636012e-10 
111.3200593 7.874146e-10 
111.3202094 1.69561e-09 
114.0352851 1.197937e-09 
112.6776984 1.399574e-09 
114.0354398 3.346113e-10 
112.6778515 1.139543e-09 
115.3930823 3.384972e-11 
118.1083162 5.250859e-10 
116.7506713 2.257191e-10 
118.1084495 7.506356e-10 
116.7508088 1.088875e-09 
119.4659048 5.467071e-10 
119.4660374 3.087913e-10 
122.1812755 2.234523e-10 
120.8236839 1.650347e-10 
122.1813989 2.672861e-10 
123.5389251 1.617469e-10 
123.5390407 1.182102e-10 
124.8965193 3.997401e-11 
126.254277 2.648685e-10 
124.8966279 1.263595e-10 
127.6118725 3.645432e-10 
127.6119855 2.292723e-10 
130.3271161 1.2145e-09 
128.9695236 4.643413e-10 
130.3272164 1.053718e-09 
128.9696276 5.826242e-10 
131.6848655 7.199297e-10 
134.4001099 8.937647e-10 
133.0424577 1.891262e-10 
134.4002137 2.891997e-09 
133.0425709 1.46632e-09 
135.7576988 2.608859e-09 
135.7578001 2.840192e-09 
138.4730375 7.475652e-11 
137.1154501 1.421891e-09 
138.4731493 2.226328e-09 
139.8306834 9.152029e-10 
139.8307968 4.095684e-09 
141.188271 3.095846e-09 
142.5460258 1.755253e-09 
141.1883813 3.973595e-09 
143.9036099 2.325682e-10 
143.9037212 1.716007e-09 
146.6188308 1.593386e-09 
145.2612516 4.186434e-10 
146.6189511 2.387454e-09 
145.2613674 2.911652e-09 
147.9765926 1.37248e-09 
150.6918103 2.745275e-10 
149.3341678 4.944605e-10 
150.6919237 8.846883e-10 
149.3342779 3.846518e-10 
152.0493918 4.150655e-10 
152.049501 9.45305e-10 
154.7647226 2.983988e-10 
153.4071443 4.167495e-10 
154.7648157 1.385476e-10 
156.1223622 1.848174e-10 
156.122463 3.875226e-11 
157.4799427 6.53174e-11 
158.8376822 1.708881e-10 
157.4800419 1.084831e-10 
160.1952606 3.514686e-11 
160.1953459 5.497742e-11 
162.9104867 3.965162e-11 
161.5529071 4.589346e-11 
162.9105651 2.35379e-11 
161.5529872 3.217488e-11 
164.268211 8.120898e-11 
166.9834329 3.937074e-11 
165.6257888 5.975004e-11 
166.9835083 4.843788e-11 
165.6258666 6.246597e-11 
168.3410116 2.911832e-10 
168.3410801 1.762978e-10 
171.0562995 2.577914e-10 
169.6987222 2.288452e-10 
171.0563804 5.46393e-10 
172.4139483 8.314807e-10 
172.4140179 1.165826e-09 
173.7715322 1.082997e-09 
175.1292337 7.467594e-10 
173.7715886 1.072592e-09 
176.4868133 4.473714e-10 
176.4868933 7.346418e-10 
179.2020262 2.442319e-09 
177.8444534 2.086042e-10 
179.2021047 4.373914e-09 
177.8445331 2.465177e-09 
180.5597402 2.80796e-09 
183.2749615 4.004838e-10 
181.9173126 4.771583e-10 
183.2750401 3.364948e-09 
181.9174051 1.655105e-09 
184.6325294 1.186102e-09 
184.6326133 3.478247e-09 
187.3478212 1.108107e-09 
185.9902588 2.88306e-09 
187.347911 5.310921e-10 
188.7054525 3.674204e-10 
188.7055542 2.347617e-09 
190.0630203 1.372709e-09 
191.4207556 1.310314e-09 
190.0631181 2.840538e-09 
192.7783216 3.238813e-10 
192.7784041 3.87014e-10 
195.4935149 4.139192e-10 
194.1359525 1.798129e-10 
195.4936164 5.198316e-10 
194.1360477 5.644689e-10 
196.8512501 3.883693e-10 
199.5664474 6.72436e-11 
198.2088106 7.151397e-11 
199.5665387 1.400328e-10 
198.2089025 6.185195e-11 
200.9240148 9.284156e-11 
200.924099 1.095677e-10 
203.6393058 2.204059e-11 
202.2817379 9.802467e-12 
203.6393913 2.979958e-11 
204.996916 7.185494e-11 
204.9970106 2.372849e-11 
109.9623879 1.717747e-09 
109.962548 1.112178e-09 
112.677778 4.663248e-11 
115.393008 9.444287e-10 
115.3931517 1.049951e-09 
118.1083842 7.722936e-11 
120.823622 2.100032e-10 
120.8237457 3.718483e-10 
123.5389814 2.122667e-10 
126.2542256 3.239291e-10 
126.2543346 1.202079e-10 
128.9695714 4.300302e-10 
131.6848186 6.793423e-10 
131.6849205 1.605316e-09 
134.4001587 1.117899e-09 
137.1153977 9.452947e-10 
137.1155063 3.892941e-09 
139.830739 1.542433e-09 
142.5459681 6.258087e-10 
142.5460837 3.586282e-09 
145.2613106 1.699212e-09 
147.9765322 4.968519e-10 
147.9766477 1.890417e-09 
150.6918703 9.071909e-10 
153.407087 1.937068e-10 
153.4071952 2.468683e-10 
156.1224151 3.179772e-10 
158.8376352 5.952197e-11 
158.837727 4.086883e-11 
161.5529469 3.188755e-11 
164.2681744 2.693238e-11 
164.2682473 3.082079e-11 
166.9834701 1.067714e-10 
169.6986886 3.656064e-10 
169.6987649 5.73908e-10 
172.4139758 2.777423e-10 
175.1292046 4.234233e-10 
175.1292751 1.268863e-09 
177.8444877 2.215802e-09 
180.559706 5.645805e-10 
180.5597854 4.058972e-09 
183.2750002 2.602676e-09 
185.9902085 1.714701e-10 
185.9903005 2.593776e-09 
188.7055076 2.44635e-09 
191.4207025 2.790466e-10 
191.4207998 1.298876e-09 
194.1360054 7.100806e-10 
196.8511996 1.206498e-10 
196.8512956 3.033809e-10 
199.5664925 9.024204e-11 
202.2816943 3.855026e-11 
202.2817823 3.204263e-11 
204.9969642 2.126491e-11 
